From: Warren Kuhfeld <Warren.Kuhfeld@sas.com>
        "'DAANDERSON@aol.com'" <DAANDERSON@aol.com>
Subject: RE: Difference schemes
Date: Fri, 12 Apr 2002 10:10:53 -0400

Don and Neil,
From the fax of the DeLanney dissertation page Don sent me,
here is a D(24, 24, 3).

1 1 2 2 1 1 2 2 2 2 0 0 2 2 0 0 0 0 1 1 0 0 1 1
1 1 2 2 1 1 2 2 0 0 2 2 0 0 2 2 1 1 0 0 1 1 0 0
2 2 1 1 2 2 1 1 2 2 0 0 2 2 0 0 1 1 0 0 1 1 0 0
2 2 1 1 2 2 1 1 0 0 2 2 0 0 2 2 0 0 1 1 0 0 1 1
1 1 2 2 2 2 1 1 0 0 1 1 1 1 0 0 2 2 0 0 0 0 2 2
1 1 2 2 2 2 1 1 1 1 0 0 0 0 1 1 0 0 2 2 2 2 0 0
2 2 1 1 1 1 2 2 0 0 1 1 1 1 0 0 0 0 2 2 2 2 0 0
2 2 1 1 1 1 2 2 1 1 0 0 0 0 1 1 2 2 0 0 0 0 2 2
2 0 2 0 0 1 0 1 2 0 2 0 0 1 0 1 2 0 2 0 0 1 0 1
2 0 2 0 0 1 0 1 0 2 0 2 1 0 1 0 0 2 0 2 1 0 1 0
0 2 0 2 1 0 1 0 2 0 2 0 1 0 1 0 2 0 2 0 1 0 1 0
0 2 0 2 1 0 1 0 0 2 0 2 0 1 0 1 0 2 0 2 0 1 0 1
2 0 2 0 1 0 1 0 0 1 0 1 2 0 2 0 1 0 1 0 0 2 0 2
2 0 2 0 1 0 1 0 1 0 1 0 0 2 0 2 0 1 0 1 2 0 2 0
0 2 0 2 0 1 0 1 0 1 0 1 0 2 0 2 1 0 1 0 2 0 2 0
0 2 0 2 0 1 0 1 1 0 1 0 2 0 2 0 0 1 0 1 0 2 0 2
0 1 1 0 2 0 0 2 2 0 0 2 0 1 1 0 0 1 1 0 2 0 0 2
0 1 1 0 2 0 0 2 0 2 2 0 1 0 0 1 1 0 0 1 0 2 2 0
1 0 0 1 0 2 2 0 2 0 0 2 1 0 0 1 1 0 0 1 2 0 0 2
1 0 0 1 0 2 2 0 0 2 2 0 0 1 1 0 0 1 1 0 0 2 2 0
0 1 1 0 0 2 2 0 0 1 1 0 2 0 0 2 0 2 2 0 1 0 0 1
0 1 1 0 0 2 2 0 1 0 0 1 0 2 2 0 2 0 0 2 0 1 1 0
1 0 0 1 2 0 0 2 0 1 1 0 0 2 2 0 2 0 0 2 1 0 0 1
1 0 0 1 2 0 0 2 1 0 0 1 2 0 0 2 0 2 2 0 0 1 1 0

