0 0 0 0 0 0 0 0 0 0 0 0
1 0 0 1 0 1 0 1 0 0 1 1
0 1 0 0 1 1 1 1 0 0 0 1
1 1 0 0 1 0 0 1 1 0 1 0
0 0 0 0 0 0 0 0 0 1 2 2
1 0 0 1 0 1 0 1 0 1 3 3
0 1 0 0 1 1 1 1 0 1 2 3
1 1 0 0 1 0 0 1 1 1 3 2
0 0 0 0 0 0 0 0 0 2 4 4
1 0 0 1 0 1 0 1 0 2 5 5
0 1 0 0 1 1 1 1 0 2 4 5
1 1 0 0 1 0 0 1 1 2 5 4
0 1 1 1 0 1 0 1 1 1 0 4
0 0 1 0 1 1 0 0 1 1 1 5
1 0 1 0 0 0 1 1 1 1 0 5
1 1 1 0 0 1 1 0 0 1 1 4
0 1 1 1 0 1 0 1 1 2 2 0
0 0 1 0 1 1 0 0 1 2 3 1
1 0 1 0 0 0 1 1 1 2 2 1
1 1 1 0 0 1 1 0 0 2 3 0
0 1 1 1 0 1 0 1 1 0 4 2
0 0 1 0 1 1 0 0 1 0 5 3
1 0 1 0 0 0 1 1 1 0 4 3
1 1 1 0 0 1 1 0 0 0 5 2
1 0 0 1 1 1 1 0 1 2 0 2
0 1 0 1 0 0 1 0 1 2 1 3
1 1 1 1 1 0 0 0 0 2 0 3
0 0 1 1 1 0 1 1 0 2 1 2
1 0 0 1 1 1 1 0 1 0 2 4
0 1 0 1 0 0 1 0 1 0 3 5
1 1 1 1 1 0 0 0 0 0 2 5
0 0 1 1 1 0 1 1 0 0 3 4
1 0 0 1 1 1 1 0 1 1 4 0
0 1 0 1 0 0 1 0 1 1 5 1
1 1 1 1 1 0 0 0 0 1 4 1
0 0 1 1 1 0 1 1 0 1 5 0


Professor J. Stufken
Department of Statistics      email: jstufken@iastate.edu
Iowa State University         Phone: (515) 294-7806
Ames, Iowa 50011              Fax:   (515) 294-4040

URL: http://www.public.iastate.edu/~jstufken/


