00010001011111101000100000111001010010100111000100100110000001100100100111011101001011101110
00001000101111110100010000011100101001010011101010010011000000110010000011101110100101110111
00000100010111111010001000001110010100101001110101001001100000011001010001110111010010111011
10000010001011111101000100000111001010010100110010100100110000001100111000111011101001011101
01000001000101111110100110000011100101001010011001010010011000000110011100011101110100101110
00100000100010111111010111000001110010100101000100101001001100000011001110001110111010010111
00010000010001011111101011100000111001010010100010010100100110000001110111000111011101001011
10001000001000101111110001110000011100101001011001001010010011000000111011100011101110100101
01000100000100010111111100111000001110010100101100100101001001100000011101110001110111010010
10100010000010001011111010011100000111001010010110010010100100110000001110111000111011101001
11010001000001000101111101001110000011100101000011001001010010011000010111011100011101110100
11101000100000100010111010100111000001110010100001100100101001001100001011101110001110111010
11110100010000010001011001010011100000111001010000110010010100100110000101110111000111011101
11111010001000001000101100101001110000011100100000011001001010010011010010111011100011101110
11111101000100000100010010010100111000001110010000001100100101001001101001011101110001110111
01111110100010000010001101001010011100000111001000000110010010100100110100101110111000111011
10111111010001000001000010100101001110000011101100000011001001010010011010010111011100011101
01011111101000100000100001010010100111000001110110000001100100101001011101001011101110001110
00101111110100010000010100101001010011100000110011000000110010010100101110100101110111000111
00010111111010001000001110010100101001110000011001100000011001001010010111010010111011100011
10001011111101000100000111001010010100111000000100110000001100100101011011101001011101110001
01000101111110100010000011100101001010011100000010011000000110010010111101110100101110111000
00100010111111010001000001110010100101001110001001001100000011001001001110111010010111011100
11100011010110101100011000100010111111010001001100010001011010001000101001001100000011001001
11110001101011010110001000010001011111101000101110001000101101000100010100100110000001100100
11111000110101101011000000001000101111110100010111000100010110100010001010010011000000110010
01111100011010110101100100000100010111111010000011100010001011010001000101001001100000011001
00111110001101011010110010000010001011111101000001110001000101101000110010100100110000001100
00011111000110101101011001000001000101111110101000111000100010110100001001010010011000000110
10001111100011010110101000100000100010111111010100011100010001011010000100101001001100000011
11000111110001101011010100010000010001011111100010001110001000101101010010010100100110000001
01100011111000110101101010001000001000101111110001000111000100010110111001001010010011000000
10110001111100011010110101000100000100010111111000100011100010001011001100100101001001100000
01011000111110001101011110100010000010001011110100010001110001000101100110010010100100110000
10101100011111000110101111010001000001000101111010001000111000100010100011001001010010011000
11010110001111100011010111101000100000100010111101000100011100010001000001100100101001001100
01101011000111110001101111110100010000010001010110100010001110001000100000110010010100100110
10110101100011111000110111111010001000001000101011010001000111000100000000011001001010010011
01011010110001111100011011111101000100000100010101101000100011100010010000001100100101001001
10101101011000111110001101111110100010000010000010110100010001110001011000000110010010100100
11010110101100011111000010111111010001000001000001011010001000111000101100000011001001010010
01101011010110001111100001011111101000100000101000101101000100011100000110000001100100101001
00110101101011000111110000101111110100010000010100010110100010001110010011000000110010010100
00011010110101100011111100010111111010001000000010001011010001000111001001100000011001001010
10001101011010110001111010001011111101000100000001000101101000100011100100110000001100100101
11000110101101011000111001000101111110100010001000100010110100010001110010011000000110010010
10110110011111100110110001110111010010111011100001000101111110100010011100011010110101100011
01011011001111110011011000111011101001011101110000100010111111010001011110001101011010110001
10101101100111111001101100011101110100101110110000010001011111101000111111000110101101011000
11010110110011111100110110001110111010010111011000001000101111110100001111100011010110101100
01101011011001111110011111000111011101001011100100000100010111111010000111110001101011010110
10110101101100111111001011100011101110100101110010000010001011111101000011111000110101101011
11011010110110011111100101110001110111010010110001000001000101111110110001111100011010110101
01101101011011001111110110111000111011101001011000100000100010111111011000111110001101011010
00110110101101100111111111011100011101110100100100010000010001011111101100011111000110101101
10011011010110110011111011101110001110111010011010001000001000101111110110001111100011010110
11001101101011011001111101110111000111011101001101000100000100010111101011000111110001101011
11100110110101101100111010111011100011101110101110100010000010001011110101100011111000110101
11110011011010110110011001011101110001110111011111010001000001000101111010110001111100011010
11111001101101011011001100101110111000111011101111101000100000100010101101011000111110001101
11111100110110101101100010010111011100011101111111110100010000010001010110101100011111000110
01111110011011010110110101001011101110001110110111111010001000001000101011010110001111100011
00111111001101101011011110100101110111000111011011111101000100000100010101101011000111110001
10011111100110110101101111010010111011100011100101111110100010000010011010110101100011111000
11001111110011011010110011101001011101110001110010111111010001000001001101011010110001111100
01100111111001101101011101110100101110111000110001011111101000100000100110101101011000111110
10110011111100110110101110111010010111011100011000101111110100010000000011010110101100011111
11011001111110011011010111011101001011101110000100010111111010001000010001101011010110001111
01101100111111001101101011101110100101110111000010001011111101000100011000110101101011000111
11000100010110100010001101101100111111001101100001110010100101001110000010001011111101000100
11100010001011010001000010110110011111100110110000111001010010100111000001000101111110100010
01110001000101101000100101011011001111110011010000011100101001010011100000100010111111010001
00111000100010110100010110101101100111111001101000001110010100101001110000010001011111101000
00011100010001011010001011010110110011111100111100000111001010010100101000001000101111110100
10001110001000101101000101101011011001111110011110000011100101001010000100000100010111111010
01000111000100010110100110110101101100111111000111000001110010100101000010000010001011111101
00100011100010001011010011011010110110011111100011100000111001010010110001000001000101111110
00010001110001000101101001101101011011001111111001110000011100101001001000100000100010111111
10001000111000100010110100110110101101100111110100111000001110010100110100010000010001011111
01000100011100010001011110011011010110110011111010011100000111001010011010001000001000101111
10100010001110001000101111001101101011011001110101001110000011100101011101000100000100010111
11010001000111000100010111100110110101101100110010100111000001110010111110100010000010001011
01101000100011100010001111110011011010110110011001010011100000111001011111010001000001000101
10110100010001110001000111111001101101011011000100101001110000011100111111101000100000100010
01011010001000111000100011111100110110101101101010010100111000001110001111110100010000010001
00101101000100011100010001111110011011010110110101001010011100000111010111111010001000001000
00010110100010001110001100111111001101101011010010100101001110000011101011111101000100000100
10001011010001000111000110011111100110110101101001010010100111000001100101111110100010000010
01000101101000100011100011001111110011011010111100101001010011100000100010111111010001000001
00100010110100010001110101100111111001101101011110010100101001110000010001011111101000100000
00010001011010001000111110110011111100110110100111001010010100111000001000101111110100010000
10001000101101000100011011011001111110011011010011100101001010011100000100010111111010001000
11101110100000010111011111000110101101011000111011011001111110011011011000100010110100010001
11110111010000001011101111100011010110101100010101101100111111001101111100010001011010001000
11111011101000000101110111110001101011010110001010110110011111100110101110001000101101000100
01111101110100000010111011111000110101101011001101011011001111110011000111000100010110100010
10111110111010000001011001111100011010110101100110101101100111111001100011100010001011010001
11011111011101000000101000111110001101011010111011010110110011111100110001110001000101101000
11101111101110100000010100011111000110101101011101101011011001111110001000111000100010110100
01110111110111010000001110001111100011010110100110110101101100111111000100011100010001011010
10111011111011101000000011000111110001101011010011011010110110011111100010001110001000101101
01011101111101110100000101100011111000110101101001101101011011001111110001000111000100010110
00101110111110111010000010110001111100011010111100110110101101100111101000100011100010001011
00010111011111011101000101011000111110001101011110011011010110110011110100010001110001000101
00001011101111101110100110101100011111000110101111001101101011011001111010001000111000100010
00000101110111110111010011010110001111100011011111100110110101101100101101000100011100010001
00000010111011111011101101101011000111110001101111110011011010110110010110100010001110001000
10000001011101111101110010110101100011111000110111111001101101011011001011010001000111000100
01000000101110111110111101011010110001111100010011111100110110101101100101101000100011100010
10100000010111011111011110101101011000111110001001111110011011010110100010110100010001110001
11010000001011101111101011010110101100011111001100111111001101101011010001011010001000111000
11101000000101110111110001101011010110001111100110011111100110110101101000101101000100011100
01110100000010111011111000110101101011000111111011001111110011011010100100010110100010001110
10111010000001011101111100011010110101100011111101100111111001101101000010001011010001000111
11011101000000101110111110001101011010110001110110110011111100110110110001000101101000100011
00011100101001010011100111011101000000101110110011101110100101110111010110110011111100110110
00001110010100101001110111101110100000010111010001110111010010111011101011011001111110011011
00000111001010010100111111110111010000001011101000111011101001011101110101101100111111001101
10000011100101001010011011111011101000000101111100011101110100101110111010110110011111100110
11000001110010100101001101111101110100000010111110001110111010010111001101011011001111110011
11100000111001010010100110111110111010000001010111000111011101001011110110101101100111111001
01110000011100101001010111011111011101000000101011100011101110100101111011010110110011111100
00111000001110010100101011101111101110100000011101110001110111010010101101101011011001111110
10011100000111001010010101110111110111010000001110111000111011101001000110110101101100111111
01001110000011100101001010111011111011101000000111011100011101110100110011011010110110011111
10100111000001110010100001011101111101110100001011101110001110111010011001101101011011001111
01010011100000111001010000101110111110111010000101110111000111011101011100110110101101100111
00101001110000011100101000010111011111011101000010111011100011101110111110011011010110110011
10010100111000001110010000001011101111101110101001011101110001110111011111001101101011011001
01001010011100000111001000000101110111110111010100101110111000111011111111100110110101101100
10100101001110000011100100000010111011111011101010010111011100011101101111110011011010110110
01010010100111000001110010000001011101111101111101001011101110001110100111111001101101011011
00101001010011100000111101000000101110111110111110100101110111000111010011111100110110101101
10010100101001110000011110100000010111011111010111010010111011100011111001111110011011010110
11001010010100111000001111010000001011101111101011101001011101110001101100111111001101101011
11100101001010011100000011101000000101110111111101110100101110111000110110011111100110110101
01110010100101001110000101110100000010111011111110111010010111011100011011001111110011011010
00111001010010100111000110111010000001011101110111011101001011101110001101100111111001101101
01001001100000011001001110001000101101000100011110111010000001011101100011100101001010011100
10100100110000001100100111000100010110100010001111011101000000101110100001110010100101001110
01010010011000000110010011100010001011010001001111101110100000010111000000111001010010100111
00101001001100000011001001110001000101101000100111110111010000001011110000011100101001010011
10010100100110000001100000111000100010110100011011111011101000000101111000001110010100101001
01001010010011000000110100011100010001011010001101111101110100000010111100000111001010010100
00100101001001100000011010001110001000101101001110111110111010000001001110000011100101001010
10010010100100110000001001000111000100010110100111011111011101000000100111000001110010100101
11001001010010011000000000100011100010001011011011101111101110100000010011100000111001010010
01100100101001001100000100010001110001000101100101110111110111010000001001110000011100101001
00110010010100100110000010001000111000100010110010111011111011101000010100111000001110010100
00011001001010010011000101000100011100010001010001011101111101110100001010011100000111001010
00001100100101001001100110100010001110001000100000101110111110111010000101001110000011100101
00000110010010100100110011010001000111000100010000010111011111011101010010100111000001110010
00000011001001010010011101101000100011100010000000001011101111101110101001010011100000111001
10000001100100101001001010110100010001110001001000000101110111110111010100101001110000011100
11000000110010010100100001011010001000111000100100000010111011111011101010010100111000001110
01100000011001001010010000101101000100011100011010000001011101111101100101001010011100000111
00110000001100100101001100010110100010001110001101000000101110111110110010100101001110000011
10011000000110010010100010001011010001000111001110100000010111011111011001010010100111000001
01001100000011001001010001000101101000100011100111010000001011101111111100101001010011100000
00100110000001100100101000100010110100010001111011101000000101110111101110010100101001110000
10010011000000110010010100010001011010001000111101110100000010111011100111001010010100111000
00111011101001011101110010010011000000110010011110001101011010110001111101110100000010111011
00011101110100101110111101001001100000011001001111000110101101011000111110111010000001011101
10001110111010010111011010100100110000001100101111100011010110101100011111011101000000101110
11000111011101001011101001010010011000000110010111110001101011010110001111101110100000010111
11100011101110100101110100101001001100000011000011111000110101101011010111110111010000001011
01110001110111010010111010010100100110000001100001111100011010110101111011111011101000000101
10111000111011101001011001001010010011000000111000111110001101011010111101111101110100000010
11011100011101110100101100100101001001100000011100011111000110101101001110111110111010000001
11101110001110111010010110010010100100110000000110001111100011010110110111011111011101000000
01110111000111011101001011001001010010011000001011000111110001101011001011101111101110100000
10111011100011101110100001100100101001001100000101100011111000110101100101110111110111010000
01011101110001110111010000110010010100100110001010110001111100011010100010111011111011101000
00101110111000111011101000011001001010010011001101011000111110001101000001011101111101110100
10010111011100011101110000001100100101001001100110101100011111000110100000101110111110111010
01001011101110001110111000000110010010100100111011010110001111100011000000010111011111011101
10100101110111000111011100000011001001010010010101101011000111110001110000001011101111101110
11010010111011100011101110000001100100101001001010110101100011111000101000000101110111110111
11101001011101110001110011000000110010010100101101011010110001111100010100000010111011111011
01110100101110111000111001100000011001001010010110101101011000111110011010000001011101111101
10111010010111011100011100110000001100100101000011010110101100011111011101000000101110111110
11011101001011101110001010011000000110010010100001101011010110001111101110100000010111011111
11101110100101110111000001001100000011001001011000110101101011000111110111010000001011101111
01110111010010111011100100100110000001100100101100011010110101100011111011101000000101110111
