011111111111111111111111111111111111111111111111111111111111111111111111111111111111
001011001011110001100010101111111010011101100100011010000000101011100111000010110010
000101100101111000110001010111111101001110110010001101000000010101110011100001011001
010010110010111100011000101011111110100111011001000110100000001010111001110000101100
001001011001011110001100010101111111010011101100100011010000000101011100111000010110
000100101100101111000110001010111111101001110110010001101000000010101110011100001011
010010010110010111100011000101011111110100111011001000110100000001010111001110000101
011001001011001011110001100010101111111010011101100100011010000000101011100111000010
001100100101100101111000110001010111111101001110110010001101000000010101110011100001
010110010010110010111100011000101011111110100111011001000110100000001010111001110000
001011001001011001011110001100010101111111010011101100100011010000000101011100111000
000101100100101100101111000110001010111111101001110110010001101000000010101110011100
000010110010010110010111100011000101011111110100111011001000110100000001010111001110
000001011001001011001011110001100010101111111010011101100100011010000000101011100111
010000101100100101100101111000110001010111111101001110110010001101000000010101110011
011000010110010010110010111100011000101011111110100111011001000110100000001010111001
011100001011001001011001011110001100010101111111010011101100100011010000000101011100
001110000101100100101100101111000110001010111111101001110110010001101000000010101110
000111000010110010010110010111100011000101011111110100111011001000110100000001010111
010011100001011001001011001011110001100010101111111010011101100100011010000000101011
011001110000101100100101100101111000110001010111111101001110110010001101000000010101
011100111000010110010010110010111100011000101011111110100111011001000110100000001010
001110011100001011001001011001011110001100010101111111010011101100100011010000000101
010111001110000101100100101100101111000110001010111111101001110110010001101000000010
001011100111000010110010010110010111100011000101011111110100111011001000110100000001
010101110011100001011001001011001011110001100010101111111010011101100100011010000000
001010111001110000101100100101100101111000110001010111111101001110110010001101000000
000101011100111000010110010010110010111100011000101011111110100111011001000110100000
000010101110011100001011001001011001011110001100010101111111010011101100100011010000
000001010111001110000101100100101100101111000110001010111111101001110110010001101000
000000101011100111000010110010010110010111100011000101011111110100111011001000110100
000000010101110011100001011001001011001011110001100010101111111010011101100100011010
000000001010111001110000101100100101100101111000110001010111111101001110110010001101
010000000101011100111000010110010010110010111100011000101011111110100111011001000110
001000000010101110011100001011001001011001011110001100010101111111010011101100100011
010100000001010111001110000101100100101100101111000110001010111111101001110110010001
011010000000101011100111000010110010010110010111100011000101011111110100111011001000
001101000000010101110011100001011001001011001011110001100010101111111010011101100100
000110100000001010111001110000101100100101100101111000110001010111111101001110110010
000011010000000101011100111000010110010010110010111100011000101011111110100111011001
010001101000000010101110011100001011001001011001011110001100010101111111010011101100
001000110100000001010111001110000101100100101100101111000110001010111111101001110110
000100011010000000101011100111000010110010010110010111100011000101011111110100111011
010010001101000000010101110011100001011001001011001011110001100010101111111010011101
011001000110100000001010111001110000101100100101100101111000110001010111111101001110
001100100011010000000101011100111000010110010010110010111100011000101011111110100111
010110010001101000000010101110011100001011001001011001011110001100010101111111010011
011011001000110100000001010111001110000101100100101100101111000110001010111111101001
011101100100011010000000101011100111000010110010010110010111100011000101011111110100
001110110010001101000000010101110011100001011001001011001011110001100010101111111010
000111011001000110100000001010111001110000101100100101100101111000110001010111111101
010011101100100011010000000101011100111000010110010010110010111100011000101011111110
001001110110010001101000000010101110011100001011001001011001011110001100010101111111
010100111011001000110100000001010111001110000101100100101100101111000110001010111111
011010011101100100011010000000101011100111000010110010010110010111100011000101011111
011101001110110010001101000000010101110011100001011001001011001011110001100010101111
011110100111011001000110100000001010111001110000101100100101100101111000110001010111
011111010011101100100011010000000101011100111000010110010010110010111100011000101011
011111101001110110010001101000000010101110011100001011001001011001011110001100010101
011111110100111011001000110100000001010111001110000101100100101100101111000110001010
001111111010011101100100011010000000101011100111000010110010010110010111100011000101
010111111101001110110010001101000000010101110011100001011001001011001011110001100010
001011111110100111011001000110100000001010111001110000101100100101100101111000110001
010101111111010011101100100011010000000101011100111000010110010010110010111100011000
001010111111101001110110010001101000000010101110011100001011001001011001011110001100
000101011111110100111011001000110100000001010111001110000101100100101100101111000110
000010101111111010011101100100011010000000101011100111000010110010010110010111100011
010001010111111101001110110010001101000000010101110011100001011001001011001011110001
011000101011111110100111011001000110100000001010111001110000101100100101100101111000
001100010101111111010011101100100011010000000101011100111000010110010010110010111100
000110001010111111101001110110010001101000000010101110011100001011001001011001011110
000011000101011111110100111011001000110100000001010111001110000101100100101100101111
010001100010101111111010011101100100011010000000101011100111000010110010010110010111
011000110001010111111101001110110010001101000000010101110011100001011001001011001011
011100011000101011111110100111011001000110100000001010111001110000101100100101100101
011110001100010101111111010011101100100011010000000101011100111000010110010010110010
001111000110001010111111101001110110010001101000000010101110011100001011001001011001
010111100011000101011111110100111011001000110100000001010111001110000101100100101100
001011110001100010101111111010011101100100011010000000101011100111000010110010010110
000101111000110001010111111101001110110010001101000000010101110011100001011001001011
010010111100011000101011111110100111011001000110100000001010111001110000101100100101
011001011110001100010101111111010011101100100011010000000101011100111000010110010010
001100101111000110001010111111101001110110010001101000000010101110011100001011001001
010110010111100011000101011111110100111011001000110100000001010111001110000101100100
100000000000000000000000000000000000000000000000000000000000000000000000000000000000
110100110100001110011101010000000101100010011011100101111111010100011000111101001101
111010011010000111001110101000000010110001001101110010111111101010001100011110100110
101101001101000011100111010100000001011000100110111001011111110101000110001111010011
110110100110100001110011101010000000101100010011011100101111111010100011000111101001
111011010011010000111001110101000000010110001001101110010111111101010001100011110100
101101101001101000011100111010100000001011000100110111001011111110101000110001111010
100110110100110100001110011101010000000101100010011011100101111111010100011000111101
110011011010011010000111001110101000000010110001001101110010111111101010001100011110
101001101101001101000011100111010100000001011000100110111001011111110101000110001111
110100110110100110100001110011101010000000101100010011011100101111111010100011000111
111010011011010011010000111001110101000000010110001001101110010111111101010001100011
111101001101101001101000011100111010100000001011000100110111001011111110101000110001
111110100110110100110100001110011101010000000101100010011011100101111111010100011000
101111010011011010011010000111001110101000000010110001001101110010111111101010001100
100111101001101101001101000011100111010100000001011000100110111001011111110101000110
100011110100110110100110100001110011101010000000101100010011011100101111111010100011
110001111010011011010011010000111001110101000000010110001001101110010111111101010001
111000111101001101101001101000011100111010100000001011000100110111001011111110101000
101100011110100110110100110100001110011101010000000101100010011011100101111111010100
100110001111010011011010011010000111001110101000000010110001001101110010111111101010
100011000111101001101101001101000011100111010100000001011000100110111001011111110101
110001100011110100110110100110100001110011101010000000101100010011011100101111111010
101000110001111010011011010011010000111001110101000000010110001001101110010111111101
110100011000111101001101101001101000011100111010100000001011000100110111001011111110
101010001100011110100110110100110100001110011101010000000101100010011011100101111111
110101000110001111010011011010011010000111001110101000000010110001001101110010111111
111010100011000111101001101101001101000011100111010100000001011000100110111001011111
111101010001100011110100110110100110100001110011101010000000101100010011011100101111
111110101000110001111010011011010011010000111001110101000000010110001001101110010111
111111010100011000111101001101101001101000011100111010100000001011000100110111001011
111111101010001100011110100110110100110100001110011101010000000101100010011011100101
111111110101000110001111010011011010011010000111001110101000000010110001001101110010
101111111010100011000111101001101101001101000011100111010100000001011000100110111001
110111111101010001100011110100110110100110100001110011101010000000101100010011011100
101011111110101000110001111010011011010011010000111001110101000000010110001001101110
100101111111010100011000111101001101101001101000011100111010100000001011000100110111
110010111111101010001100011110100110110100110100001110011101010000000101100010011011
111001011111110101000110001111010011011010011010000111001110101000000010110001001101
111100101111111010100011000111101001101101001101000011100111010100000001011000100110
101110010111111101010001100011110100110110100110100001110011101010000000101100010011
110111001011111110101000110001111010011011010011010000111001110101000000010110001001
111011100101111111010100011000111101001101101001101000011100111010100000001011000100
101101110010111111101010001100011110100110110100110100001110011101010000000101100010
100110111001011111110101000110001111010011011010011010000111001110101000000010110001
110011011100101111111010100011000111101001101101001101000011100111010100000001011000
101001101110010111111101010001100011110100110110100110100001110011101010000000101100
100100110111001011111110101000110001111010011011010011010000111001110101000000010110
100010011011100101111111010100011000111101001101101001101000011100111010100000001011
110001001101110010111111101010001100011110100110110100110100001110011101010000000101
111000100110111001011111110101000110001111010011011010011010000111001110101000000010
101100010011011100101111111010100011000111101001101101001101000011100111010100000001
110110001001101110010111111101010001100011110100110110100110100001110011101010000000
101011000100110111001011111110101000110001111010011011010011010000111001110101000000
100101100010011011100101111111010100011000111101001101101001101000011100111010100000
100010110001001101110010111111101010001100011110100110110100110100001110011101010000
100001011000100110111001011111110101000110001111010011011010011010000111001110101000
100000101100010011011100101111111010100011000111101001101101001101000011100111010100
100000010110001001101110010111111101010001100011110100110110100110100001110011101010
100000001011000100110111001011111110101000110001111010011011010011010000111001110101
110000000101100010011011100101111111010100011000111101001101101001101000011100111010
101000000010110001001101110010111111101010001100011110100110110100110100001110011101
110100000001011000100110111001011111110101000110001111010011011010011010000111001110
101010000000101100010011011100101111111010100011000111101001101101001101000011100111
110101000000010110001001101110010111111101010001100011110100110110100110100001110011
111010100000001011000100110111001011111110101000110001111010011011010011010000111001
111101010000000101100010011011100101111111010100011000111101001101101001101000011100
101110101000000010110001001101110010111111101010001100011110100110110100110100001110
100111010100000001011000100110111001011111110101000110001111010011011010011010000111
110011101010000000101100010011011100101111111010100011000111101001101101001101000011
111001110101000000010110001001101110010111111101010001100011110100110110100110100001
111100111010100000001011000100110111001011111110101000110001111010011011010011010000
101110011101010000000101100010011011100101111111010100011000111101001101101001101000
100111001110101000000010110001001101110010111111101010001100011110100110110100110100
100011100111010100000001011000100110111001011111110101000110001111010011011010011010
100001110011101010000000101100010011011100101111111010100011000111101001101101001101
110000111001110101000000010110001001101110010111111101010001100011110100110110100110
101000011100111010100000001011000100110111001011111110101000110001111010011011010011
110100001110011101010000000101100010011011100101111111010100011000111101001101101001
111010000111001110101000000010110001001101110010111111101010001100011110100110110100
101101000011100111010100000001011000100110111001011111110101000110001111010011011010
100110100001110011101010000000101100010011011100101111111010100011000111101001101101
110011010000111001110101000000010110001001101110010111111101010001100011110100110110
101001101000011100111010100000001011000100110111001011111110101000110001111010011011
