001000001011010000010001101010011001010110000010111011011101000011000011100111000011
000100000101101000001000110101001100101011000001011101101110100101100001110011100001
100010000010110100000100011010100110010101000000101110110111010110110000111001110000
010001000001011010000110001101010011001010000000010111011011101011011000011100111000
001000100000101101000011000110101001100101100000001011101101110001101100001110011100
000100010000010110100101100011010100110010010000000101110110111000110110000111001110
000010001000001011010010110001101010011001101000000010111011011000011011000011100111
000001000100000101101101011000110101001100110100000001011101101100001101100001110011
100000100010000010110010101100011010100110111010000000101110110110000110110000111001
010000010001000001011001010110001101010011011101000000010111011111000011011000011100
101000001000100000101100101011000110101001101110100000001011101011100001101100001110
110100000100010000010110010101100011010100110111010000000101110001110000110110000111
011010000010001000001011001010110001101010011011101000000010111100111000011011000011
101101000001000100000001100101011000110101101101110100000001011110011100001101100001
010110100000100010000100110010101100011010110110111010000000101111001110000110110000
001011010000010001000010011001010110001101111011011101000000010011100111000011011000
000101101000001000100101001100101011000110011101101110100000001001110011100001101100
000010110100000100010010100110010101100011101110110111010000000000111001110000110110
000001011010000010001101010011001010110001010111011011101000000000011100111000011011
100000101101000001000110101001100101011000001011101101110100000100001110011100001101
010000010110100000100011010100110010101100000101110110111010000110000111001110000110
110010101100110101001001000001011010000010100111100011000111100000010111011011101000
111001010110011010100000100000101101000001010011110001100011110000001011101101110100
011100101011001101010100010000010110100000001001111000110001111000000101110110111010
001110010101100110101010001000001011010000100100111100011000111000000010111011011101
100111001010110011010001000100000101101000110010011110001100011100000001011101101110
010011100101011001101000100010000010110100111001001111000110001010000000101110110111
101001110010101100110000010001000001011010111100100111100011000101000000010111011011
010100111001010110011000001000100000101101011110010011110001100110100000001011101101
101010011100101011001100000100010000010110001111001001111000110111010000000101110110
110101001110010101100010000010001000001011000111100100111100011011101000000010111011
011010100111001010110101000001000100000101100011110010011110001101110100000001011101
001101010011100101011110100000100010000010110001111001001111000110111010000000101110
100110101001110010101011010000010001000001011000111100100111100011011101000000010111
110011010100111001010101101000001000100000001100011110010011110101101110100000001011
011001101010011100101010110100000100010000000110001111001001111110110111010000000101
101100110101001110010001011010000010001000100011000111100100111111011011101000000010
010110011010100111001000101101000001000100110001100011110010011011101101110100000001
101011001101010011100000010110100000100010111000110001111001001101110110111010000000
010101100110101001110000001011010000010001111100011000111100100010111011011101000000
001010110011010100111100000101101000001000011110001100011110010001011101101110100000
100101011001101010011010000010110100000100001111000110001111001000101110110111010000
111101000100100010111011000011100111000011001000001011010000010110010101100110101001
111110100010010001011101100001110011100001000100000101101000001111001010110011010100
111111010001001000101110110000111001110000100010000010110100000011100101011001101010
111111101000100100010011011000011100111000010001000001011010000001110010101100110101
011111110100010010001001101100001110011100001000100000101101000100111001010110011010
101111111010001001000000110110000111001110000100010000010110100010011100101011001101
010111111101000100100000011011000011100111000010001000001011010101001110010101100110
001011111110100010010100001101100001110011000001000100000101101010100111001010110011
000101111111010001001110000110110000111001100000100010000010110101010011100101011001
100010111111101000100111000011011000011100010000010001000001011110101001110010101100
010001011111110100010011100001101100001110101000001000100000101011010100111001010110
001000101111111010001001110000110110000111110100000100010000010001101010011100101011
100100010111111101000100111000011011000011011010000010001000001100110101001110010101
010010001011111110100110011100001101100001101101000001000100000110011010100111001010
001001000101111111010111001110000110110000010110100000100010000011001101010011100101
000100100010111111101011100111000011011000001011010000010001000101100110101001110010
100010010001011111110001110011100001101100000101101000001000100010110011010100111001
010001001000101111111000111001110000110110000010110100000100010101011001101010011100
101000100100010111111000011100111000011011000001011010000010001010101100110101001110
110100010010001011111100001110011100001101100000101101000001000001010110011010100111
111010001001000101111110000111001110000110010000010110100000100100101011001101010011
100111100011000111100111101000100100010111001101010011001010110001000001011010000010
010011110001100011110111110100010010001011000110101001100101011000100000101101000001
001001111000110001111111111010001001000101100011010100110010101100010000010110100000
100100111100011000111111111101000100100010110001101010011001010010001000001011010000
110010011110001100011011111110100010010001011000110101001100101001000100000101101000
111001001111000110001101111111010001001000101100011010100110010000100010000010110100
111100100111100011000010111111101000100100010110001101010011001000010001000001011010
011110010011110001100001011111110100010010101011000110101001100000001000100000101101
001111001001111000110000101111111010001001010101100011010100110100000100010000010110
000111100100111100011100010111111101000100001010110001101010011010000010001000001011
100011110010011110001010001011111110100010100101011000110101001101000001000100000101
110001111001001111000001000101111111010001110010101100011010100110100000100010000010
011000111100100111100100100010111111101000011001010110001101010011010000010001000001
001100011110010011110010010001011111110100001100101011000110101101101000001000100000
000110001111001001111001001000101111111010100110010101100011010010110100000100010000
100011000111100100111000100100010111111101010011001010110001101001011010000010001000
110001100011110010011100010010001011111110101001100101011000110000101101000001000100
111000110001111001001010001001000101111111010100110010101100011000010110100000100010
111100011000111100100101000100100010111111101010011001010110001000001011010000010001
011110001100011110010110100010010001011111110101001100101011000100000101101000001000
001111000110001111001111010001001000101111011010100110010101100010000010110100000100
110111110100101111101110010101100110101001111101000100100010111100111100011000111100
111011111010010111110111001010110011010100111110100010010001011010011110001100011110
011101111101001011111011100101011001101010111111010001001000101001001111000110001111
101110111110100101111001110010101100110101111111101000100100010100100111100011000111
110111011111010010111100111001010110011010011111110100010010001110010011110001100011
111011101111101001011010011100101011001101101111111010001001000111001001111000110001
111101110111110100101101001110010101100110010111111101000100100111100100111100011000
111110111011111010010010100111001010110011001011111110100010010011110010011110001100
011111011101111101001101010011100101011001000101111111010001001001111001001111000110
101111101110111110100110101001110010101100100010111111101000100000111100100111100011
010111110111011111010011010100111001010110010001011111110100010100011110010011110001
001011111011101111101001101010011100101011001000101111111010001110001111001001111000
100101111101110111110100110101001110010101100100010111111101000011000111100100111100
010010111110111011111110011010100111001010010010001011111110100001100011110010011110
101001011111011101111011001101010011100101001001000101111111010000110001111001001111
110100101111101110111101100110101001110010000100100010111111101100011000111100100111
111010010111110111011010110011010100111001100010010001011111110110001100011110010011
111101001011111011101101011001101010011100010001001000101111111111000110001111001001
111110100101111101110010101100110101001110101000100100010111111111100011000111100100
011111010010111110111001010110011010100111110100010010001011111011110001100011110010
101111101001011111011100101011001101010011111010001001000101111001111000110001111001
001101010011001010110110111110100101111101011000011100111000011111101000100100010111
000110101001100101011111011111010010111110101100001110011100001111110100010010001011
100011010100110010101011101111101001011111110110000111001110000111111010001001000101
110001101010011001010101110111110100101111011011000011100111000111111101000100100010
011000110101001100101110111011111010010111001101100001110011100011111110100010010001
101100011010100110010111011101111101001011000110110000111001110101111111010001001000
010110001101010011001111101110111110100101000011011000011100111010111111101000100100
101011000110101001100111110111011111010010100001101100001110011001011111110100010010
010101100011010100110011111011101111101001110000110110000111001000101111111010001001
001010110001101010011101111101110111110100111000011011000011100100010111111101000100
100101011000110101001010111110111011111010011100001101100001110010001011111110100010
110010101100011010100001011111011101111101001110000110110000111001000101111111010001
011001010110001101010100101111101110111110100111000011011000011100100010111111101000
001100101011000110101010010111110111011111110011100001101100001010010001011111110100
100110010101100011010101001011111011101111111001110000110110000001001000101111111010
010011001010110001101110100101111101110111011100111000011011000000100100010111111101
101001100101011000110111010010111110111011001110011100001101100100010010001011111110
010100110010101100011111101001011111011101000111001110000110110010001001000101111111
101010011001010110001111110100101111101110000011100111000011011101000100100010111111
110101001100101011000011111010010111110111100001110011100001101110100010010001011111
011010100110010101100101111101001011111011110000111001110000110111010001001000101111
000010111011011101000100111100011000111100110111110100101111101001101010011001010110
000001011101101110100010011110001100011110111011111010010111110000110101001100101011
000000101110110111010001001111000110001111011101111101001011111100011010100110010101
000000010111011011101100100111100011000111101110111110100101111110001101010011001010
100000001011101101110110010011110001100011110111011111010010111011000110101001100101
010000000101110110111111001001111000110001111011101111101001011101100011010100110010
101000000010111011011111100100111100011000111101110111110100101010110001101010011001
110100000001011101101011110010011110001100111110111011111010010101011000110101001100
111010000000101110110001111001001111000110011111011101111101001010101100011010100110
011101000000010111011000111100100111100011101111101110111110100001010110001101010011
101110100000001011101100011110010011110001010111110111011111010100101011000110101001
110111010000000101110110001111001001111000001011111011101111101110010101100011010100
011011101000000010111011000111100100111100100101111101110111110011001010110001101010
101101110100000001011001100011110010011110010010111110111011111001100101011000110101
110110111010000000101000110001111001001111101001011111011101111100110010101100011010
111011011101000000010100011000111100100111110100101111101110111010011001010110001101
011101101110100000001110001100011110010011111010010111110111011101001100101011000110
101110110111010000000111000110001111001001111101001011111011101010100110010101100011
010111011011101000000111100011000111100100111110100101111101110101010011001010110001
001011101101110100000011110001100011110010011111010010111110111110101001100101011000
000101110110111010000001111000110001111001101111101001011111011011010100110010101100
011000011100111000011000010111011011101000110010101100110101001110111110100101111101
101100001110011100001000001011101101110100111001010110011010100111011111010010111110
110110000111001110000000000101110110111010011100101011001101010011101111101001011111
011011000011100111000000000010111011011101001110010101100110101101110111110100101111
001101100001110011100100000001011101101110100111001010110011010110111011111010010111
000110110000111001110010000000101110110111010011100101011001101111011101111101001011
000011011000011100111101000000010111011011101001110010101100110111101110111110100101
100001101100001110011110100000001011101101010100111001010110011111110111011111010010
110000110110000111001111010000000101110110101010011100101011001011111011101111101001
111000011011000011100011101000000010111011110101001110010101100101111101110111110100
011100001101100001110101110100000001011101011010100111001010110010111110111011111010
001110000110110000111110111010000000101110001101010011100101011001011111011101111101
100111000011011000011011011101000000010111100110101001110010101100101111101110111110
110011100001101100001101101110100000001011110011010100111001010010010111110111011111
111001110000110110000110110111010000000101011001101010011100101101001011111011101111
011100111000011011000111011011101000000010101100110101001110010110100101111101110111
001110011100001101100011101101110100000001010110011010100111001111010010111110111011
000111001110000110110101110110111010000000101011001101010011100111101001011111011101
000011100111000011011010111011011101000000010101100110101001110111110100101111101110
100001110011100001101001011101101110100000001010110011010100111011111010010111110111
110000111001110000110000101110110111010000100101011001101010011101111101001011111011
