0011010000000010110010111000000001110100100110100101100100011000101101000110
0001101000000001011101011100000000111000010011010010110010001100010110100011
1000110100000000101010101110000000011110001001101001011001000110001011010001
1100011010000000010101010111000000001101000100110100101101100011000101101000
0110001101000000001110101011100000000100100010011010010110110001100010110100
1011000110100000000111010101110000000010010001001101001010011000110001011010
0101100011010000000011101010111000000011001000100110100100001100011000101101
0010110001101000000001110101011100000001100100010011010011000110001100010110
0001011000110100000000111010101110000010110010001001101000100011000110001011
0000101100011010000000011101010111000001011001000100110101010001100011000101
0000010110001101000000001110101011100000101100100010011011101000110001100010
0000001011000110100000000111010101110010010110010001001100110100011000110001
0000000101100011010000000011101010111001001011001000100111011010001100011000
0000000010110001101000000001110101011110100101100100010010101101000110001100
1000000001011000110100000000111010101111010010110010001000010110100011000110
0100000000101100011110000000011101010101101001011001000100001011010001100011
1010000000010110001111000000001110101000110100101100100011000101101000110001
1101000000001011000011100000000111010110011010010110010001100010110100011000
0110100000000101100101110000000011101001001101001011001000110001011010001100
1010001111111100010001101000000001011011001110100101110010010011010010110010
0101000111111110001000110100000000101111100111010010111000001001101001011001
1010100011111111000100011010000000010101110011101001011101000100110100101100
0101010001111111100110001101000000001000111001110100101110100010011010010110
0010101000111111110011000110100000000110011100111010010110010001001101001011
0001010100011111111101100011010000000011001110011101001011001000100110100101
1000101010001111111010110001101000000011100111001110100101100100010011010010
1100010101000111111001011000110100000001110011100111010010110010001001101001
1110001010100011111000101100011010000010111001110011101001011001000100110100
1111000101010001111000010110001101000001011100111001110100101100100010011010
1111100010101000111000001011000110100000101110011100111010010110010001001101
1111110001010100011000000101100011010010010111001110011101001011001000100110
1111111000101010001000000010110001101001001011100111001110100101100100010011
1111111100010101000000000001011000110110100101110011100111010010110010001001
0111111110001010100100000000101100011011010010111001110011101001011001000100
0011111111000101010010000000010110001111101001011100111000110100101100100010
0001111111100010101101000000001011000101110100101110011100011010010110010001
1000111111110001010110100000000101100000111010010111001111001101001011001000
0100011111111000101011010000000010110010011101001011100110100110100101100100
1101100101101001101001100010110100011000110100000000101101010001111111100010
1110110010110100110000110001011010001100011010000000010110101000111111110001
0111011001011010011100011000101101000110001101000000001011010100011111111000
1011101100101101001110001100010110100011000110100000000100101010001111111100
1101110110010110100011000110001011010001100011010000000010010101000111111110
0110111011001011010001100011000101101010110001101000000000001010100011111111
0011011101100101101000110001100010110101011000110100000001000101010001111111
1001101110110010110100011000110001011000101100011010000001100010101000111111
0100110111011001011010001100011000101100010110001101000001110001010100011111
1010011011101100101101000110001100010100001011000110100001111000101010001111
1101001101110110010110100011000110001000000101100011010001111100010101000111
0110100110111011001011010001100011000100000010110001101001111110001010100011
1011010011011101100101101000110001100000000001011000110101111111000101010001
0101101001101110110010110100011000110000000000101100011011111111100010101000
0010110100110111011001011010001100011010000000010110001100111111110001010100
1001011010011011101000101101000110001101000000001011000110011111111000101010
1100101101001101110100010110100011000110100000000101100010001111111100010101
0110010110100110111110001011010001100011010000000010110001000111111110001010
1011001011010011011011000101101000110001101000000001011000100011111111000101
1100111010010111001110110010110100110101011100000000111010011010000000010110
1110011101001011100111011001011010011010101110000000011100001101000000001011
0111001110100101110011101100101101001101010111000000001111000110100000000101
0011100111010010111101110110010110100110101011100000000111100011010000000010
1001110011101001011110111011001011010011010101110000000010110001101000000001
1100111001110100101011011101100101101011101010111000000001011000110100000000
1110011100111010010001101110110010110101110101011100000000101100011010000000
0111001110011101001100110111011001011000111010101110000000010110001101000000
1011100111001110100010011011101100101100011101010111000000001011000110100000
0101110011100111010101001101110110010100001110101011100000000101100011010000
0010111001110011101110100110111011001000000111010101110000000010110001101000
1001011100111001110011010011011101100100000011101010111000000001011000110100
0100101110011100111101101001101110110000000001110101011100000000101100011010
1010010111001110011010110100110111011000000000111010101110000000010110001101
1101001011100111001001011010011011101110000000011101010111000000001011000110
1110100101110011100100101101001101110111000000001110101010100000000101100011
0111010010111001110110010110100110111011100000000111010101010000000010110001
0011101001011100111011001011010011011101110000000011101011101000000001011000
1001110100101110011101100101101001101110111000000001110100110100000000101100
1100101111111101001101000111111110001011011001011010011011100111010010111001
1110010111111110100010100011111111000111101100101101001101110011101001011100
0111001011111111010101010001111111100001110110010110100110111001110100101110
0011100101111111101010101000111111110010111011001011010010011100111010010111
1001110010111111110001010100011111111011011101100101101001001110011101001011
0100111001011111111000101010001111111101101110110010110101100111001110100101
1010011100101111111100010101000111111100110111011001011011110011100111010010
1101001110010111111110001010100011111110011011101100101100111001110011101001
1110100111001011111111000101010001111101001101110110010111011100111001110100
1111010011100101111111100010101000111110100110111011001010101110011100111010
1111101001110010111111110001010100011111010011011101100100010111001110011101
1111110100111001011111111000101010001101101001101110110011001011100111001110
1111111010011100101111111100010101000110110100110111011000100101110011100111
1111111101001110010111111110001010100001011010011011101101010010111001110011
0111111110100111001011111111000101010000101101001101110111101001011100111001
1011111111010011100001111111100010101010010110100110111011110100101110011100
0101111111101001110000111111110001010111001011010011011100111010010111001110
0010111111110100111100011111111000101001100101101001101110011101001011100111
1001011111111010011010001111111100010110110010110100110111001110100101110011
0101110000000011101110010111111110100100110001011010001101101100101101001101
1010111000000001110111001011111111010000011000101101000111110110010110100110
0101011100000000111011100101111111101010001100010110100010111011001011010011
1010101110000000011001110010111111110111000110001011010001011101100101101001
1101010111000000001100111001011111111001100011000101101001101110110010110100
1110101011100000000010011100101111111100110001100010110100110111011001011010
0111010101110000000101001110010111111100011000110001011010011011101100101101
0011101010111000000110100111001011111110001100011000101101001101110110010110
0001110101011100000111010011100101111101000110001100010110100110111011001011
0000111010101110000111101001110010111110100011000110001011010011011101100101
0000011101010111000111110100111001011111010001100011000101101001101110110010
0000001110101011100111111010011100101101101000110001100010110100110111011001
0000000111010101110111111101001110010110110100011000110001011010011011101100
0000000011101010111111111110100111001001011010001100011000101101001101110110
1000000001110101011011111111010011100100101101000110001100010110100110111011
1100000000111010101101111111101001110000010110100011000111001011010011011101
1110000000011101010010111111110100111010001011010001100011100101101001101110
0111000000001110101001011111111010011111000101101000110000110010110100110111
1011100000000111010100101111111101001101100010110100011001011001011010011011
0010011010010110010110011101001011100111001011111111010010101110000000011101
0001001101001011001111001110100101110011100101111111101001010111000000001110
1000100110100101100011100111010010111001110010111111110100101011100000000111
0100010011010010110001110011101001011100111001011111111011010101110000000011
0010001001101001011100111001110100101110011100101111111101101010111000000001
1001000100110100101110011100111010010101001110010111111111110101011100000000
1100100010011010010111001110011101001010100111001011111110111010101110000000
0110010001001101001011100111001110100111010011100101111110011101010111000000
1011001000100110100101110011100111010011101001110010111110001110101011100000
0101100100010011010010111001110011101011110100111001011110000111010101110000
0010110010001001101001011100111001110111111010011100101110000011101010111000
1001011001000100110100101110011100111011111101001110010110000001110101011100
0100101100100010011010010111001110011111111110100111001010000000111010101110
1010010110010001001101001011100111001111111111010011100100000000011101010111
1101001011001000100110100101110011100101111111101001110011000000001110101011
0110100101100100010111010010111001110010111111110100111001100000000111010101
0011010010110010001011101001011100111001011111111010011101110000000011101010
1001101001011001000001110100101110011100101111111101001110111000000001110101
0100110100101100100100111010010111001110010111111110100111011100000000111010
0011000101101000110001001101001011001010100011111111000101100101111111101001
0001100010110100011000100110100101100101010001111111100011110010111111110100
1000110001011010001100010011010010110010101000111111110000111001011111111010
1100011000101101000010001001101001011001010100011111111000011100101111111101
0110001100010110100001000100110100101100101010001111111101001110010111111110
0011000110001011010100100010011010010100010101000111111110100111001011111111
0001100011000101101110010001001101001010001010100011111111010011100101111111
1000110001100010110011001000100110100111000101010001111111101001110010111111
0100011000110001011101100100010011010011100010101000111111110100111001011111
1010001100011000101010110010001001101011110001010100011111111010011100101111
1101000110001100010001011001000100110111111000101010001111111101001110010111
0110100011000110001100101100100010011011111100010101000111111110100111001011
1011010001100011000010010110010001001111111110001010100011111111010011100101
0101101000110001100101001011001000100111111111000101010001111111101001110010
0010110100011000110110100101100100010001111111100010101000111111110100111001
0001011010001100011011010010110010001000111111110001010101011111111010011100
1000101101000110001001101001011001000100011111111000101010101111111101001110
1100010110100011000100110100101100100010001111111100010100010111111110100111
0110001011010001100010011010010110010001000111111110001011001011111111010011
