000000000000000000000000000000000000000000100000000000000000000000000000000000000000
000010011000111110101001010111110001100100010010011000111110101001010111110001100100
000001001100011111010100101011111000110010001001001100011111010100101011111000110010
000000100110001111101010010101111100011001000100100110001111101010010101111100011001
010000010011000111110101001010111110001100010010010011000111110101001010111110001100
001000001001100011111010100101011111000110001001001001100011111010100101011111000110
000100000100110001111101010010101111100011000100100100110001111101010010101111100011
010010000010011000111110101001010111110001010010010010011000111110101001010111110001
011001000001001100011111010100101011111000011001001001001100011111010100101011111000
001100100000100110001111101010010101111100001100100100100110001111101010010101111100
000110010000010011000111110101001010111110000110010010010011000111110101001010111110
000011001000001001100011111010100101011111000011001001001001100011111010100101011111
010001100100000100110001111101010010101111010001100100100100110001111101010010101111
011000110010000010011000111110101001010111011000110010010010011000111110101001010111
011100011001000001001100011111010100101011011100011001001001001100011111010100101011
011110001100100000100110001111101010010101011110001100100100100110001111101010010101
011111000110010000010011000111110101001010011111000110010010010011000111110101001010
001111100011001000001001100011111010100101001111100011001001001001100011111010100101
010111110001100100000100110001111101010010010111110001100100100100110001111101010010
001011111000110010000010011000111110101001001011111000110010010010011000111110101001
010101111100011001000001001100011111010100010101111100011001001001001100011111010100
001010111110001100100000100110001111101010001010111110001100100100100110001111101010
000101011111000110010000010011000111110101000101011111000110010010010011000111110101
010010101111100011001000001001100011111010010010101111100011001001001001100011111010
001001010111110001100100000100110001111101001001010111110001100100100100110001111101
010100101011111000110010000010011000111110010100101011111000110010010010011000111110
001010010101111100011001000001001100011111001010010101111100011001001001001100011111
010101001010111110001100100000100110001111010101001010111110001100100100100110001111
011010100101011111000110010000010011000111011010100101011111000110010010010011000111
011101010010101111100011001000001001100011011101010010101111100011001001001001100011
011110101001010111110001100100000100110001011110101001010111110001100100100100110001
011111010100101011111000110010000010011000011111010100101011111000110010010010011000
001111101010010101111100011001000001001100001111101010010101111100011001001001001100
000111110101001010111110001100100000100110000111110101001010111110001100100100100110
000011111010100101011111000110010000010011000011111010100101011111000110010010010011
010001111101010010101111100011001000001001010001111101010010101111100011001001001001
011000111110101001010111110001100100000100011000111110101001010111110001100100100100
001100011111010100101011111000110010000010001100011111010100101011111000110010010010
000110001111101010010101111100011001000001000110001111101010010101111100011001001001
010011000111110101001010111110001100100000010011000111110101001010111110001100100100
001001100011111010100101011111000110010000001001100011111010100101011111000110010010
000100110001111101010010101111100011001000000100110001111101010010101111100011001001
100000000000000000000000000000000000000000111111111111111111111111111111111111111111
010010011000111110101001010111110001100100111101100111000001010110101000001110011011
001001001100011111010100101011111000110010111110110011100000101011010100000111001101
000100100110001111101010010101111100011001111111011001110000010101101010000011100110
010010010011000111110101001010111110001100101111101100111000001010110101000001110011
001001001001100011111010100101011111000110110111110110011100000101011010100000111001
000100100100110001111101010010101111100011111011111011001110000010101101010000011100
010010010010011000111110101001010111110001101101111101100111000001010110101000001110
011001001001001100011111010100101011111000100110111110110011100000101011010100000111
001100100100100110001111101010010101111100110011011111011001110000010101101010000011
000110010010010011000111110101001010111110111001101111101100111000001010110101000001
000011001001001001100011111010100101011111111100110111110110011100000101011010100000
010001100100100100110001111101010010101111101110011011111011001110000010101101010000
011000110010010010011000111110101001010111100111001101111101100111000001010110101000
011100011001001001001100011111010100101011100011100110111110110011100000101011010100
011110001100100100100110001111101010010101100001110011011111011001110000010101101010
011111000110010010010011000111110101001010100000111001101111101100111000001010110101
001111100011001001001001100011111010100101110000011100110111110110011100000101011010
010111110001100100100100110001111101010010101000001110011011111011001110000010101101
001011111000110010010010011000111110101001110100000111001101111101100111000001010110
010101111100011001001001001100011111010100101010000011100110111110110011100000101011
001010111110001100100100100110001111101010110101000001110011011111011001110000010101
000101011111000110010010010011000111110101111010100000111001101111101100111000001010
010010101111100011001001001001100011111010101101010000011100110111110110011100000101
001001010111110001100100100100110001111101110110101000001110011011111011001110000010
010100101011111000110010010010011000111110101011010100000111001101111101100111000001
001010010101111100011001001001001100011111110101101010000011100110111110110011100000
010101001010111110001100100100100110001111101010110101000001110011011111011001110000
011010100101011111000110010010010011000111100101011010100000111001101111101100111000
011101010010101111100011001001001001100011100010101101010000011100110111110110011100
011110101001010111110001100100100100110001100001010110101000001110011011111011001110
011111010100101011111000110010010010011000100000101011010100000111001101111101100111
001111101010010101111100011001001001001100110000010101101010000011100110111110110011
000111110101001010111110001100100100100110111000001010110101000001110011011111011001
000011111010100101011111000110010010010011111100000101011010100000111001101111101100
010001111101010010101111100011001001001001101110000010101101010000011100110111110110
011000111110101001010111110001100100100100100111000001010110101000001110011011111011
001100011111010100101011111000110010010010110011100000101011010100000111001101111101
000110001111101010010101111100011001001001111001110000010101101010000011100110111110
010011000111110101001010111110001100100100101100111000001010110101000001110011011111
001001100011111010100101011111000110010010110110011100000101011010100000111001101111
000100110001111101010010101111100011001001111011001110000010101101010000011100110111
111111111111111111111111111111111111111111011111111111111111111111111111111111111111
111101100111000001010110101000001110011011101101100111000001010110101000001110011011
111110110011100000101011010100000111001101110110110011100000101011010100000111001101
111111011001110000010101101010000011100110111011011001110000010101101010000011100110
101111101100111000001010110101000001110011101101101100111000001010110101000001110011
110111110110011100000101011010100000111001110110110110011100000101011010100000111001
111011111011001110000010101101010000011100111011011011001110000010101101010000011100
101101111101100111000001010110101000001110101101101101100111000001010110101000001110
100110111110110011100000101011010100000111100110110110110011100000101011010100000111
110011011111011001110000010101101010000011110011011011011001110000010101101010000011
111001101111101100111000001010110101000001111001101101101100111000001010110101000001
111100110111110110011100000101011010100000111100110110110110011100000101011010100000
101110011011111011001110000010101101010000101110011011011011001110000010101101010000
100111001101111101100111000001010110101000100111001101101101100111000001010110101000
100011100110111110110011100000101011010100100011100110110110110011100000101011010100
100001110011011111011001110000010101101010100001110011011011011001110000010101101010
100000111001101111101100111000001010110101100000111001101101101100111000001010110101
110000011100110111110110011100000101011010110000011100110110110110011100000101011010
101000001110011011111011001110000010101101101000001110011011011011001110000010101101
110100000111001101111101100111000001010110110100000111001101101101100111000001010110
101010000011100110111110110011100000101011101010000011100110110110110011100000101011
110101000001110011011111011001110000010101110101000001110011011011011001110000010101
111010100000111001101111101100111000001010111010100000111001101101101100111000001010
101101010000011100110111110110011100000101101101010000011100110110110110011100000101
110110101000001110011011111011001110000010110110101000001110011011011011001110000010
101011010100000111001101111101100111000001101011010100000111001101101101100111000001
110101101010000011100110111110110011100000110101101010000011100110110110110011100000
101010110101000001110011011111011001110000101010110101000001110011011011011001110000
100101011010100000111001101111101100111000100101011010100000111001101101101100111000
100010101101010000011100110111110110011100100010101101010000011100110110110110011100
100001010110101000001110011011111011001110100001010110101000001110011011011011001110
100000101011010100000111001101111101100111100000101011010100000111001101101101100111
110000010101101010000011100110111110110011110000010101101010000011100110110110110011
111000001010110101000001110011011111011001111000001010110101000001110011011011011001
111100000101011010100000111001101111101100111100000101011010100000111001101101101100
101110000010101101010000011100110111110110101110000010101101010000011100110110110110
100111000001010110101000001110011011111011100111000001010110101000001110011011011011
110011100000101011010100000111001101111101110011100000101011010100000111001101101101
111001110000010101101010000011100110111110111001110000010101101010000011100110110110
101100111000001010110101000001110011011111101100111000001010110101000001110011011011
110110011100000101011010100000111001101111110110011100000101011010100000111001101101
111011001110000010101101010000011100110111111011001110000010101101010000011100110110
011111111111111111111111111111111111111111000000000000000000000000000000000000000000
101101100111000001010110101000001110011011000010011000111110101001010111110001100100
110110110011100000101011010100000111001101000001001100011111010100101011111000110010
111011011001110000010101101010000011100110000000100110001111101010010101111100011001
101101101100111000001010110101000001110011010000010011000111110101001010111110001100
110110110110011100000101011010100000111001001000001001100011111010100101011111000110
111011011011001110000010101101010000011100000100000100110001111101010010101111100011
101101101101100111000001010110101000001110010010000010011000111110101001010111110001
100110110110110011100000101011010100000111011001000001001100011111010100101011111000
110011011011011001110000010101101010000011001100100000100110001111101010010101111100
111001101101101100111000001010110101000001000110010000010011000111110101001010111110
111100110110110110011100000101011010100000000011001000001001100011111010100101011111
101110011011011011001110000010101101010000010001100100000100110001111101010010101111
100111001101101101100111000001010110101000011000110010000010011000111110101001010111
100011100110110110110011100000101011010100011100011001000001001100011111010100101011
100001110011011011011001110000010101101010011110001100100000100110001111101010010101
100000111001101101101100111000001010110101011111000110010000010011000111110101001010
110000011100110110110110011100000101011010001111100011001000001001100011111010100101
101000001110011011011011001110000010101101010111110001100100000100110001111101010010
110100000111001101101101100111000001010110001011111000110010000010011000111110101001
101010000011100110110110110011100000101011010101111100011001000001001100011111010100
110101000001110011011011011001110000010101001010111110001100100000100110001111101010
111010100000111001101101101100111000001010000101011111000110010000010011000111110101
101101010000011100110110110110011100000101010010101111100011001000001001100011111010
110110101000001110011011011011001110000010001001010111110001100100000100110001111101
101011010100000111001101101101100111000001010100101011111000110010000010011000111110
110101101010000011100110110110110011100000001010010101111100011001000001001100011111
101010110101000001110011011011011001110000010101001010111110001100100000100110001111
100101011010100000111001101101101100111000011010100101011111000110010000010011000111
100010101101010000011100110110110110011100011101010010101111100011001000001001100011
100001010110101000001110011011011011001110011110101001010111110001100100000100110001
100000101011010100000111001101101101100111011111010100101011111000110010000010011000
110000010101101010000011100110110110110011001111101010010101111100011001000001001100
111000001010110101000001110011011011011001000111110101001010111110001100100000100110
111100000101011010100000111001101101101100000011111010100101011111000110010000010011
101110000010101101010000011100110110110110010001111101010010101111100011001000001001
100111000001010110101000001110011011011011011000111110101001010111110001100100000100
110011100000101011010100000111001101101101001100011111010100101011111000110010000010
111001110000010101101010000011100110110110000110001111101010010101111100011001000001
101100111000001010110101000001110011011011010011000111110101001010111110001100100000
110110011100000101011010100000111001101101001001100011111010100101011111000110010000
111011001110000010101101010000011100110110000100110001111101010010101111100011001000
