011111111111111111111111111111111111111111111111111111111111
001011101010010011101111001111100000110000100011011010100010
000101110101001001110111100111110000011000010001101101010001
010010111010100100111011110011111000001100001000110110101000
001001011101010010011101111001111100000110000100011011010100
000100101110101001001110111100111110000011000010001101101010
000010010111010100100111011110011111000001100001000110110101
010001001011101010010011101111001111100000110000100011011010
001000100101110101001001110111100111110000011000010001101101
010100010010111010100100111011110011111000001100001000110110
001010001001011101010010011101111001111100000110000100011011
010101000100101110101001001110111100111110000011000010001101
011010100010010111010100100111011110011111000001100001000110
001101010001001011101010010011101111001111100000110000100011
010110101000100101110101001001110111100111110000011000010001
011011010100010010111010100100111011110011111000001100001000
001101101010001001011101010010011101111001111100000110000100
000110110101000100101110101001001110111100111110000011000010
000011011010100010010111010100100111011110011111000001100001
010001101101010001001011101010010011101111001111100000110000
001000110110101000100101110101001001110111100111110000011000
000100011011010100010010111010100100111011110011111000001100
000010001101101010001001011101010010011101111001111100000110
000001000110110101000100101110101001001110111100111110000011
010000100011011010100010010111010100100111011110011111000001
011000010001101101010001001011101010010011101111001111100000
001100001000110110101000100101110101001001110111100111110000
000110000100011011010100010010111010100100111011110011111000
000011000010001101101010001001011101010010011101111001111100
000001100001000110110101000100101110101001001110111100111110
000000110000100011011010100010010111010100100111011110011111
010000011000010001101101010001001011101010010011101111001111
011000001100001000110110101000100101110101001001110111100111
011100000110000100011011010100010010111010100100111011110011
011110000011000010001101101010001001011101010010011101111001
011111000001100001000110110101000100101110101001001110111100
001111100000110000100011011010100010010111010100100111011110
000111110000011000010001101101010001001011101010010011101111
010011111000001100001000110110101000100101110101001001110111
011001111100000110000100011011010100010010111010100100111011
011100111110000011000010001101101010001001011101010010011101
011110011111000001100001000110110101000100101110101001001110
001111001111100000110000100011011010100010010111010100100111
010111100111110000011000010001101101010001001011101010010011
011011110011111000001100001000110110101000100101110101001001
011101111001111100000110000100011011010100010010111010100100
001110111100111110000011000010001101101010001001011101010010
000111011110011111000001100001000110110101000100101110101001
010011101111001111100000110000100011011010100010010111010100
001001110111100111110000011000010001101101010001001011101010
000100111011110011111000001100001000110110101000100101110101
010010011101111001111100000110000100011011010100010010111010
001001001110111100111110000011000010001101101010001001011101
010100100111011110011111000001100001000110110101000100101110
001010010011101111001111100000110000100011011010100010010111
010101001001110111100111110000011000010001101101010001001011
011010100100111011110011111000001100001000110110101000100101
011101010010011101111001111100000110000100011011010100010010
001110101001001110111100111110000011000010001101101010001001
010111010100100111011110011111000001100001000110110101000100
100000000000000000000000000000000000000000000000000000000000
110100010101101100010000110000011111001111011100100101011101
111010001010110110001000011000001111100111101110010010101110
101101000101011011000100001100000111110011110111001001010111
110110100010101101100010000110000011111001111011100100101011
111011010001010110110001000011000001111100111101110010010101
111101101000101011011000100001100000111110011110111001001010
101110110100010101101100010000110000011111001111011100100101
110111011010001010110110001000011000001111100111101110010010
101011101101000101011011000100001100000111110011110111001001
110101110110100010101101100010000110000011111001111011100100
101010111011010001010110110001000011000001111100111101110010
100101011101101000101011011000100001100000111110011110111001
110010101110110100010101101100010000110000011111001111011100
101001010111011010001010110110001000011000001111100111101110
100100101011101101000101011011000100001100000111110011110111
110010010101110110100010101101100010000110000011111001111011
111001001010111011010001010110110001000011000001111100111101
111100100101011101101000101011011000100001100000111110011110
101110010010101110110100010101101100010000110000011111001111
110111001001010111011010001010110110001000011000001111100111
111011100100101011101101000101011011000100001100000111110011
111101110010010101110110100010101101100010000110000011111001
111110111001001010111011010001010110110001000011000001111100
101111011100100101011101101000101011011000100001100000111110
100111101110010010101110110100010101101100010000110000011111
110011110111001001010111011010001010110110001000011000001111
111001111011100100101011101101000101011011000100001100000111
111100111101110010010101110110100010101101100010000110000011
111110011110111001001010111011010001010110110001000011000001
111111001111011100100101011101101000101011011000100001100000
101111100111101110010010101110110100010101101100010000110000
100111110011110111001001010111011010001010110110001000011000
100011111001111011100100101011101101000101011011000100001100
100001111100111101110010010101110110100010101101100010000110
100000111110011110111001001010111011010001010110110001000011
110000011111001111011100100101011101101000101011011000100001
111000001111100111101110010010101110110100010101101100010000
101100000111110011110111001001010111011010001010110110001000
100110000011111001111011100100101011101101000101011011000100
100011000001111100111101110010010101110110100010101101100010
100001100000111110011110111001001010111011010001010110110001
110000110000011111001111011100100101011101101000101011011000
101000011000001111100111101110010010101110110100010101101100
100100001100000111110011110111001001010111011010001010110110
100010000110000011111001111011100100101011101101000101011011
110001000011000001111100111101110010010101110110100010101101
111000100001100000111110011110111001001010111011010001010110
101100010000110000011111001111011100100101011101101000101011
110110001000011000001111100111101110010010101110110100010101
111011000100001100000111110011110111001001010111011010001010
101101100010000110000011111001111011100100101011101101000101
110110110001000011000001111100111101110010010101110110100010
101011011000100001100000111110011110111001001010111011010001
110101101100010000110000011111001111011100100101011101101000
101010110110001000011000001111100111101110010010101110110100
100101011011000100001100000111110011110111001001010111011010
100010101101100010000110000011111001111011100100101011101101
110001010110110001000011000001111100111101110010010101110110
101000101011011000100001100000111110011110111001001010111011
