00000000000000100000000000000000000000000010000000000000
00010011110010010100111100100001001111001001010011110010
00001001111001001010011110010000100111100100101001111001
01000100111100010101001111000100010011110001010100111100
00100010011110001010100111100010001001111000101010011110
00010001001111000101010011110001000100111100010101001111
01001000100111010010101001110100100010011101001010100111
01100100010011011001010100110110010001001101100101010011
01110010001001011100101010010111001000100101110010101001
01111001000100011110010101000111100100010001111001010100
00111100100010001111001010100011110010001000111100101010
00011110010001000111100101010001111001000100011110010101
01001111001000010011110010100100111100100001001111001010
00100111100100001001111001010010011110010000100111100101
10000000000000111111111111111000000000000011111111111111
01010011110010111011000011010101001111001011101100001101
00101001111001111101100001100010100111100111110110000110
01010100111100101110110000110101010011110010111011000011
00101010011110110111011000010010101001111011011101100001
00010101001111111011101100000001010100111111101110110000
01001010100111101101110110000100101010011110110111011000
01100101010011100110111011000110010101001110011011101100
01110010101001100011011101100111001010100110001101110110
01111001010100100001101110110111100101010010000110111011
00111100101010110000110111010011110010101011000011011101
00011110010101111000011011100001111001010111100001101110
01001111001010101100001101110100111100101010110000110111
00100111100101110110000110110010011110010111011000011011
00000000000000100000000000001111111111111101111111111111
00010011110010010100111100101110110000110110101100001101
00001001111001001010011110011111011000011011010110000110
01000100111100010101001111001011101100001110101011000011
00100010011110001010100111101101110110000111010101100001
00010001001111000101010011111110111011000011101010110000
01001000100111010010101001111011011101100010110101011000
01100100010011011001010100111001101110110010011010101100
01110010001001011100101010011000110111011010001101010110
01111001000100011110010101001000011011101110000110101011
00111100100010001111001010101100001101110111000011010101
00011110010001000111100101011110000110111011100001101010
01001111001000010011110010101011000011011110110000110101
00100111100100001001111001011101100001101111011000011010
10000000000000111111111111110111111111111100000000000000
01010011110010111011000011011010110000110100010011110010
00101001111001111101100001101101011000011000001001111001
01010100111100101110110000111010101100001101000100111100
00101010011110110111011000011101010110000100100010011110
00010101001111111011101100001110101011000000010001001111
01001010100111101101110110001011010101100001001000100111
01100101010011100110111011001001101010110001100100010011
01110010101001100011011101101000110101011001110010001001
01111001010100100001101110111000011010101101111001000100
00111100101010110000110111011100001101010100111100100010
00011110010101111000011011101110000110101000011110010001
01001111001010101100001101111011000011010101001111001000
00100111100101110110000110111101100001101000100111100100
11111111111111011111111111111111111111111101111111111111
11101100001101101011000011011110110000110110101100001101
11110110000110110101100001101111011000011011010110000110
10111011000011101010110000111011101100001110101011000011
11011101100001110101011000011101110110000111010101100001
11101110110000111010101100001110111011000011101010110000
10110111011000101101010110001011011101100010110101011000
10011011101100100110101011001001101110110010011010101100
10001101110110100011010101101000110111011010001101010110
10000110111011100001101010111000011011101110000110101011
11000011011101110000110101011100001101110111000011010101
11100001101110111000011010101110000110111011100001101010
10110000110111101100001101011011000011011110110000110101
11011000011011110110000110101101100001101111011000011010
01111111111111000000000000000111111111111100000000000000
10101100001101000100111100101010110000110100010011110010
11010110000110000010011110011101011000011000001001111001
10101011000011010001001111001010101100001101000100111100
11010101100001001000100111101101010110000100100010011110
11101010110000000100010011111110101011000000010001001111
10110101011000010010001001111011010101100001001000100111
10011010101100011001000100111001101010110001100100010011
10001101010110011100100010011000110101011001110010001001
10000110101011011110010001001000011010101101111001000100
11000011010101001111001000101100001101010100111100100010
11100001101010000111100100011110000110101000011110010001
10110000110101010011110010001011000011010101001111001000
11011000011010001001111001001101100001101000100111100100
11111111111111011111111111110000000000000010000000000000
11101100001101101011000011010001001111001001010011110010
11110110000110110101100001100000100111100100101001111001
10111011000011101010110000110100010011110001010100111100
11011101100001110101011000010010001001111000101010011110
11101110110000111010101100000001000100111100010101001111
10110111011000101101010110000100100010011101001010100111
10011011101100100110101011000110010001001101100101010011
10001101110110100011010101100111001000100101110010101001
10000110111011100001101010110111100100010001111001010100
11000011011101110000110101010011110010001000111100101010
11100001101110111000011010100001111001000100011110010101
10110000110111101100001101010100111100100001001111001010
11011000011011110110000110100010011110010000100111100101
01111111111111000000000000001000000000000011111111111111
10101100001101000100111100100101001111001011101100001101
11010110000110000010011110010010100111100111110110000110
10101011000011010001001111000101010011110010111011000011
11010101100001001000100111100010101001111011011101100001
11101010110000000100010011110001010100111111101110110000
10110101011000010010001001110100101010011110110111011000
10011010101100011001000100110110010101001110011011101100
10001101010110011100100010010111001010100110001101110110
10000110101011011110010001000111100101010010000110111011
11000011010101001111001000100011110010101011000011011101
11100001101010000111100100010001111001010111100001101110
10110000110101010011110010000100111100101010110000110111
11011000011010001001111001000010011110010111011000011011
