0101100001101011100000011100101100110100111101101111
1010110000110101110000001100010110011011011110110111
0101011000011110111000000110001011001101101111011011
1010101100001111011100000001000101100111110111101101
1101010110000011101110000010100010110011111011110110
0110101011000001110111000011010001011000111101111011
0011010101100000111011100001101000101101011110111101
0001101010110000011101110000110100010111101111011110
0000110101011000001110111010011010001010110111101111
1000011010101000000111011111001101000101011011110111
1100001101010100000011101101100110100011101101111011
0110000110101110000001110110110011010001110110111101
1011000011010111000000111001011001101001111011011110
1000111111000010110000110110000100100000010110011010
0100011111100101011000011001000010010000001011001101
0010001111110010101100001100100001001001000101100110
0001000111111101010110000100010000100100100010110011
1000100011111110101011000000001000010011010001011001
1100010001111011010101100010000100001001101000101100
1110001000111001101010110001000010000100110100010110
1111000100011000110101011000100001000010011010001011
1111100010001000011010101110010000100001001101000101
1111110001000100001101010101001000010001100110100010
0111111000100110000110101000100100001000110011010001
0011111100010011000011010100010010000101011001101000
0001111110001101100001101000001001000010101100110100
1101001100101011110110111101011000011011000111111000
1110100110010101111011011110101100001100100011111100
0111010011001110111101101101010110000110010001111110
1011101001100111011110110110101011000010001000111111
0101110100110111101111011011010101100001000100011111
0010111010011011110111101101101010110001100010001111
1001011101001101111011110100110101011001110001000111
1100101110100110111101111000011010101101111000100011
0110010111010011011110111100001101010111111100010001
0011001011101101101111011110000110101011111110001000
1001100101110110110111101111000011010100111111000100
0100110010111111011011110101100001101010011111100010
1010011001011111101101111010110000110100001111110001
1000010010000110100110010101110000001110101100001101
0100001001000111010011001010111000000111010110000110
0010000100100011101001100111011100000010101011000011
0001000010010101110100110011101110000001010101100001
0000100001001010111010011001110111000001101010110000
1000010000100001011101001100111011100000110101011000
0100001000010100101110100100011101110000011010101100
0010000100001110010111010000001110111000001101010110
1001000010000011001011101000000111011100000110101011
0100100001000001100101110100000011101111000011010101
0010010000100100110010111010000001110111100001101010
0001001000010010011001011111000000111010110000110101
0000100100001101001100101111100000011101011000011010
1010011110010100011111100011010011001011000010010000
0101001111001010001111110011101001100100100001001000
1010100111100001000111111001110100110010010000100100
0101010011110000100011111110111010011000001000010010
0010101001111100010001111101011101001100000100001001
1001010100111110001000111100101110100111000010000100
1100101010011111000100011110010111010010100001000010
1110010101001111100010001111001011101000010000100001
1111001010100111110001000101100101110101001000010000
0111100101010111111000100000110010111010100100001000
0011110010101011111100010010011001011100010010000100
1001111001010001111110001001001100101110001001000010
0100111100101000111111000110100110010110000100100001
0111000000111101001111001001111011011111101001100101
1011100000011010100111100110111101101111110100110010
1101110000001101010011110011011110110110111010011001
1110111000000010101001111011101111011011011101001100
0111011100000001010100111111110111101100101110100110
0011101110000100101010011101111011110110010111010011
0001110111000110010101001110111101111011001011101001
0000111011100111001010100111011110111101100101110100
0000011101110111100101010001101111011110110010111010
0000001110111011110010101010110111101110011001011101
1000000111011001111001010111011011110111001100101110
1100000011101100111100101011101101111010100110010111
1110000001110010011110010111110110111101010011001011
0010110011010100001001000010100111100100111000000111
0001011001101010000100100001010011110011011100000011
1000101100110001000010010010101001111001101110000001
0100010110011000100001001001010100111101110111000000
1010001011001000010000100100101010011110111011100000
1101000101100100001000010010010101001110011101110000
0110100010110010000100001011001010100110001110111000
0011010001011001000010000111100101010010000111011100
1001101000101100100001000011110010101000000011101110
1100110100010010010000100001111001010100000001110111
0110011010001001001000010000111100101011000000111011
1011001101000000100100001010011110010101100000011101
0101100110100000010010000101001111001011110000001110
0111101101111001011001101010001111110001010011110010
1011110110111000101100110101000111111000101001111001
1101111011011100010110011000100011111101010100111100
1110111101101010001011001100010001111110101010011110
1111011110110101000101100110001000111110010101001111
0111101111011110100010110011000100011111001010100111
1011110111101011010001011011100010001111100101010011
1101111011110001101000101111110001000111110010101001
0110111101111100110100010111111000100011111001010100
1011011110111110011010001011111100010000111100101010
1101101111011011001101000101111110001000011110010101
1110110111101101100110100000111111000101001111001010
1111011011110010110011010000011111100010100111100101
