01111111111111111111111111111111111111111111111111111111111111111111111111111111
00110110011110100101111110110000110001010101011100111100100000010110100001100100
00011011001111010010111111011000011000101010101110011110010000001011010000110010
00001101100111101001011111101100001100010101010111001111001000000101101000011001
01000110110011110100101111110110000110001010101011100111100100000010110100001100
00100011011001111010010111111011000011000101010101110011110010000001011010000110
00010001101100111101001011111101100001100010101010111001111001000000101101000011
01001000110110011110100101111110110000110001010101011100111100100000010110100001
01100100011011001111010010111111011000011000101010101110011110010000001011010000
00110010001101100111101001011111101100001100010101010111001111001000000101101000
00011001000110110011110100101111110110000110001010101011100111100100000010110100
00001100100011011001111010010111111011000011000101010101110011110010000001011010
00000110010001101100111101001011111101100001100010101010111001111001000000101101
01000011001000110110011110100101111110110000110001010101011100111100100000010110
00100001100100011011001111010010111111011000011000101010101110011110010000001011
01010000110010001101100111101001011111101100001100010101010111001111001000000101
01101000011001000110110011110100101111110110000110001010101011100111100100000010
00110100001100100011011001111010010111111011000011000101010101110011110010000001
01011010000110010001101100111101001011111101100001100010101010111001111001000000
00101101000011001000110110011110100101111110110000110001010101011100111100100000
00010110100001100100011011001111010010111111011000011000101010101110011110010000
00001011010000110010001101100111101001011111101100001100010101010111001111001000
00000101101000011001000110110011110100101111110110000110001010101011100111100100
00000010110100001100100011011001111010010111111011000011000101010101110011110010
00000001011010000110010001101100111101001011111101100001100010101010111001111001
01000000101101000011001000110110011110100101111110110000110001010101011100111100
00100000010110100001100100011011001111010010111111011000011000101010101110011110
00010000001011010000110010001101100111101001011111101100001100010101010111001111
01001000000101101000011001000110110011110100101111110110000110001010101011100111
01100100000010110100001100100011011001111010010111111011000011000101010101110011
01110010000001011010000110010001101100111101001011111101100001100010101010111001
01111001000000101101000011001000110110011110100101111110110000110001010101011100
00111100100000010110100001100100011011001111010010111111011000011000101010101110
00011110010000001011010000110010001101100111101001011111101100001100010101010111
01001111001000000101101000011001000110110011110100101111110110000110001010101011
01100111100100000010110100001100100011011001111010010111111011000011000101010101
01110011110010000001011010000110010001101100111101001011111101100001100010101010
00111001111001000000101101000011001000110110011110100101111110110000110001010101
01011100111100100000010110100001100100011011001111010010111111011000011000101010
00101110011110010000001011010000110010001101100111101001011111101100001100010101
01010111001111001000000101101000011001000110110011110100101111110110000110001010
00101011100111100100000010110100001100100011011001111010010111111011000011000101
01010101110011110010000001011010000110010001101100111101001011111101100001100010
00101010111001111001000000101101000011001000110110011110100101111110110000110001
01010101011100111100100000010110100001100100011011001111010010111111011000011000
00101010101110011110010000001011010000110010001101100111101001011111101100001100
00010101010111001111001000000101101000011001000110110011110100101111110110000110
00001010101011100111100100000010110100001100100011011001111010010111111011000011
01000101010101110011110010000001011010000110010001101100111101001011111101100001
01100010101010111001111001000000101101000011001000110110011110100101111110110000
00110001010101011100111100100000010110100001100100011011001111010010111111011000
00011000101010101110011110010000001011010000110010001101100111101001011111101100
00001100010101010111001111001000000101101000011001000110110011110100101111110110
00000110001010101011100111100100000010110100001100100011011001111010010111111011
01000011000101010101110011110010000001011010000110010001101100111101001011111101
01100001100010101010111001111001000000101101000011001000110110011110100101111110
00110000110001010101011100111100100000010110100001100100011011001111010010111111
01011000011000101010101110011110010000001011010000110010001101100111101001011111
01101100001100010101010111001111001000000101101000011001000110110011110100101111
01110110000110001010101011100111100100000010110100001100100011011001111010010111
01111011000011000101010101110011110010000001011010000110010001101100111101001011
01111101100001100010101010111001111001000000101101000011001000110110011110100101
01111110110000110001010101011100111100100000010110100001100100011011001111010010
00111111011000011000101010101110011110010000001011010000110010001101100111101001
01011111101100001100010101010111001111001000000101101000011001000110110011110100
00101111110110000110001010101011100111100100000010110100001100100011011001111010
00010111111011000011000101010101110011110010000001011010000110010001101100111101
01001011111101100001100010101010111001111001000000101101000011001000110110011110
00100101111110110000110001010101011100111100100000010110100001100100011011001111
01010010111111011000011000101010101110011110010000001011010000110010001101100111
01101001011111101100001100010101010111001111001000000101101000011001000110110011
01110100101111110110000110001010101011100111100100000010110100001100100011011001
01111010010111111011000011000101010101110011110010000001011010000110010001101100
00111101001011111101100001100010101010111001111001000000101101000011001000110110
00011110100101111110110000110001010101011100111100100000010110100001100100011011
01001111010010111111011000011000101010101110011110010000001011010000110010001101
01100111101001011111101100001100010101010111001111001000000101101000011001000110
00110011110100101111110110000110001010101011100111100100000010110100001100100011
01011001111010010111111011000011000101010101110011110010000001011010000110010001
01101100111101001011111101100001100010101010111001111001000000101101000011001000
10000000000000000000000000000000000000000000000000000000000000000000000000000000
11001001100001011010000001001111001110101010100011000011011111101001011110011011
11100100110000101101000000100111100111010101010001100001101111110100101111001101
11110010011000010110100000010011110011101010101000110000110111111010010111100110
10111001001100001011010000001001111001110101010100011000011011111101001011110011
11011100100110000101101000000100111100111010101010001100001101111110100101111001
11101110010011000010110100000010011110011101010101000110000110111111010010111100
10110111001001100001011010000001001111001110101010100011000011011111101001011110
10011011100100110000101101000000100111100111010101010001100001101111110100101111
11001101110010011000010110100000010011110011101010101000110000110111111010010111
11100110111001001100001011010000001001111001110101010100011000011011111101001011
11110011011100100110000101101000000100111100111010101010001100001101111110100101
11111001101110010011000010110100000010011110011101010101000110000110111111010010
10111100110111001001100001011010000001001111001110101010100011000011011111101001
11011110011011100100110000101101000000100111100111010101010001100001101111110100
10101111001101110010011000010110100000010011110011101010101000110000110111111010
10010111100110111001001100001011010000001001111001110101010100011000011011111101
11001011110011011100100110000101101000000100111100111010101010001100001101111110
10100101111001101110010011000010110100000010011110011101010101000110000110111111
11010010111100110111001001100001011010000001001111001110101010100011000011011111
11101001011110011011100100110000101101000000100111100111010101010001100001101111
11110100101111001101110010011000010110100000010011110011101010101000110000110111
11111010010111100110111001001100001011010000001001111001110101010100011000011011
11111101001011110011011100100110000101101000000100111100111010101010001100001101
11111110100101111001101110010011000010110100000010011110011101010101000110000110
10111111010010111100110111001001100001011010000001001111001110101010100011000011
11011111101001011110011011100100110000101101000000100111100111010101010001100001
11101111110100101111001101110010011000010110100000010011110011101010101000110000
10110111111010010111100110111001001100001011010000001001111001110101010100011000
10011011111101001011110011011100100110000101101000000100111100111010101010001100
10001101111110100101111001101110010011000010110100000010011110011101010101000110
10000110111111010010111100110111001001100001011010000001001111001110101010100011
11000011011111101001011110011011100100110000101101000000100111100111010101010001
11100001101111110100101111001101110010011000010110100000010011110011101010101000
10110000110111111010010111100110111001001100001011010000001001111001110101010100
10011000011011111101001011110011011100100110000101101000000100111100111010101010
10001100001101111110100101111001101110010011000010110100000010011110011101010101
11000110000110111111010010111100110111001001100001011010000001001111001110101010
10100011000011011111101001011110011011100100110000101101000000100111100111010101
11010001100001101111110100101111001101110010011000010110100000010011110011101010
10101000110000110111111010010111100110111001001100001011010000001001111001110101
11010100011000011011111101001011110011011100100110000101101000000100111100111010
10101010001100001101111110100101111001101110010011000010110100000010011110011101
11010101000110000110111111010010111100110111001001100001011010000001001111001110
10101010100011000011011111101001011110011011100100110000101101000000100111100111
11010101010001100001101111110100101111001101110010011000010110100000010011110011
11101010101000110000110111111010010111100110111001001100001011010000001001111001
11110101010100011000011011111101001011110011011100100110000101101000000100111100
10111010101010001100001101111110100101111001101110010011000010110100000010011110
10011101010101000110000110111111010010111100110111001001100001011010000001001111
11001110101010100011000011011111101001011110011011100100110000101101000000100111
11100111010101010001100001101111110100101111001101110010011000010110100000010011
11110011101010101000110000110111111010010111100110111001001100001011010000001001
11111001110101010100011000011011111101001011110011011100100110000101101000000100
10111100111010101010001100001101111110100101111001101110010011000010110100000010
10011110011101010101000110000110111111010010111100110111001001100001011010000001
11001111001110101010100011000011011111101001011110011011100100110000101101000000
10100111100111010101010001100001101111110100101111001101110010011000010110100000
10010011110011101010101000110000110111111010010111100110111001001100001011010000
10001001111001110101010100011000011011111101001011110011011100100110000101101000
10000100111100111010101010001100001101111110100101111001101110010011000010110100
10000010011110011101010101000110000110111111010010111100110111001001100001011010
10000001001111001110101010100011000011011111101001011110011011100100110000101101
11000000100111100111010101010001100001101111110100101111001101110010011000010110
10100000010011110011101010101000110000110111111010010111100110111001001100001011
11010000001001111001110101010100011000011011111101001011110011011100100110000101
11101000000100111100111010101010001100001101111110100101111001101110010011000010
10110100000010011110011101010101000110000110111111010010111100110111001001100001
11011010000001001111001110101010100011000011011111101001011110011011100100110000
10101101000000100111100111010101010001100001101111110100101111001101110010011000
10010110100000010011110011101010101000110000110111111010010111100110111001001100
10001011010000001001111001110101010100011000011011111101001011110011011100100110
10000101101000000100111100111010101010001100001101111110100101111001101110010011
11000010110100000010011110011101010101000110000110111111010010111100110111001001
11100001011010000001001111001110101010100011000011011111101001011110011011100100
10110000101101000000100111100111010101010001100001101111110100101111001101110010
10011000010110100000010011110011101010101000110000110111111010010111100110111001
11001100001011010000001001111001110101010100011000011011111101001011110011011100
10100110000101101000000100111100111010101010001100001101111110100101111001101110
10010011000010110100000010011110011101010101000110000110111111010010111100110111
