011111111111111111111111111111111111111111111111011111111111111111111111111111111111111111111111
001111011110010101110010011011000101011000010000001111011110010101110010011011000101011000010000
000111101111001010111001001101100010101100001000000111101111001010111001001101100010101100001000
000011110111100101011100100110110001010110000100000011110111100101011100100110110001010110000100
000001111011110010101110010011011000101011000010000001111011110010101110010011011000101011000010
000000111101111001010111001001101100010101100001000000111101111001010111001001101100010101100001
010000011110111100101011100100110110001010110000010000011110111100101011100100110110001010110000
001000001111011110010101110010011011000101011000001000001111011110010101110010011011000101011000
000100000111101111001010111001001101100010101100000100000111101111001010111001001101100010101100
000010000011110111100101011100100110110001010110000010000011110111100101011100100110110001010110
000001000001111011110010101110010011011000101011000001000001111011110010101110010011011000101011
010000100000111101111001010111001001101100010101010000100000111101111001010111001001101100010101
011000010000011110111100101011100100110110001010011000010000011110111100101011100100110110001010
001100001000001111011110010101110010011011000101001100001000001111011110010101110010011011000101
010110000100000111101111001010111001001101100010010110000100000111101111001010111001001101100010
001011000010000011110111100101011100100110110001001011000010000011110111100101011100100110110001
010101100001000001111011110010101110010011011000010101100001000001111011110010101110010011011000
001010110000100000111101111001010111001001101100001010110000100000111101111001010111001001101100
000101011000010000011110111100101011100100110110000101011000010000011110111100101011100100110110
000010101100001000001111011110010101110010011011000010101100001000001111011110010101110010011011
010001010110000100000111101111001010111001001101010001010110000100000111101111001010111001001101
011000101011000010000011110111100101011100100110011000101011000010000011110111100101011100100110
001100010101100001000001111011110010101110010011001100010101100001000001111011110010101110010011
010110001010110000100000111101111001010111001001010110001010110000100000111101111001010111001001
011011000101011000010000011110111100101011100100011011000101011000010000011110111100101011100100
001101100010101100001000001111011110010101110010001101100010101100001000001111011110010101110010
000110110001010110000100000111101111001010111001000110110001010110000100000111101111001010111001
010011011000101011000010000011110111100101011100010011011000101011000010000011110111100101011100
001001101100010101100001000001111011110010101110001001101100010101100001000001111011110010101110
000100110110001010110000100000111101111001010111000100110110001010110000100000111101111001010111
010010011011000101011000010000011110111100101011010010011011000101011000010000011110111100101011
011001001101100010101100001000001111011110010101011001001101100010101100001000001111011110010101
011100100110110001010110000100000111101111001010011100100110110001010110000100000111101111001010
001110010011011000101011000010000011110111100101001110010011011000101011000010000011110111100101
010111001001101100010101100001000001111011110010010111001001101100010101100001000001111011110010
001011100100110110001010110000100000111101111001001011100100110110001010110000100000111101111001
010101110010011011000101011000010000011110111100010101110010011011000101011000010000011110111100
001010111001001101100010101100001000001111011110001010111001001101100010101100001000001111011110
000101011100100110110001010110000100000111101111000101011100100110110001010110000100000111101111
010010101110010011011000101011000010000011110111010010101110010011011000101011000010000011110111
011001010111001001101100010101100001000001111011011001010111001001101100010101100001000001111011
011100101011100100110110001010110000100000111101011100101011100100110110001010110000100000111101
011110010101110010011011000101011000010000011110011110010101110010011011000101011000010000011110
001111001010111001001101100010101100001000001111001111001010111001001101100010101100001000001111
010111100101011100100110110001010110000100000111010111100101011100100110110001010110000100000111
011011110010101110010011011000101011000010000011011011110010101110010011011000101011000010000011
011101111001010111001001101100010101100001000001011101111001010111001001101100010101100001000001
011110111100101011100100110110001010110000100000011110111100101011100100110110001010110000100000
011111111111111111111111111111111111111111111111100000000000000000000000000000000000000000000000
001111011110010101110010011011000101011000010000110000100001101010001101100100111010100111101111
000111101111001010111001001101100010101100001000111000010000110101000110110010011101010011110111
000011110111100101011100100110110001010110000100111100001000011010100011011001001110101001111011
000001111011110010101110010011011000101011000010111110000100001101010001101100100111010100111101
000000111101111001010111001001101100010101100001111111000010000110101000110110010011101010011110
010000011110111100101011100100110110001010110000101111100001000011010100011011001001110101001111
001000001111011110010101110010011011000101011000110111110000100001101010001101100100111010100111
000100000111101111001010111001001101100010101100111011111000010000110101000110110010011101010011
000010000011110111100101011100100110110001010110111101111100001000011010100011011001001110101001
000001000001111011110010101110010011011000101011111110111110000100001101010001101100100111010100
010000100000111101111001010111001001101100010101101111011111000010000110101000110110010011101010
011000010000011110111100101011100100110110001010100111101111100001000011010100011011001001110101
001100001000001111011110010101110010011011000101110011110111110000100001101010001101100100111010
010110000100000111101111001010111001001101100010101001111011111000010000110101000110110010011101
001011000010000011110111100101011100100110110001110100111101111100001000011010100011011001001110
010101100001000001111011110010101110010011011000101010011110111110000100001101010001101100100111
001010110000100000111101111001010111001001101100110101001111011111000010000110101000110110010011
000101011000010000011110111100101011100100110110111010100111101111100001000011010100011011001001
000010101100001000001111011110010101110010011011111101010011110111110000100001101010001101100100
010001010110000100000111101111001010111001001101101110101001111011111000010000110101000110110010
011000101011000010000011110111100101011100100110100111010100111101111100001000011010100011011001
001100010101100001000001111011110010101110010011110011101010011110111110000100001101010001101100
010110001010110000100000111101111001010111001001101001110101001111011111000010000110101000110110
011011000101011000010000011110111100101011100100100100111010100111101111100001000011010100011011
001101100010101100001000001111011110010101110010110010011101010011110111110000100001101010001101
000110110001010110000100000111101111001010111001111001001110101001111011111000010000110101000110
010011011000101011000010000011110111100101011100101100100111010100111101111100001000011010100011
001001101100010101100001000001111011110010101110110110010011101010011110111110000100001101010001
000100110110001010110000100000111101111001010111111011001001110101001111011111000010000110101000
010010011011000101011000010000011110111100101011101101100100111010100111101111100001000011010100
011001001101100010101100001000001111011110010101100110110010011101010011110111110000100001101010
011100100110110001010110000100000111101111001010100011011001001110101001111011111000010000110101
001110010011011000101011000010000011110111100101110001101100100111010100111101111100001000011010
010111001001101100010101100001000001111011110010101000110110010011101010011110111110000100001101
001011100100110110001010110000100000111101111001110100011011001001110101001111011111000010000110
010101110010011011000101011000010000011110111100101010001101100100111010100111101111100001000011
001010111001001101100010101100001000001111011110110101000110110010011101010011110111110000100001
000101011100100110110001010110000100000111101111111010100011011001001110101001111011111000010000
010010101110010011011000101011000010000011110111101101010001101100100111010100111101111100001000
011001010111001001101100010101100001000001111011100110101000110110010011101010011110111110000100
011100101011100100110110001010110000100000111101100011010100011011001001110101001111011111000010
011110010101110010011011000101011000010000011110100001101010001101100100111010100111101111100001
001111001010111001001101100010101100001000001111110000110101000110110010011101010011110111110000
010111100101011100100110110001010110000100000111101000011010100011011001001110101001111011111000
011011110010101110010011011000101011000010000011100100001101010001101100100111010100111101111100
011101111001010111001001101100010101100001000001100010000110101000110110010011101010011110111110
011110111100101011100100110110001010110000100000100001000011010100011011001001110101001111011111
100000000000000000000000000000000000000000000000100000000000000000000000000000000000000000000000
110000100001101010001101100100111010100111101111110000100001101010001101100100111010100111101111
111000010000110101000110110010011101010011110111111000010000110101000110110010011101010011110111
111100001000011010100011011001001110101001111011111100001000011010100011011001001110101001111011
111110000100001101010001101100100111010100111101111110000100001101010001101100100111010100111101
111111000010000110101000110110010011101010011110111111000010000110101000110110010011101010011110
101111100001000011010100011011001001110101001111101111100001000011010100011011001001110101001111
110111110000100001101010001101100100111010100111110111110000100001101010001101100100111010100111
111011111000010000110101000110110010011101010011111011111000010000110101000110110010011101010011
111101111100001000011010100011011001001110101001111101111100001000011010100011011001001110101001
111110111110000100001101010001101100100111010100111110111110000100001101010001101100100111010100
101111011111000010000110101000110110010011101010101111011111000010000110101000110110010011101010
100111101111100001000011010100011011001001110101100111101111100001000011010100011011001001110101
110011110111110000100001101010001101100100111010110011110111110000100001101010001101100100111010
101001111011111000010000110101000110110010011101101001111011111000010000110101000110110010011101
110100111101111100001000011010100011011001001110110100111101111100001000011010100011011001001110
101010011110111110000100001101010001101100100111101010011110111110000100001101010001101100100111
110101001111011111000010000110101000110110010011110101001111011111000010000110101000110110010011
111010100111101111100001000011010100011011001001111010100111101111100001000011010100011011001001
111101010011110111110000100001101010001101100100111101010011110111110000100001101010001101100100
101110101001111011111000010000110101000110110010101110101001111011111000010000110101000110110010
100111010100111101111100001000011010100011011001100111010100111101111100001000011010100011011001
110011101010011110111110000100001101010001101100110011101010011110111110000100001101010001101100
101001110101001111011111000010000110101000110110101001110101001111011111000010000110101000110110
100100111010100111101111100001000011010100011011100100111010100111101111100001000011010100011011
110010011101010011110111110000100001101010001101110010011101010011110111110000100001101010001101
111001001110101001111011111000010000110101000110111001001110101001111011111000010000110101000110
101100100111010100111101111100001000011010100011101100100111010100111101111100001000011010100011
110110010011101010011110111110000100001101010001110110010011101010011110111110000100001101010001
111011001001110101001111011111000010000110101000111011001001110101001111011111000010000110101000
101101100100111010100111101111100001000011010100101101100100111010100111101111100001000011010100
100110110010011101010011110111110000100001101010100110110010011101010011110111110000100001101010
100011011001001110101001111011111000010000110101100011011001001110101001111011111000010000110101
110001101100100111010100111101111100001000011010110001101100100111010100111101111100001000011010
101000110110010011101010011110111110000100001101101000110110010011101010011110111110000100001101
110100011011001001110101001111011111000010000110110100011011001001110101001111011111000010000110
101010001101100100111010100111101111100001000011101010001101100100111010100111101111100001000011
110101000110110010011101010011110111110000100001110101000110110010011101010011110111110000100001
111010100011011001001110101001111011111000010000111010100011011001001110101001111011111000010000
101101010001101100100111010100111101111100001000101101010001101100100111010100111101111100001000
100110101000110110010011101010011110111110000100100110101000110110010011101010011110111110000100
100011010100011011001001110101001111011111000010100011010100011011001001110101001111011111000010
100001101010001101100100111010100111101111100001100001101010001101100100111010100111101111100001
110000110101000110110010011101010011110111110000110000110101000110110010011101010011110111110000
101000011010100011011001001110101001111011111000101000011010100011011001001110101001111011111000
100100001101010001101100100111010100111101111100100100001101010001101100100111010100111101111100
100010000110101000110110010011101010011110111110100010000110101000110110010011101010011110111110
100001000011010100011011001001110101001111011111100001000011010100011011001001110101001111011111
100000000000000000000000000000000000000000000000011111111111111111111111111111111111111111111111
110000100001101010001101100100111010100111101111001111011110010101110010011011000101011000010000
111000010000110101000110110010011101010011110111000111101111001010111001001101100010101100001000
111100001000011010100011011001001110101001111011000011110111100101011100100110110001010110000100
111110000100001101010001101100100111010100111101000001111011110010101110010011011000101011000010
111111000010000110101000110110010011101010011110000000111101111001010111001001101100010101100001
101111100001000011010100011011001001110101001111010000011110111100101011100100110110001010110000
110111110000100001101010001101100100111010100111001000001111011110010101110010011011000101011000
111011111000010000110101000110110010011101010011000100000111101111001010111001001101100010101100
111101111100001000011010100011011001001110101001000010000011110111100101011100100110110001010110
111110111110000100001101010001101100100111010100000001000001111011110010101110010011011000101011
101111011111000010000110101000110110010011101010010000100000111101111001010111001001101100010101
100111101111100001000011010100011011001001110101011000010000011110111100101011100100110110001010
110011110111110000100001101010001101100100111010001100001000001111011110010101110010011011000101
101001111011111000010000110101000110110010011101010110000100000111101111001010111001001101100010
110100111101111100001000011010100011011001001110001011000010000011110111100101011100100110110001
101010011110111110000100001101010001101100100111010101100001000001111011110010101110010011011000
110101001111011111000010000110101000110110010011001010110000100000111101111001010111001001101100
111010100111101111100001000011010100011011001001000101011000010000011110111100101011100100110110
111101010011110111110000100001101010001101100100000010101100001000001111011110010101110010011011
101110101001111011111000010000110101000110110010010001010110000100000111101111001010111001001101
100111010100111101111100001000011010100011011001011000101011000010000011110111100101011100100110
110011101010011110111110000100001101010001101100001100010101100001000001111011110010101110010011
101001110101001111011111000010000110101000110110010110001010110000100000111101111001010111001001
100100111010100111101111100001000011010100011011011011000101011000010000011110111100101011100100
110010011101010011110111110000100001101010001101001101100010101100001000001111011110010101110010
111001001110101001111011111000010000110101000110000110110001010110000100000111101111001010111001
101100100111010100111101111100001000011010100011010011011000101011000010000011110111100101011100
110110010011101010011110111110000100001101010001001001101100010101100001000001111011110010101110
111011001001110101001111011111000010000110101000000100110110001010110000100000111101111001010111
101101100100111010100111101111100001000011010100010010011011000101011000010000011110111100101011
100110110010011101010011110111110000100001101010011001001101100010101100001000001111011110010101
100011011001001110101001111011111000010000110101011100100110110001010110000100000111101111001010
110001101100100111010100111101111100001000011010001110010011011000101011000010000011110111100101
101000110110010011101010011110111110000100001101010111001001101100010101100001000001111011110010
110100011011001001110101001111011111000010000110001011100100110110001010110000100000111101111001
101010001101100100111010100111101111100001000011010101110010011011000101011000010000011110111100
110101000110110010011101010011110111110000100001001010111001001101100010101100001000001111011110
111010100011011001001110101001111011111000010000000101011100100110110001010110000100000111101111
101101010001101100100111010100111101111100001000010010101110010011011000101011000010000011110111
100110101000110110010011101010011110111110000100011001010111001001101100010101100001000001111011
100011010100011011001001110101001111011111000010011100101011100100110110001010110000100000111101
100001101010001101100100111010100111101111100001011110010101110010011011000101011000010000011110
110000110101000110110010011101010011110111110000001111001010111001001101100010101100001000001111
101000011010100011011001001110101001111011111000010111100101011100100110110001010110000100000111
100100001101010001101100100111010100111101111100011011110010101110010011011000101011000010000011
100010000110101000110110010011101010011110111110011101111001010111001001101100010101100001000001
100001000011010100011011001001110101001111011111011110111100101011100100110110001010110000100000
