001001011010010001000011000010001001111110010010111000011101
000100101101001000100001100001000100111111001101011100001110
100010010110100100010000110000100010011111100010101110000111
010001001011010010001000011000010001001111110101010111000011
001000100101101001000100001100001000100111111110101011100001
100100010010110000100010000110100100010011111111010101110000
010010001001011000010001000011110010001001111011101010111000
101001000100101100001000100001111001000100111001110101011100
110100100010010110000100010000111100100010011000111010101110
011010010001001011000010001000111110010001001000011101010111
101101001000100001100001000100111111001000100100001110101011
010110100100010000110000100010011111100100010110000111010101
001011010010001000011000010001001111110010001111000011101010
100101101001000100001100001000100111111001000011100001110101
010010110100100010000110000100010011111100100101110000111010
110111100111101001001011010010101000111100010001001111110010
111011110011110000100101101001010100011110001000100111111001
011101111001111100010010110100101010001111000100010011111100
101110111100111010001001011010010101000111100010001001111110
110111011110011001000100101101001010100011110001000100111111
111011101111001100100010010110000101010001111100100010011111
111101110111100010010001001011100010101000111110010001001111
011110111011110101001000100101110001010100011111001000100111
001111011101111110100100010010111000101010001111100100010011
100111101110111011010010001001111100010101000111110010001001
110011110111011101101001000100011110001010100111111001000100
111001111011101010110100100010001111000101010011111100100010
111100111101110001011010010001000111100010101001111110010001
011110011110111100101101001000100011110001010100111111001000
101111001111011010010110100100010001111000101010011111100100
110110000001101010111000011101001001011010010110111100111101
111011000000110101011100001110000100101101001111011110011110
011101100000011010101110000111100010010110100011101111001111
101110110000001101010111000011010001001011010101110111100111
110111011000000110101011100001001000100101101110111011110011
011011101100000111010101110000100100010010110111011101111001
001101110110000011101010111000010010001001011111101110111100
000110111011000001110101011100101001000100101011110111011110
000011011101100000111010101110110100100010010001111011101111
000001101110110000011101010111011010010001001100111101110111
000000110111011100001110101011101101001000100110011110111011
100000011011101110000111010101010110100100010111001111011101
110000001101110111000011101010001011010010001111100111101110
011000000110111011100001110101100101101001000011110011110111
101100000011011101110000111010010010110100100101111001111011
101000111100010110110000001101001000011000010001001011010010
010100011110001111011000000110000100001100001000100101101001
101010001111000011101100000011100010000110000100010010110100
010101000111100101110110000001010001000011000010001001011010
001010100011110110111011000000001000100001100001000100101101
000101010001111011011101100000000100010000110100100010010110
100010101000111001101110110000000010001000011010010001001011
110001010100011000110111011000100001000100001101001000100101
111000101010001000011011101100110000100010000110100100010010
111100010101000000001101110110011000010001000011010010001001
011110001010100000000110111011001100001000100101101001000100
001111000101010100000011011101000110000100010010110100100010
000111100010101110000001101110000011000010001001011010010001
100011110001010011000000110111100001100001000100101101001000
010001111000101101100000011011010000110000100010010110100100
110110100101101110111100111101110110000001101101000111100010
111011010010110111011110011110111011000000110010100011110001
011101101001011011101111001111011101100000011101010001111000
101110110100101101110111100111101110110000001010101000111100
110111011010010110111011110011110111011000000001010100011110
011011101101001111011101111001011011101100000000101010001111
101101110110100111101110111100001101110110000100010101000111
010110111011010011110111011110000110111011000110001010100011
001011011101101001111011101111000011011101100111000101010001
100101101110110100111101110111000001101110110111100010101000
010010110111011110011110111011000000110111011011110001010100
101001011011101111001111011101100000011011101001111000101010
110100101101110111100111101110110000001101110000111100010101
011010010110111011110011110111011000000110111100011110001010
101101001011011101111001111011101100000011011010001111000101
001000011000010110110100101101010111000011101110110000001101
000100001100001111011010010110101011100001110111011000000110
100010000110000011101101001011010101110000111011101100000011
010001000011000101110110100101101010111000011101110110000001
001000100001100110111011010010110101011100001110111011000000
000100010000110011011101101001111010101110000011011101100000
000010001000011101101110110100011101010111000001101110110000
100001000100001010110111011010001110101011100000110111011000
110000100010000001011011101101000111010101110000011011101100
011000010001000100101101110110000011101010111000001101110110
001100001000100010010110111011100001110101011000000110111011
000110000100010101001011011101110000111010101100000011011101
000011000010001110100101101110111000011101010110000001101110
100001100001000011010010110111011100001110101011000000110111
010000110000100101101001011011101110000111010101100000011011
001001111110010101000111100010110110100101101001000011000010
000100111111001010100011110001111011010010110000100001100001
100010011111100101010001111000011101101001011100010000110000
010001001111110010101000111100101110110100101010001000011000
001000100111111001010100011110110111011010010001000100001100
100100010011111000101010001111011011101101001000100010000110
110010001001111100010101000111101101110110100000010001000011
111001000100111110001010100011010110111011010100001000100001
111100100010011111000101010001001011011101101110000100010000
111110010001001111100010101000100101101110110011000010001000
111111001000100011110001010100010010110111011001100001000100
011111100100010001111000101010101001011011101000110000100010
001111110010001000111100010101110100101101110000011000010001
100111111001000100011110001010011010010110111100001100001000
010011111100100010001111000101101101001011011010000110000100
010111000011101001001111110010110111100111101110110100101101
101011100001110000100111111001111011110011110111011010010110
010101110000111100010011111100011101111001111011101101001011
101010111000011010001001111110101110111100111101110110100101
110101011100001001000100111111110111011110011110111011010010
111010101110000100100010011111111011101111001011011101101001
011101010111000110010001001111111101110111100101101110110100
001110101011100111001000100111011110111011110010110111011010
000111010101110111100100010011001111011101111001011011101101
000011101010111111110010001001100111101110111100101101110110
100001110101011111111001000100110011110111011010010110111011
110000111010101011111100100010111001111011101101001011011101
111000011101010001111110010001111100111101110110100101101110
011100001110101100111111001000011110011110111011010010110111
101110000111010010011111100100101111001111011101101001011011
