01111110011110010110101100110111111001111001011010110011
10111110001111101011010110011011111000111110101101011001
11011111000111010101111011001101111100011101010111101100
11101111100011101010101101101110111110001110101010110110
11110111110001110101000110111111011111000111010100011011
11111011111000011010110011011111101111100001101011001101
11111100111100101101011001101111110011110010110101100110
11000010111111100110001011011100001011111110011000101101
11100001011111010011010101101110000101111101001101010110
01110001101111001001101010110111000110111100100110101011
00111001110111100100110101010011100111011110010011010101
00011101111011110010011010100001110111101111001001101010
00001111111101011001001101010000111111110101100100110101
10000111111110001100110110101000011111111000110011011010
10100100110011011111111000011010010011001101111111100001
01010011011001101111111100000101001101100110111111110000
10101001101100110111101110001010100110110011011110111000
01010100110110111011100111000101010011011011101110011100
00101010011011111101100011100010101001101111110110001110
10010101001101111110100001111001010100110111111010000111
01001011100110111111010000110100101110011011111101000011
10011001010010001111001111111001100101001000111100111111
01001100101001000111110111110100110010100100011111011111
00100111010100100011111011110010011101010010001111101111
10010010101010110001111101111001001010101011000111110111
11001000010101111000111110111100100001010111100011111011
01100101001010111100011111010110010100101011110001111101
00110010100101011110011111100011001010010101111001111110
01111110011110010110101100111000000110000110100101001100
10111110001111101011010110010100000111000001010010100110
11011111000111010101111011000010000011100010101000010011
11101111100011101010101101100001000001110001010101001001
11110111110001110101000110110000100000111000101011100100
11111011111000011010110011010000010000011110010100110010
11111100111100101101011001100000001100001101001010011001
11000010111111100110001011010011110100000001100111010010
11100001011111010011010101100001111010000010110010101001
01110001101111001001101010111000111001000011011001010100
00111001110111100100110101011100011000100001101100101010
00011101111011110010011010101110001000010000110110010101
00001111111101011001001101011111000000001010011011001010
10000111111110001100110110100111100000000111001100100101
10100100110011011111111000010101101100110010000000011110
01010011011001101111111100001010110010011001000000001111
10101001101100110111101110000101011001001100100001000111
01010100110110111011100111001010101100100100010001100011
00101010011011111101100011101101010110010000001001110001
10010101001101111110100001110110101011001000000101111000
01001011100110111111010000111011010001100100000010111100
10011001010010001111001111110110011010110111000011000000
01001100101001000111110111111011001101011011100000100000
00100111010100100011111011111101100010101101110000010000
10010010101010110001111101110110110101010100111000001000
11001000010101111000111110110011011110101000011100000100
01100101001010111100011111011001101011010100001110000010
00110010100101011110011111101100110101101010000110000001
10000001100001101001010011001000000110000110100101001100
01000001110000010100101001100100000111000001010010100110
00100000111000101010000100110010000011100010101000010011
00010000011100010101010010010001000001110001010101001001
00001000001110001010111001000000100000111000101011100100
00000100000111100101001100100000010000011110010100110010
00000011000011010010100110010000001100001101001010011001
00111101000000011001110100100011110100000001100111010010
00011110100000101100101010010001111010000010110010101001
10001110010000110110010101001000111001000011011001010100
11000110001000011011001010101100011000100001101100101010
11100010000100001101100101011110001000010000110110010101
11110000000010100110110010101111000000001010011011001010
01111000000001110011001001010111100000000111001100100101
01011011001100100000000111100101101100110010000000011110
10101100100110010000000011111010110010011001000000001111
01010110010011001000010001110101011001001100100001000111
10101011001001000100011000111010101100100100010001100011
11010101100100000010011100011101010110010000001001110001
01101010110010000001011110000110101011001000000101111000
10110100011001000000101111001011010001100100000010111100
01100110101101110000110000000110011010110111000011000000
10110011010110111000001000001011001101011011100000100000
11011000101011011100000100001101100010101101110000010000
01101101010101001110000010000110110101010100111000001000
00110111101010000111000001000011011110101000011100000100
10011010110101000011100000101001101011010100001110000010
11001101011010100001100000011100110101101010000110000001
10000001100001101001010011000111111001111001011010110011
01000001110000010100101001101011111000111110101101011001
00100000111000101010000100111101111100011101010111101100
00010000011100010101010010011110111110001110101010110110
00001000001110001010111001001111011111000111010100011011
00000100000111100101001100101111101111100001101011001101
00000011000011010010100110011111110011110010110101100110
00111101000000011001110100101100001011111110011000101101
00011110100000101100101010011110000101111101001101010110
10001110010000110110010101000111000110111100100110101011
11000110001000011011001010100011100111011110010011010101
11100010000100001101100101010001110111101111001001101010
11110000000010100110110010100000111111110101100100110101
01111000000001110011001001011000011111111000110011011010
01011011001100100000000111101010010011001101111111100001
10101100100110010000000011110101001101100110111111110000
01010110010011001000010001111010100110110011011110111000
10101011001001000100011000110101010011011011101110011100
11010101100100000010011100010010101001101111110110001110
01101010110010000001011110001001010100110111111010000111
10110100011001000000101111000100101110011011111101000011
01100110101101110000110000001001100101001000111100111111
10110011010110111000001000000100110010100100011111011111
11011000101011011100000100000010011101010010001111101111
01101101010101001110000010001001001010101011000111110111
00110111101010000111000001001100100001010111100011111011
10011010110101000011100000100110010100101011110001111101
11001101011010100001100000010011001010010101111001111110
