01111111111111111111111111111111111111111111111111111111111111111111
00100101001100011110101111110010001011101100000010100001110011010110
00010010100110001111010111111001000101110110000001010000111001101011
01001001010011000111101011111100100010111011000000101000011100110101
01100100101001100011110101111110010001011101100000010100001110011010
00110010010100110001111010111111001000101110110000001010000111001101
01011001001010011000111101011111100100010111011000000101000011100110
00101100100101001100011110101111110010001011101100000010100001110011
01010110010010100110001111010111111001000101110110000001010000111001
01101011001001010011000111101011111100100010111011000000101000011100
00110101100100101001100011110101111110010001011101100000010100001110
00011010110010010100110001111010111111001000101110110000001010000111
01001101011001001010011000111101011111100100010111011000000101000011
01100110101100100101001100011110101111110010001011101100000010100001
01110011010110010010100110001111010111111001000101110110000001010000
00111001101011001001010011000111101011111100100010111011000000101000
00011100110101100100101001100011110101111110010001011101100000010100
00001110011010110010010100110001111010111111001000101110110000001010
00000111001101011001001010011000111101011111100100010111011000000101
01000011100110101100100101001100011110101111110010001011101100000010
00100001110011010110010010100110001111010111111001000101110110000001
01010000111001101011001001010011000111101011111100100010111011000000
00101000011100110101100100101001100011110101111110010001011101100000
00010100001110011010110010010100110001111010111111001000101110110000
00001010000111001101011001001010011000111101011111100100010111011000
00000101000011100110101100100101001100011110101111110010001011101100
00000010100001110011010110010010100110001111010111111001000101110110
00000001010000111001101011001001010011000111101011111100100010111011
01000000101000011100110101100100101001100011110101111110010001011101
01100000010100001110011010110010010100110001111010111111001000101110
00110000001010000111001101011001001010011000111101011111100100010111
01011000000101000011100110101100100101001100011110101111110010001011
01101100000010100001110011010110010010100110001111010111111001000101
01110110000001010000111001101011001001010011000111101011111100100010
00111011000000101000011100110101100100101001100011110101111110010001
01011101100000010100001110011010110010010100110001111010111111001000
00101110110000001010000111001101011001001010011000111101011111100100
00010111011000000101000011100110101100100101001100011110101111110010
00001011101100000010100001110011010110010010100110001111010111111001
01000101110110000001010000111001101011001001010011000111101011111100
00100010111011000000101000011100110101100100101001100011110101111110
00010001011101100000010100001110011010110010010100110001111010111111
01001000101110110000001010000111001101011001001010011000111101011111
01100100010111011000000101000011100110101100100101001100011110101111
01110010001011101100000010100001110011010110010010100110001111010111
01111001000101110110000001010000111001101011001001010011000111101011
01111100100010111011000000101000011100110101100100101001100011110101
01111110010001011101100000010100001110011010110010010100110001111010
00111111001000101110110000001010000111001101011001001010011000111101
01011111100100010111011000000101000011100110101100100101001100011110
00101111110010001011101100000010100001110011010110010010100110001111
01010111111001000101110110000001010000111001101011001001010011000111
01101011111100100010111011000000101000011100110101100100101001100011
01110101111110010001011101100000010100001110011010110010010100110001
01111010111111001000101110110000001010000111001101011001001010011000
00111101011111100100010111011000000101000011100110101100100101001100
00011110101111110010001011101100000010100001110011010110010010100110
00001111010111111001000101110110000001010000111001101011001001010011
01000111101011111100100010111011000000101000011100110101100100101001
01100011110101111110010001011101100000010100001110011010110010010100
00110001111010111111001000101110110000001010000111001101011001001010
00011000111101011111100100010111011000000101000011100110101100100101
01001100011110101111110010001011101100000010100001110011010110010010
00100110001111010111111001000101110110000001010000111001101011001001
01010011000111101011111100100010111011000000101000011100110101100100
00101001100011110101111110010001011101100000010100001110011010110010
00010100110001111010111111001000101110110000001010000111001101011001
01001010011000111101011111100100010111011000000101000011100110101100
10000000000000000000000000000000000000000000000000000000000000000000
11011010110011100001010000001101110100010011111101011110001100101001
11101101011001110000101000000110111010001001111110101111000110010100
10110110101100111000010100000011011101000100111111010111100011001010
10011011010110011100001010000001101110100010011111101011110001100101
11001101101011001110000101000000110111010001001111110101111000110010
10100110110101100111000010100000011011101000100111111010111100011001
11010011011010110011100001010000001101110100010011111101011110001100
10101001101101011001110000101000000110111010001001111110101111000110
10010100110110101100111000010100000011011101000100111111010111100011
11001010011011010110011100001010000001101110100010011111101011110001
11100101001101101011001110000101000000110111010001001111110101111000
10110010100110110101100111000010100000011011101000100111111010111100
10011001010011011010110011100001010000001101110100010011111101011110
10001100101001101101011001110000101000000110111010001001111110101111
11000110010100110110101100111000010100000011011101000100111111010111
11100011001010011011010110011100001010000001101110100010011111101011
11110001100101001101101011001110000101000000110111010001001111110101
11111000110010100110110101100111000010100000011011101000100111111010
10111100011001010011011010110011100001010000001101110100010011111101
11011110001100101001101101011001110000101000000110111010001001111110
10101111000110010100110110101100111000010100000011011101000100111111
11010111100011001010011011010110011100001010000001101110100010011111
11101011110001100101001101101011001110000101000000110111010001001111
11110101111000110010100110110101100111000010100000011011101000100111
11111010111100011001010011011010110011100001010000001101110100010011
11111101011110001100101001101101011001110000101000000110111010001001
11111110101111000110010100110110101100111000010100000011011101000100
10111111010111100011001010011011010110011100001010000001101110100010
10011111101011110001100101001101101011001110000101000000110111010001
11001111110101111000110010100110110101100111000010100000011011101000
10100111111010111100011001010011011010110011100001010000001101110100
10010011111101011110001100101001101101011001110000101000000110111010
10001001111110101111000110010100110110101100111000010100000011011101
11000100111111010111100011001010011011010110011100001010000001101110
10100010011111101011110001100101001101101011001110000101000000110111
11010001001111110101111000110010100110110101100111000010100000011011
11101000100111111010111100011001010011011010110011100001010000001101
11110100010011111101011110001100101001101101011001110000101000000110
10111010001001111110101111000110010100110110101100111000010100000011
11011101000100111111010111100011001010011011010110011100001010000001
11101110100010011111101011110001100101001101101011001110000101000000
10110111010001001111110101111000110010100110110101100111000010100000
10011011101000100111111010111100011001010011011010110011100001010000
10001101110100010011111101011110001100101001101101011001110000101000
10000110111010001001111110101111000110010100110110101100111000010100
10000011011101000100111111010111100011001010011011010110011100001010
10000001101110100010011111101011110001100101001101101011001110000101
11000000110111010001001111110101111000110010100110110101100111000010
10100000011011101000100111111010111100011001010011011010110011100001
11010000001101110100010011111101011110001100101001101101011001110000
10101000000110111010001001111110101111000110010100110110101100111000
10010100000011011101000100111111010111100011001010011011010110011100
10001010000001101110100010011111101011110001100101001101101011001110
10000101000000110111010001001111110101111000110010100110110101100111
11000010100000011011101000100111111010111100011001010011011010110011
11100001010000001101110100010011111101011110001100101001101101011001
11110000101000000110111010001001111110101111000110010100110110101100
10111000010100000011011101000100111111010111100011001010011011010110
10011100001010000001101110100010011111101011110001100101001101101011
11001110000101000000110111010001001111110101111000110010100110110101
11100111000010100000011011101000100111111010111100011001010011011010
10110011100001010000001101110100010011111101011110001100101001101101
11011001110000101000000110111010001001111110101111000110010100110110
10101100111000010100000011011101000100111111010111100011001010011011
11010110011100001010000001101110100010011111101011110001100101001101
11101011001110000101000000110111010001001111110101111000110010100110
10110101100111000010100000011011101000100111111010111100011001010011
