01001000110001001011010000000010110010111011011101001110001111000111
10100100011000100101101000000001010001011101101110110111000111100011
01010010001100010110110100000000101000101110110111011011100011110001
00101001000110001011011010000000010100010111011011111101110001111000
10010100100011000101101101000000001010001011101101101110111000111100
01001010010001100010110110100000001101000101110110100111011100011110
00100101001000110001011011010000001110100010111011000011101110001111
00010010100100011000101101101000000111010001011101110001110111000111
10001001010010001000010110110100001011101000101110111000111011100011
11000100101001000000001011011010001101110100010111011100011101110001
01100010010100100000000101101101000110111010001011111110001110111000
00110001001010010000000010110110101011011101000101101111000111011100
00011000100101001000000001011011011101101110100010100111100011101110
10001100010010100100000000101101101110110111010001000011110001110111
01000110001001010010000000010110110111011011101000110001111000111011
00100011000100101101000000001011011011101101110100011000111100011101
10010001100010010110100000000101100101110110111010011100011110001110
10010111111110100010010001100010011000111000011100000101110110111010
01001011111111010101001000110001000100011100001110000010111011011101
00100101111111101010100100011000100010001110000111010001011101101110
10010010111111110001010010001100010001000111000011101000101110110111
01001001011111111100101001000110001000100011100001110100010111011011
10100100101111111010010100100011001100010001110000111010001011101101
11010010010111111001001010010001101110001000111000011101000101110110
11101001001011111000100101001000110111000100011100001110100010111011
11110100100101111100010010100100010011100010001110010111010001011101
11111010010010111110001001010010000001110001000111011011101000101110
11111101001001011011000100101001000000111000100011101101110100010111
11111110100100101001100010010100101000011100010001110110111010001011
11111111010010010000110001001010011100001110001000111011011101000101
01111111101001001100011000100101001110000111000100011101101110100010
10111111110100100010001100010010100111000011100010001110110111010001
01011111111010010001000110001001010011100001110001010111011011101000
00101111111101001100100011000100100001110000111000101011101101110100
11010001001000101011100011110001110100100011000100110010111111110100
11101000100100010101110001111000111010010001100010001001011111111010
01110100010010001110111000111100010101001000110001000100101111111101
10111010001001000111011100011110000010100100011000110010010111111110
01011101000100100011101110001111001001010010001100001001001011111111
00101110100010010001110111000111100100101001000110010100100101111111
00010111010001001000111011100011110010010100100011011010010010111111
10001011101000100100011101110001110001001010010001111101001001011111
01000101110100010110001110111000111000100101001000111110100100101111
00100010111010001111000111011100011100010010100100011111010010010111
10010001011101000111100011101110000110001001010010011111101001001011
01001000101110100011110001110111000011000100101001011111110100100101
00100100010111010001111000111011100001100010010100111111111010010010
00010010001011101000111100011101111000110001001010001111111101001001
10001001000101110100011110001110110100011000100101010111111110100100
01000100100010111110001111000111010010001100010010101011111111010010
10100010010001011111000111100011101001000110001001000101111111101001
10001110000111000110100010010001010110100000000101101001000110001001
01000111000011100111010001001000101011010000000010110100100011000100
00100011100001110011101000100100011101101000000001001010010001100010
00010001110000111101110100010010000110110100000000100101001000110001
10001000111000011010111010001001001011011010000000010010100100011000
11000100011100001001011101000100100101101101000000001001010010001100
11100010001110000000101110100010010010110110100000000100101001000110
01110001000111000100010111010001000001011011010000000010010100100011
00111000100011100010001011101000100000101101101000010001001010010001
00011100010001110001000101110100010000010110110100011000100101001000
00001110001000111100100010111010000000001011011010001100010010100100
10000111000100011010010001011101000000000101101101000110001001010010
11000011100010001001001000101110100000000010110110100011000100101001
11100001110001000000100100010111011000000001011011010001100010010100
01110000111000100100010010001011100100000000101101101000110001001010
00111000011100010010001001000101111010000000010110100100011000100101
00011100001110001101000100100010111101000000001011010010001100010010
10110111001110110100101111111101001101000100100010110001110000111000
01011011100111011010010111111110101110100010010001001000111000011100
10101101110011101001001011111111010111010001001000100100011100001110
11010110111001110100100101111111101011101000100100000010001110000111
01101011011100111010010010111111110101110100010010010001000111000011
10110101101110011101001001011111110010111010001001011000100011100001
11011010110111001110100100101111110001011101000100111100010001110000
11101101011011100111010010010111111000101110100010001110001000111000
01110110101101110111101001001011110100010111010001000111000100011100
00111011010110111111110100100101110010001011101000100011100010001110
10011101101011011111111010010010111001000101110100000001110001000111
11001110110101101111111101001001010100100010111010010000111000100011
11100111011010110111111110100100100010010001011101011000011100010001
01110011101101011011111111010010010001001000101110111100001110001000
10111001110110101101111111101001001000100100010111001110000111000100
11011100111011010010111111110100100100010010001011100111000011100010
01101110011101101001011111111010011010001001000101100011100001110001
01101000000001011101101110011101100111000111100011111010001001000101
10110100000000101010110111001110111011100011110001111101000100100010
11011010000000010101011011100111011101110001111000101110100010010001
01101101000000001110101101110011101110111000111100010111010001001000
10110110100000000011010110111001110111011100011110001011101000100100
01011011010000000101101011011100110011101110001111000101110100010010
00101101101000000110110101101110010001110111000111100010111010001001
00010110110100000111011010110111001000111011100011110001011101000100
00001011011010000011101101011011101100011101110001101000101110100010
00000101101101000001110110101101111110001110111000100100010111010001
00000010110110100100111011010110111111000111011100010010001011101000
00000001011011010110011101101011010111100011101110001001000101110100
00000000101101101111001110110101100011110001110111000100100010111010
10000000010110110011100111011010110001111000111011100010010001011101
01000000001011011101110011101101011000111100011101110001001000101110
10100000000101101110111001110110101100011110001110101000100100010111
11010000000010110011011100111011011110001111000111010100010010001011
00101110110111010100011100001110001011011100111011001101000000001011
00010111011011101010001110000111000101101110011101110110100000000101
10001011101101110001000111000011101010110111001110111011010000000010
01000101110110111000100011100001111101011011100111001101101000000001
10100010111011011100010001110000110110101101110011110110110100000000
11010001011101101110001000111000011011010110111001101011011010000000
11101000101110110111000100011100001101101011011100100101101101000000
01110100010111011011100010001110001110110101101110000010110110100000
10111010001011101001110001000111000111011010110111000001011011010000
11011101000101110000111000100011100011101101011011100000101101101000
01101110100010111000011100010001111001110110101101100000010110110100
10110111010001011100001110001000111100111011010110100000001011011010
11011011101000101110000111000100011110011101101011000000000101101101
11101101110100010111000011100010000111001110110101110000000010110110
01110110111010001011100001110001001011100111011010101000000001011011
10111011011101000001110000111000101101110011101101010100000000101101
01011101101110100000111000011100010110111001110110111010000000010110
01110001111000111001011101101110101001011111111010010110111001110110
10111000111100011000101110110111010100101111111101001011011100111011
11011100011110001100010111011011100010010111111110110101101110011101
11101110001111000010001011101101111001001011111111011010110111001110
01110111000111100101000101110110110100100101111111101101011011100111
00111011100011110110100010111011011010010010111111110110101101110011
00011101110001111111010001011101101101001001011111111011010110111001
10001110111000111011101000101110111110100100101111111101101011011100
11000111011100011101110100010111011111010010010111101110110101101110
11100011101110001110111010001011101111101001001011100111011010110111
11110001110111000011011101000101111111110100100101110011101101011011
01111000111011100101101110100010111111111010010010111001110110101101
00111100011101110110110111010001011111111101001001011100111011010110
00011110001110111111011011101000100111111110100100101110011101101011
10001111000111011011101101110100011011111111010010010111001110110101
11000111100011101101110110111010000101111111101001011011100111011010
11100011110001110010111011011101000010111111110100101101110011101101
