00015362502411233
01433505025064171
02370427364207652
03554216211340416
04121650653756067
05646734477535340
06707041146623705
07262173730172524
10474631705246304
11050753122305025
12513070461463560
13335144614012747
14602307257671156
15167566373124212
16226412040737431
17741225536550673
20327320115130120
21542514762657207
22001461621574444
23466203404721665
24710642337362311
25234775243213053
26175057570045576
27653136056406732
30506677012522072
31361746565773336
32422032224155713
33047155301636551
34273311433000245
35755523647447164
36614400776314627
37130264150261400
40111276744605141
41636447131146263
42777535452712426
43252352675563602
44025113266224370
45443021310371037
46300704003450514
47564660527037755
50672124541764015
51157010034511354
52216763355640777
53731601272107530
54404245660435222
55060472416056106
56523556107272643
57345337723323461
60720233071073257
61244451554422110
62105574235336635
63663340342255474
64317106420547003
65532067606700321
66071715717161762
67456622163614546
70203165174357366
71765002751230042
72624726632021501
73140617445474723
74576254326113134
75351430200662275
76412543513506450
77037371067745617
00054044453177671
01470170677620433
02333653746531216
03515731130754152
04162425002343740
05607212525202567
06746366264066024
07221507311415305
10435416357553525
11013227273732704
12550305540126347
13374562036675060
14641073105017412
15126141722460656
16267634661301173
17702750414244231
20366055237404407
21501132343041620
22042646070210165
23427777556367244
24753464715725553
25275200162576711
26134323421652332
27610511604133076
30547403633265736
31322261447316572
32461314176442051
33006520750003313
34230036512634664
35714157065151445
36655675324770200
37173742201527127
40152701366032463
41677663210453641
42736110503375102
43211024027226226
44064537144560537
45400356731717770
46343272652144355
47525445475601014
50631552460320754
51116335616277515
52257247707054030
53772476123431377
54445760041102606
55023604534643422
56560121255515261
57304013372766143
60763717620616610
61205626406165457
62144102117703274
63620065763542135
64356571571251721
65571343054334503
66032230335427046
67417454242070362
70240540226741542
71724374300504766
72665251013667323
73103433567110001
74537722774476475
75312615151025634
76451167432233117
77076006645352250
