011111111111111111111111111111111111111111111111111111111111111111111111
001111110111010011011100011010110100011101001010011100010011010001000000
000111111011101001101110001101011010001110100101001110001001101000100000
000011111101110100110111000110101101000111010010100111000100110100010000
000001111110111010011011100011010110100011101001010011100010011010001000
000000111111011101001101110001101011010001110100101001110001001101000100
000000011111101110100110111000110101101000111010010100111000100110100010
000000001111110111010011011100011010110100011101001010011100010011010001
010000000111111011101001101110001101011010001110100101001110001001101000
001000000011111101110100110111000110101101000111010010100111000100110100
000100000001111110111010011011100011010110100011101001010011100010011010
000010000000111111011101001101110001101011010001110100101001110001001101
010001000000011111101110100110111000110101101000111010010100111000100110
001000100000001111110111010011011100011010110100011101001010011100010011
010100010000000111111011101001101110001101011010001110100101001110001001
011010001000000011111101110100110111000110101101000111010010100111000100
001101000100000001111110111010011011100011010110100011101001010011100010
000110100010000000111111011101001101110001101011010001110100101001110001
010011010001000000011111101110100110111000110101101000111010010100111000
001001101000100000001111110111010011011100011010110100011101001010011100
000100110100010000000111111011101001101110001101011010001110100101001110
000010011010001000000011111101110100110111000110101101000111010010100111
010001001101000100000001111110111010011011100011010110100011101001010011
011000100110100010000000111111011101001101110001101011010001110100101001
011100010011010001000000011111101110100110111000110101101000111010010100
001110001001101000100000001111110111010011011100011010110100011101001010
000111000100110100010000000111111011101001101110001101011010001110100101
010011100010011010001000000011111101110100110111000110101101000111010010
001001110001001101000100000001111110111010011011100011010110100011101001
010100111000100110100010000000111111011101001101110001101011010001110100
001010011100010011010001000000011111101110100110111000110101101000111010
000101001110001001101000100000001111110111010011011100011010110100011101
010010100111000100110100010000000111111011101001101110001101011010001110
001001010011100010011010001000000011111101110100110111000110101101000111
010100101001110001001101000100000001111110111010011011100011010110100011
011010010100111000100110100010000000111111011101001101110001101011010001
011101001010011100010011010001000000011111101110100110111000110101101000
001110100101001110001001101000100000001111110111010011011100011010110100
000111010010100111000100110100010000000111111011101001101110001101011010
000011101001010011100010011010001000000011111101110100110111000110101101
010001110100101001110001001101000100000001111110111010011011100011010110
001000111010010100111000100110100010000000111111011101001101110001101011
010100011101001010011100010011010001000000011111101110100110111000110101
011010001110100101001110001001101000100000001111110111010011011100011010
001101000111010010100111000100110100010000000111111011101001101110001101
010110100011101001010011100010011010001000000011111101110100110111000110
001011010001110100101001110001001101000100000001111110111010011011100011
010101101000111010010100111000100110100010000000111111011101001101110001
011010110100011101001010011100010011010001000000011111101110100110111000
001101011010001110100101001110001001101000100000001111110111010011011100
000110101101000111010010100111000100110100010000000111111011101001101110
000011010110100011101001010011100010011010001000000011111101110100110111
010001101011010001110100101001110001001101000100000001111110111010011011
011000110101101000111010010100111000100110100010000000111111011101001101
011100011010110100011101001010011100010011010001000000011111101110100110
001110001101011010001110100101001110001001101000100000001111110111010011
010111000110101101000111010010100111000100110100010000000111111011101001
011011100011010110100011101001010011100010011010001000000011111101110100
001101110001101011010001110100101001110001001101000100000001111110111010
000110111000110101101000111010010100111000100110100010000000111111011101
010011011100011010110100011101001010011100010011010001000000011111101110
001001101110001101011010001110100101001110001001101000100000001111110111
010100110111000110101101000111010010100111000100110100010000000111111011
011010011011100011010110100011101001010011100010011010001000000011111101
011101001101110001101011010001110100101001110001001101000100000001111110
001110100110111000110101101000111010010100111000100110100010000000111111
010111010011011100011010110100011101001010011100010011010001000000011111
011011101001101110001101011010001110100101001110001001101000100000001111
011101110100110111000110101101000111010010100111000100110100010000000111
011110111010011011100011010110100011101001010011100010011010001000000011
011111011101001101110001101011010001110100101001110001001101000100000001
011111101110100110111000110101101000111010010100111000100110100010000000
100000000000000000000000000000000000000000000000000000000000000000000000
110000001000101100100011100101001011100010110101100011101100101110111111
111000000100010110010001110010100101110001011010110001110110010111011111
111100000010001011001000111001010010111000101101011000111011001011101111
111110000001000101100100011100101001011100010110101100011101100101110111
111111000000100010110010001110010100101110001011010110001110110010111011
111111100000010001011001000111001010010111000101101011000111011001011101
111111110000001000101100100011100101001011100010110101100011101100101110
101111111000000100010110010001110010100101110001011010110001110110010111
110111111100000010001011001000111001010010111000101101011000111011001011
111011111110000001000101100100011100101001011100010110101100011101100101
111101111111000000100010110010001110010100101110001011010110001110110010
101110111111100000010001011001000111001010010111000101101011000111011001
110111011111110000001000101100100011100101001011100010110101100011101100
101011101111111000000100010110010001110010100101110001011010110001110110
100101110111111100000010001011001000111001010010111000101101011000111011
110010111011111110000001000101100100011100101001011100010110101100011101
111001011101111111000000100010110010001110010100101110001011010110001110
101100101110111111100000010001011001000111001010010111000101101011000111
110110010111011111110000001000101100100011100101001011100010110101100011
111011001011101111111000000100010110010001110010100101110001011010110001
111101100101110111111100000010001011001000111001010010111000101101011000
101110110010111011111110000001000101100100011100101001011100010110101100
100111011001011101111111000000100010110010001110010100101110001011010110
100011101100101110111111100000010001011001000111001010010111000101101011
110001110110010111011111110000001000101100100011100101001011100010110101
111000111011001011101111111000000100010110010001110010100101110001011010
101100011101100101110111111100000010001011001000111001010010111000101101
110110001110110010111011111110000001000101100100011100101001011100010110
101011000111011001011101111111000000100010110010001110010100101110001011
110101100011101100101110111111100000010001011001000111001010010111000101
111010110001110110010111011111110000001000101100100011100101001011100010
101101011000111011001011101111111000000100010110010001110010100101110001
110110101100011101100101110111111100000010001011001000111001010010111000
101011010110001110110010111011111110000001000101100100011100101001011100
100101101011000111011001011101111111000000100010110010001110010100101110
100010110101100011101100101110111111100000010001011001000111001010010111
110001011010110001110110010111011111110000001000101100100011100101001011
111000101101011000111011001011101111111000000100010110010001110010100101
111100010110101100011101100101110111111100000010001011001000111001010010
101110001011010110001110110010111011111110000001000101100100011100101001
110111000101101011000111011001011101111111000000100010110010001110010100
101011100010110101100011101100101110111111100000010001011001000111001010
100101110001011010110001110110010111011111110000001000101100100011100101
110010111000101101011000111011001011101111111000000100010110010001110010
101001011100010110101100011101100101110111111100000010001011001000111001
110100101110001011010110001110110010111011111110000001000101100100011100
101010010111000101101011000111011001011101111111000000100010110010001110
100101001011100010110101100011101100101110111111100000010001011001000111
110010100101110001011010110001110110010111011111110000001000101100100011
111001010010111000101101011000111011001011101111111000000100010110010001
111100101001011100010110101100011101100101110111111100000010001011001000
101110010100101110001011010110001110110010111011111110000001000101100100
100111001010010111000101101011000111011001011101111111000000100010110010
100011100101001011100010110101100011101100101110111111100000010001011001
110001110010100101110001011010110001110110010111011111110000001000101100
101000111001010010111000101101011000111011001011101111111000000100010110
100100011100101001011100010110101100011101100101110111111100000010001011
110010001110010100101110001011010110001110110010111011111110000001000101
111001000111001010010111000101101011000111011001011101111111000000100010
101100100011100101001011100010110101100011101100101110111111100000010001
110110010001110010100101110001011010110001110110010111011111110000001000
101011001000111001010010111000101101011000111011001011101111111000000100
100101100100011100101001011100010110101100011101100101110111111100000010
100010110010001110010100101110001011010110001110110010111011111110000001
110001011001000111001010010111000101101011000111011001011101111111000000
101000101100100011100101001011100010110101100011101100101110111111100000
100100010110010001110010100101110001011010110001110110010111011111110000
100010001011001000111001010010111000101101011000111011001011101111111000
100001000101100100011100101001011100010110101100011101100101110111111100
100000100010110010001110010100101110001011010110001110110010111011111110
100000010001011001000111001010010111000101101011000111011001011101111111
