0000000000000000000000000000000000000010000000000000000000000000000000000000
0001001101000011101111011100001011001001010011010000111011110111000010110010
0000100110100001110111101110000101100100101001101000011101111011100001011001
0100010011010000111011110111000010110001010100110100001110111101110000101100
0010001001101000011101111011100001011000101010011010000111011110111000010110
0001000100110100001110111101110000101100010101001101000011101111011100001011
0100100010011010000111011110111000010101001010100110100001110111101110000101
0110010001001101000011101111011100001001100101010011010000111011110111000010
0011001000100110100001110111101110000100110010101001101000011101111011100001
0101100100010011010000111011110111000001011001010100110100001110111101110000
0010110010001001101000011101111011100000101100101010011010000111011110111000
0001011001000100110100001110111101110000010110010101001101000011101111011100
0000101100100010011010000111011110111000001011001010100110100001110111101110
0000010110010001001101000011101111011100000101100101010011010000111011110111
0100001011001000100110100001110111101101000010110010101001101000011101111011
0110000101100100010011010000111011110101100001011001010100110100001110111101
0111000010110010001001101000011101111001110000101100101010011010000111011110
0011100001011001000100110100001110111100111000010110010101001101000011101111
0101110000101100100010011010000111011101011100001011001010100110100001110111
0110111000010110010001001101000011101101101110000101100101010011010000111011
0111011100001011001000100110100001110101110111000010110010101001101000011101
0111101110000101100100010011010000111001111011100001011001010100110100001110
0011110111000010110010001001101000011100111101110000101100101010011010000111
0101111011100001011001000100110100001101011110111000010110010101001101000011
0110111101110000101100100010011010000101101111011100001011001010100110100001
0111011110111000010110010001001101000001110111101110000101100101010011010000
0011101111011100001011001000100110100000111011110111000010110010101001101000
0001110111101110000101100100010011010000011101111011100001011001010100110100
0000111011110111000010110010001001101000001110111101110000101100101010011010
0000011101111011100001011001000100110100000111011110111000010110010101001101
0100001110111101110000101100100010011001000011101111011100001011001010100110
0010000111011110111000010110010001001100100001110111101110000101100101010011
0101000011101111011100001011001000100101010000111011110111000010110010101001
0110100001110111101110000101100100010001101000011101111011100001011001010100
0011010000111011110111000010110010001000110100001110111101110000101100101010
0001101000011101111011100001011001000100011010000111011110111000010110010101
0100110100001110111101110000101100100001001101000011101111011100001011001010
0010011010000111011110111000010110010000100110100001110111101110000101100101
1000000000000000000000000000000000000011111111111111111111111111111111111111
0101001101000011101111011100001011001011101100101111000100001000111101001101
0010100110100001110111101110000101100111110110010111100010000100011110100110
0101010011010000111011110111000010110010111011001011110001000010001111010011
0010101001101000011101111011100001011011011101100101111000100001000111101001
0001010100110100001110111101110000101111101110110010111100010000100011110100
0100101010011010000111011110111000010110110111011001011110001000010001111010
0110010101001101000011101111011100001010011011101100101111000100001000111101
0011001010100110100001110111101110000111001101110110010111100010000100011110
0101100101010011010000111011110111000010100110111011001011110001000010001111
0010110010101001101000011101111011100011010011011101100101111000100001000111
0001011001010100110100001110111101110011101001101110110010111100010000100011
0000101100101010011010000111011110111011110100110111011001011110001000010001
0000010110010101001101000011101111011111111010011011101100101111000100001000
0100001011001010100110100001110111101110111101001101110110010111100010000100
0110000101100101010011010000111011110110011110100110111011001011110001000010
0111000010110010101001101000011101111010001111010011011101100101111000100001
0011100001011001010100110100001110111111000111101001101110110010111100010000
0101110000101100101010011010000111011110100011110100110111011001011110001000
0110111000010110010101001101000011101110010001111010011011101100101111000100
0111011100001011001010100110100001110110001000111101001101110110010111100010
0111101110000101100101010011010000111010000100011110100110111011001011110001
0011110111000010110010101001101000011111000010001111010011011101100101111000
0101111011100001011001010100110100001110100001000111101001101110110010111100
0110111101110000101100101010011010000110010000100011110100110111011001011110
0111011110111000010110010101001101000010001000010001111010011011101100101111
0011101111011100001011001010100110100011000100001000111101001101110110010111
0001110111101110000101100101010011010011100010000100011110100110111011001011
0000111011110111000010110010101001101011110001000010001111010011011101100101
0000011101111011100001011001010100110111111000100001000111101001101110110010
0100001110111101110000101100101010011010111100010000100011110100110111011001
0010000111011110111000010110010101001111011110001000010001111010011011101100
0101000011101111011100001011001010100110101111000100001000111101001101110110
0110100001110111101110000101100101010010010111100010000100011110100110111011
0011010000111011110111000010110010101011001011110001000010001111010011011101
0001101000011101111011100001011001010111100101111000100001000111101001101110
0100110100001110111101110000101100101010110010111100010000100011110100110111
0010011010000111011110111000010110010111011001011110001000010001111010011011
1111111111111111111111111111111111111101111111111111111111111111111111111111
1110110010111100010000100011110100110110101100101111000100001000111101001101
1111011001011110001000010001111010011011010110010111100010000100011110100110
1011101100101111000100001000111101001110101011001011110001000010001111010011
1101110110010111100010000100011110100111010101100101111000100001000111101001
1110111011001011110001000010001111010011101010110010111100010000100011110100
1011011101100101111000100001000111101010110101011001011110001000010001111010
1001101110110010111100010000100011110110011010101100101111000100001000111101
1100110111011001011110001000010001111011001101010110010111100010000100011110
1010011011101100101111000100001000111110100110101011001011110001000010001111
1101001101110110010111100010000100011111010011010101100101111000100001000111
1110100110111011001011110001000010001111101001101010110010111100010000100011
1111010011011101100101111000100001000111110100110101011001011110001000010001
1111101001101110110010111100010000100011111010011010101100101111000100001000
1011110100110111011001011110001000010010111101001101010110010111100010000100
1001111010011011101100101111000100001010011110100110101011001011110001000010
1000111101001101110110010111100010000110001111010011010101100101111000100001
1100011110100110111011001011110001000011000111101001101010110010111100010000
1010001111010011011101100101111000100010100011110100110101011001011110001000
1001000111101001101110110010111100010010010001111010011010101100101111000100
1000100011110100110111011001011110001010001000111101001101010110010111100010
1000010001111010011011101100101111000110000100011110100110101011001011110001
1100001000111101001101110110010111100011000010001111010011010101100101111000
1010000100011110100110111011001011110010100001000111101001101010110010111100
1001000010001111010011011101100101111010010000100011110100110101011001011110
1000100001000111101001101110110010111110001000010001111010011010101100101111
1100010000100011110100110111011001011111000100001000111101001101010110010111
1110001000010001111010011011101100101111100010000100011110100110101011001011
1111000100001000111101001101110110010111110001000010001111010011010101100101
1111100010000100011110100110111011001011111000100001000111101001101010110010
1011110001000010001111010011011101100110111100010000100011110100110101011001
1101111000100001000111101001101110110011011110001000010001111010011010101100
1010111100010000100011110100110111011010101111000100001000111101001101010110
1001011110001000010001111010011011101110010111100010000100011110100110101011
1100101111000100001000111101001101110111001011110001000010001111010011010101
1110010111100010000100011110100110111011100101111000100001000111101001101010
1011001011110001000010001111010011011110110010111100010000100011110100110101
1101100101111000100001000111101001101111011001011110001000010001111010011010
0111111111111111111111111111111111111100000000000000000000000000000000000000
1010110010111100010000100011110100110100010011010000111011110111000010110010
1101011001011110001000010001111010011000001001101000011101111011100001011001
1010101100101111000100001000111101001101000100110100001110111101110000101100
1101010110010111100010000100011110100100100010011010000111011110111000010110
1110101011001011110001000010001111010000010001001101000011101111011100001011
1011010101100101111000100001000111101001001000100110100001110111101110000101
1001101010110010111100010000100011110101100100010011010000111011110111000010
1100110101011001011110001000010001111000110010001001101000011101111011100001
1010011010101100101111000100001000111101011001000100110100001110111101110000
1101001101010110010111100010000100011100101100100010011010000111011110111000
1110100110101011001011110001000010001100010110010001001101000011101111011100
1111010011010101100101111000100001000100001011001000100110100001110111101110
1111101001101010110010111100010000100000000101100100010011010000111011110111
1011110100110101011001011110001000010001000010110010001001101000011101111011
1001111010011010101100101111000100001001100001011001000100110100001110111101
1000111101001101010110010111100010000101110000101100100010011010000111011110
1100011110100110101011001011110001000000111000010110010001001101000011101111
1010001111010011010101100101111000100001011100001011001000100110100001110111
1001000111101001101010110010111100010001101110000101100100010011010000111011
1000100011110100110101011001011110001001110111000010110010001001101000011101
1000010001111010011010101100101111000101111011100001011001000100110100001110
1100001000111101001101010110010111100000111101110000101100100010011010000111
1010000100011110100110101011001011110001011110111000010110010001001101000011
1001000010001111010011010101100101111001101111011100001011001000100110100001
1000100001000111101001101010110010111101110111101110000101100100010011010000
1100010000100011110100110101011001011100111011110111000010110010001001101000
1110001000010001111010011010101100101100011101111011100001011001000100110100
1111000100001000111101001101010110010100001110111101110000101100100010011010
1111100010000100011110100110101011001000000111011110111000010110010001001101
1011110001000010001111010011010101100101000011101111011100001011001000100110
1101111000100001000111101001101010110000100001110111101110000101100100010011
1010111100010000100011110100110101011001010000111011110111000010110010001001
1001011110001000010001111010011010101101101000011101111011100001011001000100
1100101111000100001000111101001101010100110100001110111101110000101100100010
1110010111100010000100011110100110101000011010000111011110111000010110010001
1011001011110001000010001111010011010101001101000011101111011100001011001000
1101100101111000100001000111101001101000100110100001110111101110000101100100
