000000000000000000000000000000100000000000000000000000000000000000000000000000000000000000100000000000000000000000000000
000110000101110110111010000110010110000101110110111010000110000110000101110110111010000110010110000101110110111010000110
000011000010111011011101000011001011000010111011011101000011000011000010111011011101000011001011000010111011011101000011
010001100001011101101110100001010101100001011101101110100001010001100001011101101110100001010101100001011101101110100001
011000110000101110110111010000011010110000101110110111010000011000110000101110110111010000011010110000101110110111010000
001100011000010111011011101000001101011000010111011011101000001100011000010111011011101000001101011000010111011011101000
000110001100001011101101110100000110101100001011101101110100000110001100001011101101110100000110101100001011101101110100
000011000110000101110110111010000011010110000101110110111010000011000110000101110110111010000011010110000101110110111010
000001100011000010111011011101000001101011000010111011011101000001100011000010111011011101000001101011000010111011011101
010000110001100001011101101110010000110101100001011101101110010000110001100001011101101110010000110101100001011101101110
001000011000110000101110110111001000011010110000101110110111001000011000110000101110110111001000011010110000101110110111
010100001100011000010111011011010100001101011000010111011011010100001100011000010111011011010100001101011000010111011011
011010000110001100001011101101011010000110101100001011101101011010000110001100001011101101011010000110101100001011101101
011101000011000110000101110110011101000011010110000101110110011101000011000110000101110110011101000011010110000101110110
001110100001100011000010111011001110100001101011000010111011001110100001100011000010111011001110100001101011000010111011
010111010000110001100001011101010111010000110101100001011101010111010000110001100001011101010111010000110101100001011101
011011101000011000110000101110011011101000011010110000101110011011101000011000110000101110011011101000011010110000101110
001101110100001100011000010111001101110100001101011000010111001101110100001100011000010111001101110100001101011000010111
010110111010000110001100001011010110111010000110101100001011010110111010000110001100001011010110111010000110101100001011
011011011101000011000110000101011011011101000011010110000101011011011101000011000110000101011011011101000011010110000101
011101101110100001100011000010011101101110100001101011000010011101101110100001100011000010011101101110100001101011000010
001110110111010000110001100001001110110111010000110101100001001110110111010000110001100001001110110111010000110101100001
010111011011101000011000110000010111011011101000011010110000010111011011101000011000110000010111011011101000011010110000
001011101101110100001100011000001011101101110100001101011000001011101101110100001100011000001011101101110100001101011000
000101110110111010000110001100000101110110111010000110101100000101110110111010000110001100000101110110111010000110101100
000010111011011101000011000110000010111011011101000011010110000010111011011101000011000110000010111011011101000011010110
000001011101101110100001100011000001011101101110100001101011000001011101101110100001100011000001011101101110100001101011
010000101110110111010000110001010000101110110111010000110101010000101110110111010000110001010000101110110111010000110101
011000010111011011101000011000011000010111011011101000011010011000010111011011101000011000011000010111011011101000011010
001100001011101101110100001100001100001011101101110100001101001100001011101101110100001100001100001011101101110100001101
100000000000000000000000000000111111111111111111111111111111100000000000000000000000000000111111111111111111111111111111
010110000101110110111010000110111001111010001001000101111001010110000101110110111010000110111001111010001001000101111001
001011000010111011011101000011111100111101000100100010111100001011000010111011011101000011111100111101000100100010111100
010101100001011101101110100001101110011110100010010001011110010101100001011101101110100001101110011110100010010001011110
011010110000101110110111010000100111001111010001001000101111011010110000101110110111010000100111001111010001001000101111
001101011000010111011011101000110011100111101000100100010111001101011000010111011011101000110011100111101000100100010111
000110101100001011101101110100111001110011110100010010001011000110101100001011101101110100111001110011110100010010001011
000011010110000101110110111010111100111001111010001001000101000011010110000101110110111010111100111001111010001001000101
000001101011000010111011011101111110011100111101000100100010000001101011000010111011011101111110011100111101000100100010
010000110101100001011101101110101111001110011110100010010001010000110101100001011101101110101111001110011110100010010001
001000011010110000101110110111110111100111001111010001001000001000011010110000101110110111110111100111001111010001001000
010100001101011000010111011011101011110011100111101000100100010100001101011000010111011011101011110011100111101000100100
011010000110101100001011101101100101111001110011110100010010011010000110101100001011101101100101111001110011110100010010
011101000011010110000101110110100010111100111001111010001001011101000011010110000101110110100010111100111001111010001001
001110100001101011000010111011110001011110011100111101000100001110100001101011000010111011110001011110011100111101000100
010111010000110101100001011101101000101111001110011110100010010111010000110101100001011101101000101111001110011110100010
011011101000011010110000101110100100010111100111001111010001011011101000011010110000101110100100010111100111001111010001
001101110100001101011000010111110010001011110011100111101000001101110100001101011000010111110010001011110011100111101000
010110111010000110101100001011101001000101111001110011110100010110111010000110101100001011101001000101111001110011110100
011011011101000011010110000101100100100010111100111001111010011011011101000011010110000101100100100010111100111001111010
011101101110100001101011000010100010010001011110011100111101011101101110100001101011000010100010010001011110011100111101
001110110111010000110101100001110001001000101111001110011110001110110111010000110101100001110001001000101111001110011110
010111011011101000011010110000101000100100010111100111001111010111011011101000011010110000101000100100010111100111001111
001011101101110100001101011000110100010010001011110011100111001011101101110100001101011000110100010010001011110011100111
000101110110111010000110101100111010001001000101111001110011000101110110111010000110101100111010001001000101111001110011
000010111011011101000011010110111101000100100010111100111001000010111011011101000011010110111101000100100010111100111001
000001011101101110100001101011111110100010010001011110011100000001011101101110100001101011111110100010010001011110011100
010000101110110111010000110101101111010001001000101111001110010000101110110111010000110101101111010001001000101111001110
011000010111011011101000011010100111101000100100010111100111011000010111011011101000011010100111101000100100010111100111
001100001011101101110100001101110011110100010010001011110011001100001011101101110100001101110011110100010010001011110011
000000000000000000000000000000100000000000000000000000000000111111111111111111111111111111011111111111111111111111111111
000110000101110110111010000110010110000101110110111010000110111001111010001001000101111001101001111010001001000101111001
000011000010111011011101000011001011000010111011011101000011111100111101000100100010111100110100111101000100100010111100
010001100001011101101110100001010101100001011101101110100001101110011110100010010001011110101010011110100010010001011110
011000110000101110110111010000011010110000101110110111010000100111001111010001001000101111100101001111010001001000101111
001100011000010111011011101000001101011000010111011011101000110011100111101000100100010111110010100111101000100100010111
000110001100001011101101110100000110101100001011101101110100111001110011110100010010001011111001010011110100010010001011
000011000110000101110110111010000011010110000101110110111010111100111001111010001001000101111100101001111010001001000101
000001100011000010111011011101000001101011000010111011011101111110011100111101000100100010111110010100111101000100100010
010000110001100001011101101110010000110101100001011101101110101111001110011110100010010001101111001010011110100010010001
001000011000110000101110110111001000011010110000101110110111110111100111001111010001001000110111100101001111010001001000
010100001100011000010111011011010100001101011000010111011011101011110011100111101000100100101011110010100111101000100100
011010000110001100001011101101011010000110101100001011101101100101111001110011110100010010100101111001010011110100010010
011101000011000110000101110110011101000011010110000101110110100010111100111001111010001001100010111100101001111010001001
001110100001100011000010111011001110100001101011000010111011110001011110011100111101000100110001011110010100111101000100
010111010000110001100001011101010111010000110101100001011101101000101111001110011110100010101000101111001010011110100010
011011101000011000110000101110011011101000011010110000101110100100010111100111001111010001100100010111100101001111010001
001101110100001100011000010111001101110100001101011000010111110010001011110011100111101000110010001011110010100111101000
010110111010000110001100001011010110111010000110101100001011101001000101111001110011110100101001000101111001010011110100
011011011101000011000110000101011011011101000011010110000101100100100010111100111001111010100100100010111100101001111010
011101101110100001100011000010011101101110100001101011000010100010010001011110011100111101100010010001011110010100111101
001110110111010000110001100001001110110111010000110101100001110001001000101111001110011110110001001000101111001010011110
010111011011101000011000110000010111011011101000011010110000101000100100010111100111001111101000100100010111100101001111
001011101101110100001100011000001011101101110100001101011000110100010010001011110011100111110100010010001011110010100111
000101110110111010000110001100000101110110111010000110101100111010001001000101111001110011111010001001000101111001010011
000010111011011101000011000110000010111011011101000011010110111101000100100010111100111001111101000100100010111100101001
000001011101101110100001100011000001011101101110100001101011111110100010010001011110011100111110100010010001011110010100
010000101110110111010000110001010000101110110111010000110101101111010001001000101111001110101111010001001000101111001010
011000010111011011101000011000011000010111011011101000011010100111101000100100010111100111100111101000100100010111100101
001100001011101101110100001100001100001011101101110100001101110011110100010010001011110011110011110100010010001011110010
100000000000000000000000000000111111111111111111111111111111011111111111111111111111111111000000000000000000000000000000
010110000101110110111010000110111001111010001001000101111001101001111010001001000101111001000110000101110110111010000110
001011000010111011011101000011111100111101000100100010111100110100111101000100100010111100000011000010111011011101000011
010101100001011101101110100001101110011110100010010001011110101010011110100010010001011110010001100001011101101110100001
011010110000101110110111010000100111001111010001001000101111100101001111010001001000101111011000110000101110110111010000
001101011000010111011011101000110011100111101000100100010111110010100111101000100100010111001100011000010111011011101000
000110101100001011101101110100111001110011110100010010001011111001010011110100010010001011000110001100001011101101110100
000011010110000101110110111010111100111001111010001001000101111100101001111010001001000101000011000110000101110110111010
000001101011000010111011011101111110011100111101000100100010111110010100111101000100100010000001100011000010111011011101
010000110101100001011101101110101111001110011110100010010001101111001010011110100010010001010000110001100001011101101110
001000011010110000101110110111110111100111001111010001001000110111100101001111010001001000001000011000110000101110110111
010100001101011000010111011011101011110011100111101000100100101011110010100111101000100100010100001100011000010111011011
011010000110101100001011101101100101111001110011110100010010100101111001010011110100010010011010000110001100001011101101
011101000011010110000101110110100010111100111001111010001001100010111100101001111010001001011101000011000110000101110110
001110100001101011000010111011110001011110011100111101000100110001011110010100111101000100001110100001100011000010111011
010111010000110101100001011101101000101111001110011110100010101000101111001010011110100010010111010000110001100001011101
011011101000011010110000101110100100010111100111001111010001100100010111100101001111010001011011101000011000110000101110
001101110100001101011000010111110010001011110011100111101000110010001011110010100111101000001101110100001100011000010111
010110111010000110101100001011101001000101111001110011110100101001000101111001010011110100010110111010000110001100001011
011011011101000011010110000101100100100010111100111001111010100100100010111100101001111010011011011101000011000110000101
011101101110100001101011000010100010010001011110011100111101100010010001011110010100111101011101101110100001100011000010
001110110111010000110101100001110001001000101111001110011110110001001000101111001010011110001110110111010000110001100001
010111011011101000011010110000101000100100010111100111001111101000100100010111100101001111010111011011101000011000110000
001011101101110100001101011000110100010010001011110011100111110100010010001011110010100111001011101101110100001100011000
000101110110111010000110101100111010001001000101111001110011111010001001000101111001010011000101110110111010000110001100
000010111011011101000011010110111101000100100010111100111001111101000100100010111100101001000010111011011101000011000110
000001011101101110100001101011111110100010010001011110011100111110100010010001011110010100000001011101101110100001100011
010000101110110111010000110101101111010001001000101111001110101111010001001000101111001010010000101110110111010000110001
011000010111011011101000011010100111101000100100010111100111100111101000100100010111100101011000010111011011101000011000
001100001011101101110100001101110011110100010010001011110011110011110100010010001011110010001100001011101101110100001100
111111111111111111111111111111011111111111111111111111111111111111111111111111111111111111011111111111111111111111111111
111001111010001001000101111001101001111010001001000101111001111001111010001001000101111001101001111010001001000101111001
111100111101000100100010111100110100111101000100100010111100111100111101000100100010111100110100111101000100100010111100
101110011110100010010001011110101010011110100010010001011110101110011110100010010001011110101010011110100010010001011110
100111001111010001001000101111100101001111010001001000101111100111001111010001001000101111100101001111010001001000101111
110011100111101000100100010111110010100111101000100100010111110011100111101000100100010111110010100111101000100100010111
111001110011110100010010001011111001010011110100010010001011111001110011110100010010001011111001010011110100010010001011
111100111001111010001001000101111100101001111010001001000101111100111001111010001001000101111100101001111010001001000101
111110011100111101000100100010111110010100111101000100100010111110011100111101000100100010111110010100111101000100100010
101111001110011110100010010001101111001010011110100010010001101111001110011110100010010001101111001010011110100010010001
110111100111001111010001001000110111100101001111010001001000110111100111001111010001001000110111100101001111010001001000
101011110011100111101000100100101011110010100111101000100100101011110011100111101000100100101011110010100111101000100100
100101111001110011110100010010100101111001010011110100010010100101111001110011110100010010100101111001010011110100010010
100010111100111001111010001001100010111100101001111010001001100010111100111001111010001001100010111100101001111010001001
110001011110011100111101000100110001011110010100111101000100110001011110011100111101000100110001011110010100111101000100
101000101111001110011110100010101000101111001010011110100010101000101111001110011110100010101000101111001010011110100010
100100010111100111001111010001100100010111100101001111010001100100010111100111001111010001100100010111100101001111010001
110010001011110011100111101000110010001011110010100111101000110010001011110011100111101000110010001011110010100111101000
101001000101111001110011110100101001000101111001010011110100101001000101111001110011110100101001000101111001010011110100
100100100010111100111001111010100100100010111100101001111010100100100010111100111001111010100100100010111100101001111010
100010010001011110011100111101100010010001011110010100111101100010010001011110011100111101100010010001011110010100111101
110001001000101111001110011110110001001000101111001010011110110001001000101111001110011110110001001000101111001010011110
101000100100010111100111001111101000100100010111100101001111101000100100010111100111001111101000100100010111100101001111
110100010010001011110011100111110100010010001011110010100111110100010010001011110011100111110100010010001011110010100111
111010001001000101111001110011111010001001000101111001010011111010001001000101111001110011111010001001000101111001010011
111101000100100010111100111001111101000100100010111100101001111101000100100010111100111001111101000100100010111100101001
111110100010010001011110011100111110100010010001011110010100111110100010010001011110011100111110100010010001011110010100
101111010001001000101111001110101111010001001000101111001010101111010001001000101111001110101111010001001000101111001010
100111101000100100010111100111100111101000100100010111100101100111101000100100010111100111100111101000100100010111100101
110011110100010010001011110011110011110100010010001011110010110011110100010010001011110011110011110100010010001011110010
011111111111111111111111111111000000000000000000000000000000011111111111111111111111111111000000000000000000000000000000
101001111010001001000101111001000110000101110110111010000110101001111010001001000101111001000110000101110110111010000110
110100111101000100100010111100000011000010111011011101000011110100111101000100100010111100000011000010111011011101000011
101010011110100010010001011110010001100001011101101110100001101010011110100010010001011110010001100001011101101110100001
100101001111010001001000101111011000110000101110110111010000100101001111010001001000101111011000110000101110110111010000
110010100111101000100100010111001100011000010111011011101000110010100111101000100100010111001100011000010111011011101000
111001010011110100010010001011000110001100001011101101110100111001010011110100010010001011000110001100001011101101110100
111100101001111010001001000101000011000110000101110110111010111100101001111010001001000101000011000110000101110110111010
111110010100111101000100100010000001100011000010111011011101111110010100111101000100100010000001100011000010111011011101
101111001010011110100010010001010000110001100001011101101110101111001010011110100010010001010000110001100001011101101110
110111100101001111010001001000001000011000110000101110110111110111100101001111010001001000001000011000110000101110110111
101011110010100111101000100100010100001100011000010111011011101011110010100111101000100100010100001100011000010111011011
100101111001010011110100010010011010000110001100001011101101100101111001010011110100010010011010000110001100001011101101
100010111100101001111010001001011101000011000110000101110110100010111100101001111010001001011101000011000110000101110110
110001011110010100111101000100001110100001100011000010111011110001011110010100111101000100001110100001100011000010111011
101000101111001010011110100010010111010000110001100001011101101000101111001010011110100010010111010000110001100001011101
100100010111100101001111010001011011101000011000110000101110100100010111100101001111010001011011101000011000110000101110
110010001011110010100111101000001101110100001100011000010111110010001011110010100111101000001101110100001100011000010111
101001000101111001010011110100010110111010000110001100001011101001000101111001010011110100010110111010000110001100001011
100100100010111100101001111010011011011101000011000110000101100100100010111100101001111010011011011101000011000110000101
100010010001011110010100111101011101101110100001100011000010100010010001011110010100111101011101101110100001100011000010
110001001000101111001010011110001110110111010000110001100001110001001000101111001010011110001110110111010000110001100001
101000100100010111100101001111010111011011101000011000110000101000100100010111100101001111010111011011101000011000110000
110100010010001011110010100111001011101101110100001100011000110100010010001011110010100111001011101101110100001100011000
111010001001000101111001010011000101110110111010000110001100111010001001000101111001010011000101110110111010000110001100
111101000100100010111100101001000010111011011101000011000110111101000100100010111100101001000010111011011101000011000110
111110100010010001011110010100000001011101101110100001100011111110100010010001011110010100000001011101101110100001100011
101111010001001000101111001010010000101110110111010000110001101111010001001000101111001010010000101110110111010000110001
100111101000100100010111100101011000010111011011101000011000100111101000100100010111100101011000010111011011101000011000
110011110100010010001011110010001100001011101101110100001100110011110100010010001011110010001100001011101101110100001100
111111111111111111111111111111011111111111111111111111111111000000000000000000000000000000100000000000000000000000000000
111001111010001001000101111001101001111010001001000101111001000110000101110110111010000110010110000101110110111010000110
111100111101000100100010111100110100111101000100100010111100000011000010111011011101000011001011000010111011011101000011
101110011110100010010001011110101010011110100010010001011110010001100001011101101110100001010101100001011101101110100001
100111001111010001001000101111100101001111010001001000101111011000110000101110110111010000011010110000101110110111010000
110011100111101000100100010111110010100111101000100100010111001100011000010111011011101000001101011000010111011011101000
111001110011110100010010001011111001010011110100010010001011000110001100001011101101110100000110101100001011101101110100
111100111001111010001001000101111100101001111010001001000101000011000110000101110110111010000011010110000101110110111010
111110011100111101000100100010111110010100111101000100100010000001100011000010111011011101000001101011000010111011011101
101111001110011110100010010001101111001010011110100010010001010000110001100001011101101110010000110101100001011101101110
110111100111001111010001001000110111100101001111010001001000001000011000110000101110110111001000011010110000101110110111
101011110011100111101000100100101011110010100111101000100100010100001100011000010111011011010100001101011000010111011011
100101111001110011110100010010100101111001010011110100010010011010000110001100001011101101011010000110101100001011101101
100010111100111001111010001001100010111100101001111010001001011101000011000110000101110110011101000011010110000101110110
110001011110011100111101000100110001011110010100111101000100001110100001100011000010111011001110100001101011000010111011
101000101111001110011110100010101000101111001010011110100010010111010000110001100001011101010111010000110101100001011101
100100010111100111001111010001100100010111100101001111010001011011101000011000110000101110011011101000011010110000101110
110010001011110011100111101000110010001011110010100111101000001101110100001100011000010111001101110100001101011000010111
101001000101111001110011110100101001000101111001010011110100010110111010000110001100001011010110111010000110101100001011
100100100010111100111001111010100100100010111100101001111010011011011101000011000110000101011011011101000011010110000101
100010010001011110011100111101100010010001011110010100111101011101101110100001100011000010011101101110100001101011000010
110001001000101111001110011110110001001000101111001010011110001110110111010000110001100001001110110111010000110101100001
101000100100010111100111001111101000100100010111100101001111010111011011101000011000110000010111011011101000011010110000
110100010010001011110011100111110100010010001011110010100111001011101101110100001100011000001011101101110100001101011000
111010001001000101111001110011111010001001000101111001010011000101110110111010000110001100000101110110111010000110101100
111101000100100010111100111001111101000100100010111100101001000010111011011101000011000110000010111011011101000011010110
111110100010010001011110011100111110100010010001011110010100000001011101101110100001100011000001011101101110100001101011
101111010001001000101111001110101111010001001000101111001010010000101110110111010000110001010000101110110111010000110101
100111101000100100010111100111100111101000100100010111100101011000010111011011101000011000011000010111011011101000011010
110011110100010010001011110011110011110100010010001011110010001100001011101101110100001100001100001011101101110100001101
011111111111111111111111111111000000000000000000000000000000100000000000000000000000000000111111111111111111111111111111
101001111010001001000101111001000110000101110110111010000110010110000101110110111010000110111001111010001001000101111001
110100111101000100100010111100000011000010111011011101000011001011000010111011011101000011111100111101000100100010111100
101010011110100010010001011110010001100001011101101110100001010101100001011101101110100001101110011110100010010001011110
100101001111010001001000101111011000110000101110110111010000011010110000101110110111010000100111001111010001001000101111
110010100111101000100100010111001100011000010111011011101000001101011000010111011011101000110011100111101000100100010111
111001010011110100010010001011000110001100001011101101110100000110101100001011101101110100111001110011110100010010001011
111100101001111010001001000101000011000110000101110110111010000011010110000101110110111010111100111001111010001001000101
111110010100111101000100100010000001100011000010111011011101000001101011000010111011011101111110011100111101000100100010
101111001010011110100010010001010000110001100001011101101110010000110101100001011101101110101111001110011110100010010001
110111100101001111010001001000001000011000110000101110110111001000011010110000101110110111110111100111001111010001001000
101011110010100111101000100100010100001100011000010111011011010100001101011000010111011011101011110011100111101000100100
100101111001010011110100010010011010000110001100001011101101011010000110101100001011101101100101111001110011110100010010
100010111100101001111010001001011101000011000110000101110110011101000011010110000101110110100010111100111001111010001001
110001011110010100111101000100001110100001100011000010111011001110100001101011000010111011110001011110011100111101000100
101000101111001010011110100010010111010000110001100001011101010111010000110101100001011101101000101111001110011110100010
100100010111100101001111010001011011101000011000110000101110011011101000011010110000101110100100010111100111001111010001
110010001011110010100111101000001101110100001100011000010111001101110100001101011000010111110010001011110011100111101000
101001000101111001010011110100010110111010000110001100001011010110111010000110101100001011101001000101111001110011110100
100100100010111100101001111010011011011101000011000110000101011011011101000011010110000101100100100010111100111001111010
100010010001011110010100111101011101101110100001100011000010011101101110100001101011000010100010010001011110011100111101
110001001000101111001010011110001110110111010000110001100001001110110111010000110101100001110001001000101111001110011110
101000100100010111100101001111010111011011101000011000110000010111011011101000011010110000101000100100010111100111001111
110100010010001011110010100111001011101101110100001100011000001011101101110100001101011000110100010010001011110011100111
111010001001000101111001010011000101110110111010000110001100000101110110111010000110101100111010001001000101111001110011
111101000100100010111100101001000010111011011101000011000110000010111011011101000011010110111101000100100010111100111001
111110100010010001011110010100000001011101101110100001100011000001011101101110100001101011111110100010010001011110011100
101111010001001000101111001010010000101110110111010000110001010000101110110111010000110101101111010001001000101111001110
100111101000100100010111100101011000010111011011101000011000011000010111011011101000011010100111101000100100010111100111
110011110100010010001011110010001100001011101101110100001100001100001011101101110100001101110011110100010010001011110011
