011111111111111111111111111111111111111111111111111111111111111111111111111111111111111111111111111111111111111111111111111111111111
001011101010111011000110001011000011110110101111011001101001111111100000000110100110010000101001000011110010111001110010001010100010
000101110101011101100011000101100001111011010111101100110100111111110000000011010011001000010100100001111001011100111001000101010001
010010111010101110110001100010110000111101101011110110011010011111111000000001101001100100001010010000111100101110011100100010101000
001001011101010111011000110001011000011110110101111011001101001111111100000000110100110010000101001000011110010111001110010001010100
000100101110101011101100011000101100001111011010111101100110100111111110000000011010011001000010100100001111001011100111001000101010
000010010111010101110110001100010110000111101101011110110011010011111111000000001101001100100001010010000111100101110011100100010101
010001001011101010111011000110001011000011110110101111011001101001111111100000000110100110010000101001000011110010111001110010001010
001000100101110101011101100011000101100001111011010111101100110100111111110000000011010011001000010100100001111001011100111001000101
010100010010111010101110110001100010110000111101101011110110011010011111111000000001101001100100001010010000111100101110011100100010
001010001001011101010111011000110001011000011110110101111011001101001111111100000000110100110010000101001000011110010111001110010001
010101000100101110101011101100011000101100001111011010111101100110100111111110000000011010011001000010100100001111001011100111001000
001010100010010111010101110110001100010110000111101101011110110011010011111111000000001101001100100001010010000111100101110011100100
000101010001001011101010111011000110001011000011110110101111011001101001111111100000000110100110010000101001000011110010111001110010
000010101000100101110101011101100011000101100001111011010111101100110100111111110000000011010011001000010100100001111001011100111001
010001010100010010111010101110110001100010110000111101101011110110011010011111111000000001101001100100001010010000111100101110011100
001000101010001001011101010111011000110001011000011110110101111011001101001111111100000000110100110010000101001000011110010111001110
000100010101000100101110101011101100011000101100001111011010111101100110100111111110000000011010011001000010100100001111001011100111
010010001010100010010111010101110110001100010110000111101101011110110011010011111111000000001101001100100001010010000111100101110011
011001000101010001001011101010111011000110001011000011110110101111011001101001111111100000000110100110010000101001000011110010111001
011100100010101000100101110101011101100011000101100001111011010111101100110100111111110000000011010011001000010100100001111001011100
001110010001010100010010111010101110110001100010110000111101101011110110011010011111111000000001101001100100001010010000111100101110
000111001000101010001001011101010111011000110001011000011110110101111011001101001111111100000000110100110010000101001000011110010111
010011100100010101000100101110101011101100011000101100001111011010111101100110100111111110000000011010011001000010100100001111001011
011001110010001010100010010111010101110110001100010110000111101101011110110011010011111111000000001101001100100001010010000111100101
011100111001000101010001001011101010111011000110001011000011110110101111011001101001111111100000000110100110010000101001000011110010
001110011100100010101000100101110101011101100011000101100001111011010111101100110100111111110000000011010011001000010100100001111001
010111001110010001010100010010111010101110110001100010110000111101101011110110011010011111111000000001101001100100001010010000111100
001011100111001000101010001001011101010111011000110001011000011110110101111011001101001111111100000000110100110010000101001000011110
000101110011100100010101000100101110101011101100011000101100001111011010111101100110100111111110000000011010011001000010100100001111
010010111001110010001010100010010111010101110110001100010110000111101101011110110011010011111111000000001101001100100001010010000111
011001011100111001000101010001001011101010111011000110001011000011110110101111011001101001111111100000000110100110010000101001000011
011100101110011100100010101000100101110101011101100011000101100001111011010111101100110100111111110000000011010011001000010100100001
011110010111001110010001010100010010111010101110110001100010110000111101101011110110011010011111111000000001101001100100001010010000
001111001011100111001000101010001001011101010111011000110001011000011110110101111011001101001111111100000000110100110010000101001000
000111100101110011100100010101000100101110101011101100011000101100001111011010111101100110100111111110000000011010011001000010100100
000011110010111001110010001010100010010111010101110110001100010110000111101101011110110011010011111111000000001101001100100001010010
000001111001011100111001000101010001001011101010111011000110001011000011110110101111011001101001111111100000000110100110010000101001
010000111100101110011100100010101000100101110101011101100011000101100001111011010111101100110100111111110000000011010011001000010100
001000011110010111001110010001010100010010111010101110110001100010110000111101101011110110011010011111111000000001101001100100001010
000100001111001011100111001000101010001001011101010111011000110001011000011110110101111011001101001111111100000000110100110010000101
010010000111100101110011100100010101000100101110101011101100011000101100001111011010111101100110100111111110000000011010011001000010
001001000011110010111001110010001010100010010111010101110110001100010110000111101101011110110011010011111111000000001101001100100001
010100100001111001011100111001000101010001001011101010111011000110001011000011110110101111011001101001111111100000000110100110010000
001010010000111100101110011100100010101000100101110101011101100011000101100001111011010111101100110100111111110000000011010011001000
000101001000011110010111001110010001010100010010111010101110110001100010110000111101101011110110011010011111111000000001101001100100
000010100100001111001011100111001000101010001001011101010111011000110001011000011110110101111011001101001111111100000000110100110010
000001010010000111100101110011100100010101000100101110101011101100011000101100001111011010111101100110100111111110000000011010011001
010000101001000011110010111001110010001010100010010111010101110110001100010110000111101101011110110011010011111111000000001101001100
001000010100100001111001011100111001000101010001001011101010111011000110001011000011110110101111011001101001111111100000000110100110
000100001010010000111100101110011100100010101000100101110101011101100011000101100001111011010111101100110100111111110000000011010011
010010000101001000011110010111001110010001010100010010111010101110110001100010110000111101101011110110011010011111111000000001101001
011001000010100100001111001011100111001000101010001001011101010111011000110001011000011110110101111011001101001111111100000000110100
001100100001010010000111100101110011100100010101000100101110101011101100011000101100001111011010111101100110100111111110000000011010
000110010000101001000011110010111001110010001010100010010111010101110110001100010110000111101101011110110011010011111111000000001101
010011001000010100100001111001011100111001000101010001001011101010111011000110001011000011110110101111011001101001111111100000000110
001001100100001010010000111100101110011100100010101000100101110101011101100011000101100001111011010111101100110100111111110000000011
010100110010000101001000011110010111001110010001010100010010111010101110110001100010110000111101101011110110011010011111111000000001
011010011001000010100100001111001011100111001000101010001001011101010111011000110001011000011110110101111011001101001111111100000000
001101001100100001010010000111100101110011100100010101000100101110101011101100011000101100001111011010111101100110100111111110000000
000110100110010000101001000011110010111001110010001010100010010111010101110110001100010110000111101101011110110011010011111111000000
000011010011001000010100100001111001011100111001000101010001001011101010111011000110001011000011110110101111011001101001111111100000
000001101001100100001010010000111100101110011100100010101000100101110101011101100011000101100001111011010111101100110100111111110000
000000110100110010000101001000011110010111001110010001010100010010111010101110110001100010110000111101101011110110011010011111111000
000000011010011001000010100100001111001011100111001000101010001001011101010111011000110001011000011110110101111011001101001111111100
000000001101001100100001010010000111100101110011100100010101000100101110101011101100011000101100001111011010111101100110100111111110
000000000110100110010000101001000011110010111001110010001010100010010111010101110110001100010110000111101101011110110011010011111111
010000000011010011001000010100100001111001011100111001000101010001001011101010111011000110001011000011110110101111011001101001111111
011000000001101001100100001010010000111100101110011100100010101000100101110101011101100011000101100001111011010111101100110100111111
011100000000110100110010000101001000011110010111001110010001010100010010111010101110110001100010110000111101101011110110011010011111
011110000000011010011001000010100100001111001011100111001000101010001001011101010111011000110001011000011110110101111011001101001111
011111000000001101001100100001010010000111100101110011100100010101000100101110101011101100011000101100001111011010111101100110100111
011111100000000110100110010000101001000011110010111001110010001010100010010111010101110110001100010110000111101101011110110011010011
011111110000000011010011001000010100100001111001011100111001000101010001001011101010111011000110001011000011110110101111011001101001
011111111000000001101001100100001010010000111100101110011100100010101000100101110101011101100011000101100001111011010111101100110100
001111111100000000110100110010000101001000011110010111001110010001010100010010111010101110110001100010110000111101101011110110011010
000111111110000000011010011001000010100100001111001011100111001000101010001001011101010111011000110001011000011110110101111011001101
010011111111000000001101001100100001010010000111100101110011100100010101000100101110101011101100011000101100001111011010111101100110
001001111111100000000110100110010000101001000011110010111001110010001010100010010111010101110110001100010110000111101101011110110011
010100111111110000000011010011001000010100100001111001011100111001000101010001001011101010111011000110001011000011110110101111011001
011010011111111000000001101001100100001010010000111100101110011100100010101000100101110101011101100011000101100001111011010111101100
001101001111111100000000110100110010000101001000011110010111001110010001010100010010111010101110110001100010110000111101101011110110
000110100111111110000000011010011001000010100100001111001011100111001000101010001001011101010111011000110001011000011110110101111011
010011010011111111000000001101001100100001010010000111100101110011100100010101000100101110101011101100011000101100001111011010111101
011001101001111111100000000110100110010000101001000011110010111001110010001010100010010111010101110110001100010110000111101101011110
001100110100111111110000000011010011001000010100100001111001011100111001000101010001001011101010111011000110001011000011110110101111
010110011010011111111000000001101001100100001010010000111100101110011100100010101000100101110101011101100011000101100001111011010111
011011001101001111111100000000110100110010000101001000011110010111001110010001010100010010111010101110110001100010110000111101101011
011101100110100111111110000000011010011001000010100100001111001011100111001000101010001001011101010111011000110001011000011110110101
011110110011010011111111000000001101001100100001010010000111100101110011100100010101000100101110101011101100011000101100001111011010
001111011001101001111111100000000110100110010000101001000011110010111001110010001010100010010111010101110110001100010110000111101101
010111101100110100111111110000000011010011001000010100100001111001011100111001000101010001001011101010111011000110001011000011110110
001011110110011010011111111000000001101001100100001010010000111100101110011100100010101000100101110101011101100011000101100001111011
010101111011001101001111111100000000110100110010000101001000011110010111001110010001010100010010111010101110110001100010110000111101
011010111101100110100111111110000000011010011001000010100100001111001011100111001000101010001001011101010111011000110001011000011110
001101011110110011010011111111000000001101001100100001010010000111100101110011100100010101000100101110101011101100011000101100001111
010110101111011001101001111111100000000110100110010000101001000011110010111001110010001010100010010111010101110110001100010110000111
011011010111101100110100111111110000000011010011001000010100100001111001011100111001000101010001001011101010111011000110001011000011
011101101011110110011010011111111000000001101001100100001010010000111100101110011100100010101000100101110101011101100011000101100001
011110110101111011001101001111111100000000110100110010000101001000011110010111001110010001010100010010111010101110110001100010110000
001111011010111101100110100111111110000000011010011001000010100100001111001011100111001000101010001001011101010111011000110001011000
000111101101011110110011010011111111000000001101001100100001010010000111100101110011100100010101000100101110101011101100011000101100
000011110110101111011001101001111111100000000110100110010000101001000011110010111001110010001010100010010111010101110110001100010110
000001111011010111101100110100111111110000000011010011001000010100100001111001011100111001000101010001001011101010111011000110001011
010000111101101011110110011010011111111000000001101001100100001010010000111100101110011100100010101000100101110101011101100011000101
011000011110110101111011001101001111111100000000110100110010000101001000011110010111001110010001010100010010111010101110110001100010
001100001111011010111101100110100111111110000000011010011001000010100100001111001011100111001000101010001001011101010111011000110001
010110000111101101011110110011010011111111000000001101001100100001010010000111100101110011100100010101000100101110101011101100011000
001011000011110110101111011001101001111111100000000110100110010000101001000011110010111001110010001010100010010111010101110110001100
000101100001111011010111101100110100111111110000000011010011001000010100100001111001011100111001000101010001001011101010111011000110
000010110000111101101011110110011010011111111000000001101001100100001010010000111100101110011100100010101000100101110101011101100011
010001011000011110110101111011001101001111111100000000110100110010000101001000011110010111001110010001010100010010111010101110110001
011000101100001111011010111101100110100111111110000000011010011001000010100100001111001011100111001000101010001001011101010111011000
001100010110000111101101011110110011010011111111000000001101001100100001010010000111100101110011100100010101000100101110101011101100
000110001011000011110110101111011001101001111111100000000110100110010000101001000011110010111001110010001010100010010111010101110110
000011000101100001111011010111101100110100111111110000000011010011001000010100100001111001011100111001000101010001001011101010111011
010001100010110000111101101011110110011010011111111000000001101001100100001010010000111100101110011100100010101000100101110101011101
011000110001011000011110110101111011001101001111111100000000110100110010000101001000011110010111001110010001010100010010111010101110
001100011000101100001111011010111101100110100111111110000000011010011001000010100100001111001011100111001000101010001001011101010111
010110001100010110000111101101011110110011010011111111000000001101001100100001010010000111100101110011100100010101000100101110101011
011011000110001011000011110110101111011001101001111111100000000110100110010000101001000011110010111001110010001010100010010111010101
011101100011000101100001111011010111101100110100111111110000000011010011001000010100100001111001011100111001000101010001001011101010
001110110001100010110000111101101011110110011010011111111000000001101001100100001010010000111100101110011100100010101000100101110101
010111011000110001011000011110110101111011001101001111111100000000110100110010000101001000011110010111001110010001010100010010111010
001011101100011000101100001111011010111101100110100111111110000000011010011001000010100100001111001011100111001000101010001001011101
010101110110001100010110000111101101011110110011010011111111000000001101001100100001010010000111100101110011100100010101000100101110
001010111011000110001011000011110110101111011001101001111111100000000110100110010000101001000011110010111001110010001010100010010111
010101011101100011000101100001111011010111101100110100111111110000000011010011001000010100100001111001011100111001000101010001001011
011010101110110001100010110000111101101011110110011010011111111000000001101001100100001010010000111100101110011100100010101000100101
011101010111011000110001011000011110110101111011001101001111111100000000110100110010000101001000011110010111001110010001010100010010
001110101011101100011000101100001111011010111101100110100111111110000000011010011001000010100100001111001011100111001000101010001001
010111010101110110001100010110000111101101011110110011010011111111000000001101001100100001010010000111100101110011100100010101000100
100000000000000000000000000000000000000000000000000000000000000000000000000000000000000000000000000000000000000000000000000000000000
110100010101000100111001110100111100001001010000100110010110000000011111111001011001101111010110111100001101000110001101110101011101
111010001010100010011100111010011110000100101000010011001011000000001111111100101100110111101011011110000110100011000110111010101110
101101000101010001001110011101001111000010010100001001100101100000000111111110010110011011110101101111000011010001100011011101010111
110110100010101000100111001110100111100001001010000100110010110000000011111111001011001101111010110111100001101000110001101110101011
111011010001010100010011100111010011110000100101000010011001011000000001111111100101100110111101011011110000110100011000110111010101
111101101000101010001001110011101001111000010010100001001100101100000000111111110010110011011110101101111000011010001100011011101010
101110110100010101000100111001110100111100001001010000100110010110000000011111111001011001101111010110111100001101000110001101110101
110111011010001010100010011100111010011110000100101000010011001011000000001111111100101100110111101011011110000110100011000110111010
101011101101000101010001001110011101001111000010010100001001100101100000000111111110010110011011110101101111000011010001100011011101
110101110110100010101000100111001110100111100001001010000100110010110000000011111111001011001101111010110111100001101000110001101110
101010111011010001010100010011100111010011110000100101000010011001011000000001111111100101100110111101011011110000110100011000110111
110101011101101000101010001001110011101001111000010010100001001100101100000000111111110010110011011110101101111000011010001100011011
111010101110110100010101000100111001110100111100001001010000100110010110000000011111111001011001101111010110111100001101000110001101
111101010111011010001010100010011100111010011110000100101000010011001011000000001111111100101100110111101011011110000110100011000110
101110101011101101000101010001001110011101001111000010010100001001100101100000000111111110010110011011110101101111000011010001100011
110111010101110110100010101000100111001110100111100001001010000100110010110000000011111111001011001101111010110111100001101000110001
111011101010111011010001010100010011100111010011110000100101000010011001011000000001111111100101100110111101011011110000110100011000
101101110101011101101000101010001001110011101001111000010010100001001100101100000000111111110010110011011110101101111000011010001100
100110111010101110110100010101000100111001110100111100001001010000100110010110000000011111111001011001101111010110111100001101000110
100011011101010111011010001010100010011100111010011110000100101000010011001011000000001111111100101100110111101011011110000110100011
110001101110101011101101000101010001001110011101001111000010010100001001100101100000000111111110010110011011110101101111000011010001
111000110111010101110110100010101000100111001110100111100001001010000100110010110000000011111111001011001101111010110111100001101000
101100011011101010111011010001010100010011100111010011110000100101000010011001011000000001111111100101100110111101011011110000110100
100110001101110101011101101000101010001001110011101001111000010010100001001100101100000000111111110010110011011110101101111000011010
100011000110111010101110110100010101000100111001110100111100001001010000100110010110000000011111111001011001101111010110111100001101
110001100011011101010111011010001010100010011100111010011110000100101000010011001011000000001111111100101100110111101011011110000110
101000110001101110101011101101000101010001001110011101001111000010010100001001100101100000000111111110010110011011110101101111000011
110100011000110111010101110110100010101000100111001110100111100001001010000100110010110000000011111111001011001101111010110111100001
111010001100011011101010111011010001010100010011100111010011110000100101000010011001011000000001111111100101100110111101011011110000
101101000110001101110101011101101000101010001001110011101001111000010010100001001100101100000000111111110010110011011110101101111000
100110100011000110111010101110110100010101000100111001110100111100001001010000100110010110000000011111111001011001101111010110111100
100011010001100011011101010111011010001010100010011100111010011110000100101000010011001011000000001111111100101100110111101011011110
100001101000110001101110101011101101000101010001001110011101001111000010010100001001100101100000000111111110010110011011110101101111
110000110100011000110111010101110110100010101000100111001110100111100001001010000100110010110000000011111111001011001101111010110111
111000011010001100011011101010111011010001010100010011100111010011110000100101000010011001011000000001111111100101100110111101011011
111100001101000110001101110101011101101000101010001001110011101001111000010010100001001100101100000000111111110010110011011110101101
111110000110100011000110111010101110110100010101000100111001110100111100001001010000100110010110000000011111111001011001101111010110
101111000011010001100011011101010111011010001010100010011100111010011110000100101000010011001011000000001111111100101100110111101011
110111100001101000110001101110101011101101000101010001001110011101001111000010010100001001100101100000000111111110010110011011110101
111011110000110100011000110111010101110110100010101000100111001110100111100001001010000100110010110000000011111111001011001101111010
101101111000011010001100011011101010111011010001010100010011100111010011110000100101000010011001011000000001111111100101100110111101
110110111100001101000110001101110101011101101000101010001001110011101001111000010010100001001100101100000000111111110010110011011110
101011011110000110100011000110111010101110110100010101000100111001110100111100001001010000100110010110000000011111111001011001101111
110101101111000011010001100011011101010111011010001010100010011100111010011110000100101000010011001011000000001111111100101100110111
111010110111100001101000110001101110101011101101000101010001001110011101001111000010010100001001100101100000000111111110010110011011
111101011011110000110100011000110111010101110110100010101000100111001110100111100001001010000100110010110000000011111111001011001101
111110101101111000011010001100011011101010111011010001010100010011100111010011110000100101000010011001011000000001111111100101100110
101111010110111100001101000110001101110101011101101000101010001001110011101001111000010010100001001100101100000000111111110010110011
110111101011011110000110100011000110111010101110110100010101000100111001110100111100001001010000100110010110000000011111111001011001
111011110101101111000011010001100011011101010111011010001010100010011100111010011110000100101000010011001011000000001111111100101100
101101111010110111100001101000110001101110101011101101000101010001001110011101001111000010010100001001100101100000000111111110010110
100110111101011011110000110100011000110111010101110110100010101000100111001110100111100001001010000100110010110000000011111111001011
110011011110101101111000011010001100011011101010111011010001010100010011100111010011110000100101000010011001011000000001111111100101
111001101111010110111100001101000110001101110101011101101000101010001001110011101001111000010010100001001100101100000000111111110010
101100110111101011011110000110100011000110111010101110110100010101000100111001110100111100001001010000100110010110000000011111111001
110110011011110101101111000011010001100011011101010111011010001010100010011100111010011110000100101000010011001011000000001111111100
101011001101111010110111100001101000110001101110101011101101000101010001001110011101001111000010010100001001100101100000000111111110
100101100110111101011011110000110100011000110111010101110110100010101000100111001110100111100001001010000100110010110000000011111111
110010110011011110101101111000011010001100011011101010111011010001010100010011100111010011110000100101000010011001011000000001111111
111001011001101111010110111100001101000110001101110101011101101000101010001001110011101001111000010010100001001100101100000000111111
111100101100110111101011011110000110100011000110111010101110110100010101000100111001110100111100001001010000100110010110000000011111
111110010110011011110101101111000011010001100011011101010111011010001010100010011100111010011110000100101000010011001011000000001111
111111001011001101111010110111100001101000110001101110101011101101000101010001001110011101001111000010010100001001100101100000000111
111111100101100110111101011011110000110100011000110111010101110110100010101000100111001110100111100001001010000100110010110000000011
111111110010110011011110101101111000011010001100011011101010111011010001010100010011100111010011110000100101000010011001011000000001
111111111001011001101111010110111100001101000110001101110101011101101000101010001001110011101001111000010010100001001100101100000000
101111111100101100110111101011011110000110100011000110111010101110110100010101000100111001110100111100001001010000100110010110000000
100111111110010110011011110101101111000011010001100011011101010111011010001010100010011100111010011110000100101000010011001011000000
100011111111001011001101111010110111100001101000110001101110101011101101000101010001001110011101001111000010010100001001100101100000
100001111111100101100110111101011011110000110100011000110111010101110110100010101000100111001110100111100001001010000100110010110000
100000111111110010110011011110101101111000011010001100011011101010111011010001010100010011100111010011110000100101000010011001011000
100000011111111001011001101111010110111100001101000110001101110101011101101000101010001001110011101001111000010010100001001100101100
100000001111111100101100110111101011011110000110100011000110111010101110110100010101000100111001110100111100001001010000100110010110
100000000111111110010110011011110101101111000011010001100011011101010111011010001010100010011100111010011110000100101000010011001011
110000000011111111001011001101111010110111100001101000110001101110101011101101000101010001001110011101001111000010010100001001100101
111000000001111111100101100110111101011011110000110100011000110111010101110110100010101000100111001110100111100001001010000100110010
101100000000111111110010110011011110101101111000011010001100011011101010111011010001010100010011100111010011110000100101000010011001
110110000000011111111001011001101111010110111100001101000110001101110101011101101000101010001001110011101001111000010010100001001100
101011000000001111111100101100110111101011011110000110100011000110111010101110110100010101000100111001110100111100001001010000100110
100101100000000111111110010110011011110101101111000011010001100011011101010111011010001010100010011100111010011110000100101000010011
110010110000000011111111001011001101111010110111100001101000110001101110101011101101000101010001001110011101001111000010010100001001
111001011000000001111111100101100110111101011011110000110100011000110111010101110110100010101000100111001110100111100001001010000100
101100101100000000111111110010110011011110101101111000011010001100011011101010111011010001010100010011100111010011110000100101000010
100110010110000000011111111001011001101111010110111100001101000110001101110101011101101000101010001001110011101001111000010010100001
110011001011000000001111111100101100110111101011011110000110100011000110111010101110110100010101000100111001110100111100001001010000
101001100101100000000111111110010110011011110101101111000011010001100011011101010111011010001010100010011100111010011110000100101000
100100110010110000000011111111001011001101111010110111100001101000110001101110101011101101000101010001001110011101001111000010010100
100010011001011000000001111111100101100110111101011011110000110100011000110111010101110110100010101000100111001110100111100001001010
100001001100101100000000111111110010110011011110101101111000011010001100011011101010111011010001010100010011100111010011110000100101
110000100110010110000000011111111001011001101111010110111100001101000110001101110101011101101000101010001001110011101001111000010010
101000010011001011000000001111111100101100110111101011011110000110100011000110111010101110110100010101000100111001110100111100001001
110100001001100101100000000111111110010110011011110101101111000011010001100011011101010111011010001010100010011100111010011110000100
101010000100110010110000000011111111001011001101111010110111100001101000110001101110101011101101000101010001001110011101001111000010
100101000010011001011000000001111111100101100110111101011011110000110100011000110111010101110110100010101000100111001110100111100001
110010100001001100101100000000111111110010110011011110101101111000011010001100011011101010111011010001010100010011100111010011110000
101001010000100110010110000000011111111001011001101111010110111100001101000110001101110101011101101000101010001001110011101001111000
100100101000010011001011000000001111111100101100110111101011011110000110100011000110111010101110110100010101000100111001110100111100
100010010100001001100101100000000111111110010110011011110101101111000011010001100011011101010111011010001010100010011100111010011110
100001001010000100110010110000000011111111001011001101111010110111100001101000110001101110101011101101000101010001001110011101001111
110000100101000010011001011000000001111111100101100110111101011011110000110100011000110111010101110110100010101000100111001110100111
111000010010100001001100101100000000111111110010110011011110101101111000011010001100011011101010111011010001010100010011100111010011
111100001001010000100110010110000000011111111001011001101111010110111100001101000110001101110101011101101000101010001001110011101001
111110000100101000010011001011000000001111111100101100110111101011011110000110100011000110111010101110110100010101000100111001110100
101111000010010100001001100101100000000111111110010110011011110101101111000011010001100011011101010111011010001010100010011100111010
100111100001001010000100110010110000000011111111001011001101111010110111100001101000110001101110101011101101000101010001001110011101
110011110000100101000010011001011000000001111111100101100110111101011011110000110100011000110111010101110110100010101000100111001110
101001111000010010100001001100101100000000111111110010110011011110101101111000011010001100011011101010111011010001010100010011100111
110100111100001001010000100110010110000000011111111001011001101111010110111100001101000110001101110101011101101000101010001001110011
111010011110000100101000010011001011000000001111111100101100110111101011011110000110100011000110111010101110110100010101000100111001
111101001111000010010100001001100101100000000111111110010110011011110101101111000011010001100011011101010111011010001010100010011100
101110100111100001001010000100110010110000000011111111001011001101111010110111100001101000110001101110101011101101000101010001001110
100111010011110000100101000010011001011000000001111111100101100110111101011011110000110100011000110111010101110110100010101000100111
110011101001111000010010100001001100101100000000111111110010110011011110101101111000011010001100011011101010111011010001010100010011
111001110100111100001001010000100110010110000000011111111001011001101111010110111100001101000110001101110101011101101000101010001001
111100111010011110000100101000010011001011000000001111111100101100110111101011011110000110100011000110111010101110110100010101000100
101110011101001111000010010100001001100101100000000111111110010110011011110101101111000011010001100011011101010111011010001010100010
100111001110100111100001001010000100110010110000000011111111001011001101111010110111100001101000110001101110101011101101000101010001
110011100111010011110000100101000010011001011000000001111111100101100110111101011011110000110100011000110111010101110110100010101000
101001110011101001111000010010100001001100101100000000111111110010110011011110101101111000011010001100011011101010111011010001010100
100100111001110100111100001001010000100110010110000000011111111001011001101111010110111100001101000110001101110101011101101000101010
100010011100111010011110000100101000010011001011000000001111111100101100110111101011011110000110100011000110111010101110110100010101
110001001110011101001111000010010100001001100101100000000111111110010110011011110101101111000011010001100011011101010111011010001010
101000100111001110100111100001001010000100110010110000000011111111001011001101111010110111100001101000110001101110101011101101000101
110100010011100111010011110000100101000010011001011000000001111111100101100110111101011011110000110100011000110111010101110110100010
101010001001110011101001111000010010100001001100101100000000111111110010110011011110101101111000011010001100011011101010111011010001
110101000100111001110100111100001001010000100110010110000000011111111001011001101111010110111100001101000110001101110101011101101000
101010100010011100111010011110000100101000010011001011000000001111111100101100110111101011011110000110100011000110111010101110110100
100101010001001110011101001111000010010100001001100101100000000111111110010110011011110101101111000011010001100011011101010111011010
100010101000100111001110100111100001001010000100110010110000000011111111001011001101111010110111100001101000110001101110101011101101
110001010100010011100111010011110000100101000010011001011000000001111111100101100110111101011011110000110100011000110111010101110110
101000101010001001110011101001111000010010100001001100101100000000111111110010110011011110101101111000011010001100011011101010111011
