01111111111111111111111111111111111111111111111111111111111111111111111111111111111111111111111111111111111111111111111111111111111111111111
00100111101010100100010001100111100111110011011110101101101000001111101010000011111010010010100001001100000110000110011101110110101010000110
00010011110101010010001000110011110011111001101111010110110100000111110101000001111101001001010000100110000011000011001110111011010101000011
01001001111010101001000100011001111001111100110111101011011010000011111010100000111110100100101000010011000001100001100111011101101010100001
01100100111101010100100010001100111100111110011011110101101101000001111101010000011111010010010100001001100000110000110011101110110101010000
00110010011110101010010001000110011110011111001101111010110110100000111110101000001111101001001010000100110000011000011001110111011010101000
00011001001111010101001000100011001111001111100110111101011011010000011111010100000111110100100101000010011000001100001100111011101101010100
00001100100111101010100100010001100111100111110011011110101101101000001111101010000011111010010010100001001100000110000110011101110110101010
00000110010011110101010010001000110011110011111001101111010110110100000111110101000001111101001001010000100110000011000011001110111011010101
01000011001001111010101001000100011001111001111100110111101011011010000011111010100000111110100100101000010011000001100001100111011101101010
00100001100100111101010100100010001100111100111110011011110101101101000001111101010000011111010010010100001001100000110000110011101110110101
01010000110010011110101010010001000110011110011111001101111010110110100000111110101000001111101001001010000100110000011000011001110111011010
00101000011001001111010101001000100011001111001111100110111101011011010000011111010100000111110100100101000010011000001100001100111011101101
01010100001100100111101010100100010001100111100111110011011110101101101000001111101010000011111010010010100001001100000110000110011101110110
00101010000110010011110101010010001000110011110011111001101111010110110100000111110101000001111101001001010000100110000011000011001110111011
01010101000011001001111010101001000100011001111001111100110111101011011010000011111010100000111110100100101000010011000001100001100111011101
01101010100001100100111101010100100010001100111100111110011011110101101101000001111101010000011111010010010100001001100000110000110011101110
00110101010000110010011110101010010001000110011110011111001101111010110110100000111110101000001111101001001010000100110000011000011001110111
01011010101000011001001111010101001000100011001111001111100110111101011011010000011111010100000111110100100101000010011000001100001100111011
01101101010100001100100111101010100100010001100111100111110011011110101101101000001111101010000011111010010010100001001100000110000110011101
01110110101010000110010011110101010010001000110011110011111001101111010110110100000111110101000001111101001001010000100110000011000011001110
00111011010101000011001001111010101001000100011001111001111100110111101011011010000011111010100000111110100100101000010011000001100001100111
01011101101010100001100100111101010100100010001100111100111110011011110101101101000001111101010000011111010010010100001001100000110000110011
01101110110101010000110010011110101010010001000110011110011111001101111010110110100000111110101000001111101001001010000100110000011000011001
01110111011010101000011001001111010101001000100011001111001111100110111101011011010000011111010100000111110100100101000010011000001100001100
00111011101101010100001100100111101010100100010001100111100111110011011110101101101000001111101010000011111010010010100001001100000110000110
00011101110110101010000110010011110101010010001000110011110011111001101111010110110100000111110101000001111101001001010000100110000011000011
01001110111011010101000011001001111010101001000100011001111001111100110111101011011010000011111010100000111110100100101000010011000001100001
01100111011101101010100001100100111101010100100010001100111100111110011011110101101101000001111101010000011111010010010100001001100000110000
00110011101110110101010000110010011110101010010001000110011110011111001101111010110110100000111110101000001111101001001010000100110000011000
00011001110111011010101000011001001111010101001000100011001111001111100110111101011011010000011111010100000111110100100101000010011000001100
00001100111011101101010100001100100111101010100100010001100111100111110011011110101101101000001111101010000011111010010010100001001100000110
00000110011101110110101010000110010011110101010010001000110011110011111001101111010110110100000111110101000001111101001001010000100110000011
01000011001110111011010101000011001001111010101001000100011001111001111100110111101011011010000011111010100000111110100100101000010011000001
01100001100111011101101010100001100100111101010100100010001100111100111110011011110101101101000001111101010000011111010010010100001001100000
00110000110011101110110101010000110010011110101010010001000110011110011111001101111010110110100000111110101000001111101001001010000100110000
00011000011001110111011010101000011001001111010101001000100011001111001111100110111101011011010000011111010100000111110100100101000010011000
00001100001100111011101101010100001100100111101010100100010001100111100111110011011110101101101000001111101010000011111010010010100001001100
00000110000110011101110110101010000110010011110101010010001000110011110011111001101111010110110100000111110101000001111101001001010000100110
00000011000011001110111011010101000011001001111010101001000100011001111001111100110111101011011010000011111010100000111110100100101000010011
01000001100001100111011101101010100001100100111101010100100010001100111100111110011011110101101101000001111101010000011111010010010100001001
01100000110000110011101110110101010000110010011110101010010001000110011110011111001101111010110110100000111110101000001111101001001010000100
00110000011000011001110111011010101000011001001111010101001000100011001111001111100110111101011011010000011111010100000111110100100101000010
00011000001100001100111011101101010100001100100111101010100100010001100111100111110011011110101101101000001111101010000011111010010010100001
01001100000110000110011101110110101010000110010011110101010010001000110011110011111001101111010110110100000111110101000001111101001001010000
00100110000011000011001110111011010101000011001001111010101001000100011001111001111100110111101011011010000011111010100000111110100100101000
00010011000001100001100111011101101010100001100100111101010100100010001100111100111110011011110101101101000001111101010000011111010010010100
00001001100000110000110011101110110101010000110010011110101010010001000110011110011111001101111010110110100000111110101000001111101001001010
00000100110000011000011001110111011010101000011001001111010101001000100011001111001111100110111101011011010000011111010100000111110100100101
01000010011000001100001100111011101101010100001100100111101010100100010001100111100111110011011110101101101000001111101010000011111010010010
00100001001100000110000110011101110110101010000110010011110101010010001000110011110011111001101111010110110100000111110101000001111101001001
01010000100110000011000011001110111011010101000011001001111010101001000100011001111001111100110111101011011010000011111010100000111110100100
00101000010011000001100001100111011101101010100001100100111101010100100010001100111100111110011011110101101101000001111101010000011111010010
00010100001001100000110000110011101110110101010000110010011110101010010001000110011110011111001101111010110110100000111110101000001111101001
01001010000100110000011000011001110111011010101000011001001111010101001000100011001111001111100110111101011011010000011111010100000111110100
00100101000010011000001100001100111011101101010100001100100111101010100100010001100111100111110011011110101101101000001111101010000011111010
00010010100001001100000110000110011101110110101010000110010011110101010010001000110011110011111001101111010110110100000111110101000001111101
01001001010000100110000011000011001110111011010101000011001001111010101001000100011001111001111100110111101011011010000011111010100000111110
00100100101000010011000001100001100111011101101010100001100100111101010100100010001100111100111110011011110101101101000001111101010000011111
01010010010100001001100000110000110011101110110101010000110010011110101010010001000110011110011111001101111010110110100000111110101000001111
01101001001010000100110000011000011001110111011010101000011001001111010101001000100011001111001111100110111101011011010000011111010100000111
01110100100101000010011000001100001100111011101101010100001100100111101010100100010001100111100111110011011110101101101000001111101010000011
01111010010010100001001100000110000110011101110110101010000110010011110101010010001000110011110011111001101111010110110100000111110101000001
01111101001001010000100110000011000011001110111011010101000011001001111010101001000100011001111001111100110111101011011010000011111010100000
00111110100100101000010011000001100001100111011101101010100001100100111101010100100010001100111100111110011011110101101101000001111101010000
00011111010010010100001001100000110000110011101110110101010000110010011110101010010001000110011110011111001101111010110110100000111110101000
00001111101001001010000100110000011000011001110111011010101000011001001111010101001000100011001111001111100110111101011011010000011111010100
00000111110100100101000010011000001100001100111011101101010100001100100111101010100100010001100111100111110011011110101101101000001111101010
00000011111010010010100001001100000110000110011101110110101010000110010011110101010010001000110011110011111001101111010110110100000111110101
01000001111101001001010000100110000011000011001110111011010101000011001001111010101001000100011001111001111100110111101011011010000011111010
00100000111110100100101000010011000001100001100111011101101010100001100100111101010100100010001100111100111110011011110101101101000001111101
01010000011111010010010100001001100000110000110011101110110101010000110010011110101010010001000110011110011111001101111010110110100000111110
00101000001111101001001010000100110000011000011001110111011010101000011001001111010101001000100011001111001111100110111101011011010000011111
01010100000111110100100101000010011000001100001100111011101101010100001100100111101010100100010001100111100111110011011110101101101000001111
01101010000011111010010010100001001100000110000110011101110110101010000110010011110101010010001000110011110011111001101111010110110100000111
01110101000001111101001001010000100110000011000011001110111011010101000011001001111010101001000100011001111001111100110111101011011010000011
01111010100000111110100100101000010011000001100001100111011101101010100001100100111101010100100010001100111100111110011011110101101101000001
01111101010000011111010010010100001001100000110000110011101110110101010000110010011110101010010001000110011110011111001101111010110110100000
00111110101000001111101001001010000100110000011000011001110111011010101000011001001111010101001000100011001111001111100110111101011011010000
00011111010100000111110100100101000010011000001100001100111011101101010100001100100111101010100100010001100111100111110011011110101101101000
00001111101010000011111010010010100001001100000110000110011101110110101010000110010011110101010010001000110011110011111001101111010110110100
00000111110101000001111101001001010000100110000011000011001110111011010101000011001001111010101001000100011001111001111100110111101011011010
00000011111010100000111110100100101000010011000001100001100111011101101010100001100100111101010100100010001100111100111110011011110101101101
01000001111101010000011111010010010100001001100000110000110011101110110101010000110010011110101010010001000110011110011111001101111010110110
00100000111110101000001111101001001010000100110000011000011001110111011010101000011001001111010101001000100011001111001111100110111101011011
01010000011111010100000111110100100101000010011000001100001100111011101101010100001100100111101010100100010001100111100111110011011110101101
01101000001111101010000011111010010010100001001100000110000110011101110110101010000110010011110101010010001000110011110011111001101111010110
00110100000111110101000001111101001001010000100110000011000011001110111011010101000011001001111010101001000100011001111001111100110111101011
01011010000011111010100000111110100100101000010011000001100001100111011101101010100001100100111101010100100010001100111100111110011011110101
01101101000001111101010000011111010010010100001001100000110000110011101110110101010000110010011110101010010001000110011110011111001101111010
00110110100000111110101000001111101001001010000100110000011000011001110111011010101000011001001111010101001000100011001111001111100110111101
01011011010000011111010100000111110100100101000010011000001100001100111011101101010100001100100111101010100100010001100111100111110011011110
00101101101000001111101010000011111010010010100001001100000110000110011101110110101010000110010011110101010010001000110011110011111001101111
01010110110100000111110101000001111101001001010000100110000011000011001110111011010101000011001001111010101001000100011001111001111100110111
01101011011010000011111010100000111110100100101000010011000001100001100111011101101010100001100100111101010100100010001100111100111110011011
01110101101101000001111101010000011111010010010100001001100000110000110011101110110101010000110010011110101010010001000110011110011111001101
01111010110110100000111110101000001111101001001010000100110000011000011001110111011010101000011001001111010101001000100011001111001111100110
00111101011011010000011111010100000111110100100101000010011000001100001100111011101101010100001100100111101010100100010001100111100111110011
01011110101101101000001111101010000011111010010010100001001100000110000110011101110110101010000110010011110101010010001000110011110011111001
01101111010110110100000111110101000001111101001001010000100110000011000011001110111011010101000011001001111010101001000100011001111001111100
00110111101011011010000011111010100000111110100100101000010011000001100001100111011101101010100001100100111101010100100010001100111100111110
00011011110101101101000001111101010000011111010010010100001001100000110000110011101110110101010000110010011110101010010001000110011110011111
01001101111010110110100000111110101000001111101001001010000100110000011000011001110111011010101000011001001111010101001000100011001111001111
01100110111101011011010000011111010100000111110100100101000010011000001100001100111011101101010100001100100111101010100100010001100111100111
01110011011110101101101000001111101010000011111010010010100001001100000110000110011101110110101010000110010011110101010010001000110011110011
01111001101111010110110100000111110101000001111101001001010000100110000011000011001110111011010101000011001001111010101001000100011001111001
01111100110111101011011010000011111010100000111110100100101000010011000001100001100111011101101010100001100100111101010100100010001100111100
00111110011011110101101101000001111101010000011111010010010100001001100000110000110011101110110101010000110010011110101010010001000110011110
00011111001101111010110110100000111110101000001111101001001010000100110000011000011001110111011010101000011001001111010101001000100011001111
01001111100110111101011011010000011111010100000111110100100101000010011000001100001100111011101101010100001100100111101010100100010001100111
01100111110011011110101101101000001111101010000011111010010010100001001100000110000110011101110110101010000110010011110101010010001000110011
01110011111001101111010110110100000111110101000001111101001001010000100110000011000011001110111011010101000011001001111010101001000100011001
01111001111100110111101011011010000011111010100000111110100100101000010011000001100001100111011101101010100001100100111101010100100010001100
00111100111110011011110101101101000001111101010000011111010010010100001001100000110000110011101110110101010000110010011110101010010001000110
00011110011111001101111010110110100000111110101000001111101001001010000100110000011000011001110111011010101000011001001111010101001000100011
01001111001111100110111101011011010000011111010100000111110100100101000010011000001100001100111011101101010100001100100111101010100100010001
01100111100111110011011110101101101000001111101010000011111010010010100001001100000110000110011101110110101010000110010011110101010010001000
00110011110011111001101111010110110100000111110101000001111101001001010000100110000011000011001110111011010101000011001001111010101001000100
00011001111001111100110111101011011010000011111010100000111110100100101000010011000001100001100111011101101010100001100100111101010100100010
00001100111100111110011011110101101101000001111101010000011111010010010100001001100000110000110011101110110101010000110010011110101010010001
01000110011110011111001101111010110110100000111110101000001111101001001010000100110000011000011001110111011010101000011001001111010101001000
00100011001111001111100110111101011011010000011111010100000111110100100101000010011000001100001100111011101101010100001100100111101010100100
00010001100111100111110011011110101101101000001111101010000011111010010010100001001100000110000110011101110110101010000110010011110101010010
00001000110011110011111001101111010110110100000111110101000001111101001001010000100110000011000011001110111011010101000011001001111010101001
01000100011001111001111100110111101011011010000011111010100000111110100100101000010011000001100001100111011101101010100001100100111101010100
00100010001100111100111110011011110101101101000001111101010000011111010010010100001001100000110000110011101110110101010000110010011110101010
00010001000110011110011111001101111010110110100000111110101000001111101001001010000100110000011000011001110111011010101000011001001111010101
01001000100011001111001111100110111101011011010000011111010100000111110100100101000010011000001100001100111011101101010100001100100111101010
00100100010001100111100111110011011110101101101000001111101010000011111010010010100001001100000110000110011101110110101010000110010011110101
01010010001000110011110011111001101111010110110100000111110101000001111101001001010000100110000011000011001110111011010101000011001001111010
00101001000100011001111001111100110111101011011010000011111010100000111110100100101000010011000001100001100111011101101010100001100100111101
01010100100010001100111100111110011011110101101101000001111101010000011111010010010100001001100000110000110011101110110101010000110010011110
00101010010001000110011110011111001101111010110110100000111110101000001111101001001010000100110000011000011001110111011010101000011001001111
01010101001000100011001111001111100110111101011011010000011111010100000111110100100101000010011000001100001100111011101101010100001100100111
01101010100100010001100111100111110011011110101101101000001111101010000011111010010010100001001100000110000110011101110110101010000110010011
01110101010010001000110011110011111001101111010110110100000111110101000001111101001001010000100110000011000011001110111011010101000011001001
01111010101001000100011001111001111100110111101011011010000011111010100000111110100100101000010011000001100001100111011101101010100001100100
00111101010100100010001100111100111110011011110101101101000001111101010000011111010010010100001001100000110000110011101110110101010000110010
00011110101010010001000110011110011111001101111010110110100000111110101000001111101001001010000100110000011000011001110111011010101000011001
01001111010101001000100011001111001111100110111101011011010000011111010100000111110100100101000010011000001100001100111011101101010100001100
10000000000000000000000000000000000000000000000000000000000000000000000000000000000000000000000000000000000000000000000000000000000000000000
11011000010101011011101110011000011000001100100001010010010111110000010101111100000101101101011110110011111001111001100010001001010101111001
11101100001010101101110111001100001100000110010000101001001011111000001010111110000010110110101111011001111100111100110001000100101010111100
10110110000101010110111011100110000110000011001000010100100101111100000101011111000001011011010111101100111110011110011000100010010101011110
10011011000010101011011101110011000011000001100100001010010010111110000010101111100000101101101011110110011111001111001100010001001010101111
11001101100001010101101110111001100001100000110010000101001001011111000001010111110000010110110101111011001111100111100110001000100101010111
11100110110000101010110111011100110000110000011001000010100100101111100000101011111000001011011010111101100111110011110011000100010010101011
11110011011000010101011011101110011000011000001100100001010010010111110000010101111100000101101101011110110011111001111001100010001001010101
11111001101100001010101101110111001100001100000110010000101001001011111000001010111110000010110110101111011001111100111100110001000100101010
10111100110110000101010110111011100110000110000011001000010100100101111100000101011111000001011011010111101100111110011110011000100010010101
11011110011011000010101011011101110011000011000001100100001010010010111110000010101111100000101101101011110110011111001111001100010001001010
10101111001101100001010101101110111001100001100000110010000101001001011111000001010111110000010110110101111011001111100111100110001000100101
11010111100110110000101010110111011100110000110000011001000010100100101111100000101011111000001011011010111101100111110011110011000100010010
10101011110011011000010101011011101110011000011000001100100001010010010111110000010101111100000101101101011110110011111001111001100010001001
11010101111001101100001010101101110111001100001100000110010000101001001011111000001010111110000010110110101111011001111100111100110001000100
10101010111100110110000101010110111011100110000110000011001000010100100101111100000101011111000001011011010111101100111110011110011000100010
10010101011110011011000010101011011101110011000011000001100100001010010010111110000010101111100000101101101011110110011111001111001100010001
11001010101111001101100001010101101110111001100001100000110010000101001001011111000001010111110000010110110101111011001111100111100110001000
10100101010111100110110000101010110111011100110000110000011001000010100100101111100000101011111000001011011010111101100111110011110011000100
10010010101011110011011000010101011011101110011000011000001100100001010010010111110000010101111100000101101101011110110011111001111001100010
10001001010101111001101100001010101101110111001100001100000110010000101001001011111000001010111110000010110110101111011001111100111100110001
11000100101010111100110110000101010110111011100110000110000011001000010100100101111100000101011111000001011011010111101100111110011110011000
10100010010101011110011011000010101011011101110011000011000001100100001010010010111110000010101111100000101101101011110110011111001111001100
10010001001010101111001101100001010101101110111001100001100000110010000101001001011111000001010111110000010110110101111011001111100111100110
10001000100101010111100110110000101010110111011100110000110000011001000010100100101111100000101011111000001011011010111101100111110011110011
11000100010010101011110011011000010101011011101110011000011000001100100001010010010111110000010101111100000101101101011110110011111001111001
11100010001001010101111001101100001010101101110111001100001100000110010000101001001011111000001010111110000010110110101111011001111100111100
10110001000100101010111100110110000101010110111011100110000110000011001000010100100101111100000101011111000001011011010111101100111110011110
10011000100010010101011110011011000010101011011101110011000011000001100100001010010010111110000010101111100000101101101011110110011111001111
11001100010001001010101111001101100001010101101110111001100001100000110010000101001001011111000001010111110000010110110101111011001111100111
11100110001000100101010111100110110000101010110111011100110000110000011001000010100100101111100000101011111000001011011010111101100111110011
11110011000100010010101011110011011000010101011011101110011000011000001100100001010010010111110000010101111100000101101101011110110011111001
11111001100010001001010101111001101100001010101101110111001100001100000110010000101001001011111000001010111110000010110110101111011001111100
10111100110001000100101010111100110110000101010110111011100110000110000011001000010100100101111100000101011111000001011011010111101100111110
10011110011000100010010101011110011011000010101011011101110011000011000001100100001010010010111110000010101111100000101101101011110110011111
11001111001100010001001010101111001101100001010101101110111001100001100000110010000101001001011111000001010111110000010110110101111011001111
11100111100110001000100101010111100110110000101010110111011100110000110000011001000010100100101111100000101011111000001011011010111101100111
11110011110011000100010010101011110011011000010101011011101110011000011000001100100001010010010111110000010101111100000101101101011110110011
11111001111001100010001001010101111001101100001010101101110111001100001100000110010000101001001011111000001010111110000010110110101111011001
11111100111100110001000100101010111100110110000101010110111011100110000110000011001000010100100101111100000101011111000001011011010111101100
10111110011110011000100010010101011110011011000010101011011101110011000011000001100100001010010010111110000010101111100000101101101011110110
10011111001111001100010001001010101111001101100001010101101110111001100001100000110010000101001001011111000001010111110000010110110101111011
11001111100111100110001000100101010111100110110000101010110111011100110000110000011001000010100100101111100000101011111000001011011010111101
11100111110011110011000100010010101011110011011000010101011011101110011000011000001100100001010010010111110000010101111100000101101101011110
10110011111001111001100010001001010101111001101100001010101101110111001100001100000110010000101001001011111000001010111110000010110110101111
11011001111100111100110001000100101010111100110110000101010110111011100110000110000011001000010100100101111100000101011111000001011011010111
11101100111110011110011000100010010101011110011011000010101011011101110011000011000001100100001010010010111110000010101111100000101101101011
11110110011111001111001100010001001010101111001101100001010101101110111001100001100000110010000101001001011111000001010111110000010110110101
11111011001111100111100110001000100101010111100110110000101010110111011100110000110000011001000010100100101111100000101011111000001011011010
10111101100111110011110011000100010010101011110011011000010101011011101110011000011000001100100001010010010111110000010101111100000101101101
11011110110011111001111001100010001001010101111001101100001010101101110111001100001100000110010000101001001011111000001010111110000010110110
10101111011001111100111100110001000100101010111100110110000101010110111011100110000110000011001000010100100101111100000101011111000001011011
11010111101100111110011110011000100010010101011110011011000010101011011101110011000011000001100100001010010010111110000010101111100000101101
11101011110110011111001111001100010001001010101111001101100001010101101110111001100001100000110010000101001001011111000001010111110000010110
10110101111011001111100111100110001000100101010111100110110000101010110111011100110000110000011001000010100100101111100000101011111000001011
11011010111101100111110011110011000100010010101011110011011000010101011011101110011000011000001100100001010010010111110000010101111100000101
11101101011110110011111001111001100010001001010101111001101100001010101101110111001100001100000110010000101001001011111000001010111110000010
10110110101111011001111100111100110001000100101010111100110110000101010110111011100110000110000011001000010100100101111100000101011111000001
11011011010111101100111110011110011000100010010101011110011011000010101011011101110011000011000001100100001010010010111110000010101111100000
10101101101011110110011111001111001100010001001010101111001101100001010101101110111001100001100000110010000101001001011111000001010111110000
10010110110101111011001111100111100110001000100101010111100110110000101010110111011100110000110000011001000010100100101111100000101011111000
10001011011010111101100111110011110011000100010010101011110011011000010101011011101110011000011000001100100001010010010111110000010101111100
10000101101101011110110011111001111001100010001001010101111001101100001010101101110111001100001100000110010000101001001011111000001010111110
10000010110110101111011001111100111100110001000100101010111100110110000101010110111011100110000110000011001000010100100101111100000101011111
11000001011011010111101100111110011110011000100010010101011110011011000010101011011101110011000011000001100100001010010010111110000010101111
11100000101101101011110110011111001111001100010001001010101111001101100001010101101110111001100001100000110010000101001001011111000001010111
11110000010110110101111011001111100111100110001000100101010111100110110000101010110111011100110000110000011001000010100100101111100000101011
11111000001011011010111101100111110011110011000100010010101011110011011000010101011011101110011000011000001100100001010010010111110000010101
11111100000101101101011110110011111001111001100010001001010101111001101100001010101101110111001100001100000110010000101001001011111000001010
10111110000010110110101111011001111100111100110001000100101010111100110110000101010110111011100110000110000011001000010100100101111100000101
11011111000001011011010111101100111110011110011000100010010101011110011011000010101011011101110011000011000001100100001010010010111110000010
10101111100000101101101011110110011111001111001100010001001010101111001101100001010101101110111001100001100000110010000101001001011111000001
11010111110000010110110101111011001111100111100110001000100101010111100110110000101010110111011100110000110000011001000010100100101111100000
10101011111000001011011010111101100111110011110011000100010010101011110011011000010101011011101110011000011000001100100001010010010111110000
10010101111100000101101101011110110011111001111001100010001001010101111001101100001010101101110111001100001100000110010000101001001011111000
10001010111110000010110110101111011001111100111100110001000100101010111100110110000101010110111011100110000110000011001000010100100101111100
10000101011111000001011011010111101100111110011110011000100010010101011110011011000010101011011101110011000011000001100100001010010010111110
10000010101111100000101101101011110110011111001111001100010001001010101111001101100001010101101110111001100001100000110010000101001001011111
11000001010111110000010110110101111011001111100111100110001000100101010111100110110000101010110111011100110000110000011001000010100100101111
11100000101011111000001011011010111101100111110011110011000100010010101011110011011000010101011011101110011000011000001100100001010010010111
11110000010101111100000101101101011110110011111001111001100010001001010101111001101100001010101101110111001100001100000110010000101001001011
11111000001010111110000010110110101111011001111100111100110001000100101010111100110110000101010110111011100110000110000011001000010100100101
11111100000101011111000001011011010111101100111110011110011000100010010101011110011011000010101011011101110011000011000001100100001010010010
10111110000010101111100000101101101011110110011111001111001100010001001010101111001101100001010101101110111001100001100000110010000101001001
11011111000001010111110000010110110101111011001111100111100110001000100101010111100110110000101010110111011100110000110000011001000010100100
10101111100000101011111000001011011010111101100111110011110011000100010010101011110011011000010101011011101110011000011000001100100001010010
10010111110000010101111100000101101101011110110011111001111001100010001001010101111001101100001010101101110111001100001100000110010000101001
11001011111000001010111110000010110110101111011001111100111100110001000100101010111100110110000101010110111011100110000110000011001000010100
10100101111100000101011111000001011011010111101100111110011110011000100010010101011110011011000010101011011101110011000011000001100100001010
10010010111110000010101111100000101101101011110110011111001111001100010001001010101111001101100001010101101110111001100001100000110010000101
11001001011111000001010111110000010110110101111011001111100111100110001000100101010111100110110000101010110111011100110000110000011001000010
10100100101111100000101011111000001011011010111101100111110011110011000100010010101011110011011000010101011011101110011000011000001100100001
11010010010111110000010101111100000101101101011110110011111001111001100010001001010101111001101100001010101101110111001100001100000110010000
10101001001011111000001010111110000010110110101111011001111100111100110001000100101010111100110110000101010110111011100110000110000011001000
10010100100101111100000101011111000001011011010111101100111110011110011000100010010101011110011011000010101011011101110011000011000001100100
10001010010010111110000010101111100000101101101011110110011111001111001100010001001010101111001101100001010101101110111001100001100000110010
10000101001001011111000001010111110000010110110101111011001111100111100110001000100101010111100110110000101010110111011100110000110000011001
11000010100100101111100000101011111000001011011010111101100111110011110011000100010010101011110011011000010101011011101110011000011000001100
10100001010010010111110000010101111100000101101101011110110011111001111001100010001001010101111001101100001010101101110111001100001100000110
10010000101001001011111000001010111110000010110110101111011001111100111100110001000100101010111100110110000101010110111011100110000110000011
11001000010100100101111100000101011111000001011011010111101100111110011110011000100010010101011110011011000010101011011101110011000011000001
11100100001010010010111110000010101111100000101101101011110110011111001111001100010001001010101111001101100001010101101110111001100001100000
10110010000101001001011111000001010111110000010110110101111011001111100111100110001000100101010111100110110000101010110111011100110000110000
10011001000010100100101111100000101011111000001011011010111101100111110011110011000100010010101011110011011000010101011011101110011000011000
10001100100001010010010111110000010101111100000101101101011110110011111001111001100010001001010101111001101100001010101101110111001100001100
10000110010000101001001011111000001010111110000010110110101111011001111100111100110001000100101010111100110110000101010110111011100110000110
10000011001000010100100101111100000101011111000001011011010111101100111110011110011000100010010101011110011011000010101011011101110011000011
11000001100100001010010010111110000010101111100000101101101011110110011111001111001100010001001010101111001101100001010101101110111001100001
11100000110010000101001001011111000001010111110000010110110101111011001111100111100110001000100101010111100110110000101010110111011100110000
10110000011001000010100100101111100000101011111000001011011010111101100111110011110011000100010010101011110011011000010101011011101110011000
10011000001100100001010010010111110000010101111100000101101101011110110011111001111001100010001001010101111001101100001010101101110111001100
10001100000110010000101001001011111000001010111110000010110110101111011001111100111100110001000100101010111100110110000101010110111011100110
10000110000011001000010100100101111100000101011111000001011011010111101100111110011110011000100010010101011110011011000010101011011101110011
11000011000001100100001010010010111110000010101111100000101101101011110110011111001111001100010001001010101111001101100001010101101110111001
11100001100000110010000101001001011111000001010111110000010110110101111011001111100111100110001000100101010111100110110000101010110111011100
10110000110000011001000010100100101111100000101011111000001011011010111101100111110011110011000100010010101011110011011000010101011011101110
10011000011000001100100001010010010111110000010101111100000101101101011110110011111001111001100010001001010101111001101100001010101101110111
11001100001100000110010000101001001011111000001010111110000010110110101111011001111100111100110001000100101010111100110110000101010110111011
11100110000110000011001000010100100101111100000101011111000001011011010111101100111110011110011000100010010101011110011011000010101011011101
11110011000011000001100100001010010010111110000010101111100000101101101011110110011111001111001100010001001010101111001101100001010101101110
10111001100001100000110010000101001001011111000001010111110000010110110101111011001111100111100110001000100101010111100110110000101010110111
11011100110000110000011001000010100100101111100000101011111000001011011010111101100111110011110011000100010010101011110011011000010101011011
11101110011000011000001100100001010010010111110000010101111100000101101101011110110011111001111001100010001001010101111001101100001010101101
11110111001100001100000110010000101001001011111000001010111110000010110110101111011001111100111100110001000100101010111100110110000101010110
10111011100110000110000011001000010100100101111100000101011111000001011011010111101100111110011110011000100010010101011110011011000010101011
11011101110011000011000001100100001010010010111110000010101111100000101101101011110110011111001111001100010001001010101111001101100001010101
11101110111001100001100000110010000101001001011111000001010111110000010110110101111011001111100111100110001000100101010111100110110000101010
10110111011100110000110000011001000010100100101111100000101011111000001011011010111101100111110011110011000100010010101011110011011000010101
11011011101110011000011000001100100001010010010111110000010101111100000101101101011110110011111001111001100010001001010101111001101100001010
10101101110111001100001100000110010000101001001011111000001010111110000010110110101111011001111100111100110001000100101010111100110110000101
11010110111011100110000110000011001000010100100101111100000101011111000001011011010111101100111110011110011000100010010101011110011011000010
10101011011101110011000011000001100100001010010010111110000010101111100000101101101011110110011111001111001100010001001010101111001101100001
11010101101110111001100001100000110010000101001001011111000001010111110000010110110101111011001111100111100110001000100101010111100110110000
10101010110111011100110000110000011001000010100100101111100000101011111000001011011010111101100111110011110011000100010010101011110011011000
10010101011011101110011000011000001100100001010010010111110000010101111100000101101101011110110011111001111001100010001001010101111001101100
10001010101101110111001100001100000110010000101001001011111000001010111110000010110110101111011001111100111100110001000100101010111100110110
10000101010110111011100110000110000011001000010100100101111100000101011111000001011011010111101100111110011110011000100010010101011110011011
11000010101011011101110011000011000001100100001010010010111110000010101111100000101101101011110110011111001111001100010001001010101111001101
11100001010101101110111001100001100000110010000101001001011111000001010111110000010110110101111011001111100111100110001000100101010111100110
10110000101010110111011100110000110000011001000010100100101111100000101011111000001011011010111101100111110011110011000100010010101011110011
