00110110100010000100010110110000010010111000000111010010000101110011010000001011001110100011100110101111010110011100
00011011010001000010001011011000001001011100000011101001001010111001101000000101100111000001110011010111101011001110
10001101101000100001000101101000000100101110000001110100100101011100110100000010110011100000111001101011110101100111
11000110110100010000100010110000000010010111000000111010011010101110011010000001011001110000011100110101111010110011
01100011011010001000010001011100000001001011100000011101001101010111001101000000101100111000001110011010111101011001
10110001101101000100001000101010000000100101110000001110101110101011100110100000010110011100000111001101011110101100
11011000110110100010000100010001000000010010111000000111010111010101110011010000001011001110000011100110101111010110
01101100011011010001000010001100100000001001011100000011100011101010111001101000000101100111000001110011010111101011
10110110001101101000100001000010010000000100101110000001111001110101011100110100000010110011100000111001101011110101
01011011000110110100010000100101001000000010010111000000111100111010101110011010000001011001110000011100110101111010
00101101100011011010001000010110100100000001001011100000010110011101010111001101000000101100111000001110011010111101
00010110110001101101000100001111010010000000100101110000001011001110101011100110100000010110011100000111001101011110
10001011011000110110100010000011101001000000010010111000000101100111010101110011010000001011001110000011100110101111
01000101101100011011010001000001110100100000001001011100000010110011101010111001101000010101100111000001110011010111
00100010110110001101101000100000111010010000000100101110000001011001110101011100110100011010110011100000111001101011
00010001011011000110110100010000011101001000000010010111000000101100111010101110011010011101011001110000011100110101
00001000101101100011011010001000001110100100000001001011100000010110011101010111001101011110101100111000001110011010
10000100010110110001101101000000000111010010000000100101110000001011001110101011100110101111010110011100000111001101
01000010001011011000110110100100000011101001000000010010111000000101100111010101110011010111101011001110000011100110
00100001000101101100011011010110000001110100100000001001010100000010110011101010111001101011110101100111000001110011
00010000100010110110001101101111000000111010010000000100101010000001011001110101011100110101111010110011100000111001
10001000010001011011000110110011100000011101001000000010011101000000101100111010101110011010111101011001110000011100
01000100001000101101100011011101110000001110100100000001000110100000010110011101010111001101011110101100111000001110
10100010000100010110110001101010111000000111010010000000100011010000001011001110101011100110101111010110011100000111
11010001000010001011011000110001011100000011101001000000011001101000000101100111010101110011010111101011001110000011
01101000100001000101101100011100101110000001110100100000001100110100000010110011101010111001101011110101100111000001
10110100010000100010110110001010010111000000111010010000001110011010000001011001110101011100110101111010110011100000
11011010001000010001011011000001001011100000011101001000000111001101000000101100111010101110011010111101011001110000
01101101000100001000101101100000100101110000001110100100001011100110100000010110011101000111001101011110101100111000
11110110100011111100010110111001101101000100001000101101101110001100101000010100110001101011100110100000010110011101
11111011010001111110001011011000110110100010000100010110111111000110010100001010011000110101110011010000001011001110
11111101101000111111000101101100011011010001000010001011011111100011001010000101001100001010111001101000000101100111
11111110110100011111100010110110001101101000100001000101100111110001100101000010100110010101011100110100000010110011
01111111011010001111110001011011000110110100010000100010110011111000110010100001010011011010101110011010000001011001
10111111101101000111111000101101100011011010001000010001010001111100011001010000101001111101010111001101000000101100
11011111110110100011111100010110110001101101000100001000101000111110001100101000010100101110101011100110100000010110
01101111111011010001111110001011011000110110100010000100011100011111000110010100001010000111010101110011010000001011
10110111111101101000111111000101101100011011010001000010000110001111100011001010000101010011101010111001101000000101
01011011111110110100011111100010110110001101101000100001000011000111110001100101000010111001110101011100110100000010
00101101111111011010001111110001011011000110110100010000101001100011111000110010100001001100111010101110011010000001
00010110111111101101000111111000101101100011011010001000010100110001111100011001010000110110011101010111001101000000
10001011011111110110100011111100010110110001101101000100001010011000111110001100101000001011001110101011100110100000
11000101101111111011010001111010001011011000110110100010000101001100011111000110010100000101100111010101110011010000
11100010110111111101101000111001000101101100011011010001000010100110001111100011001010000010110011101010111001101000
11110001011011111110110100011000100010110110001101101000100001010011000111110001100101000001011001110101011100110100
11111000101101111111011010001000010001011011000110110100010000101001100011111000110010100000101100111010101110011010
11111100010110111111101101000100001000101101100011011010001000010100110001111100011001000000010110011101010111001101
01111110001011011111110110100010000100010110110001101101000100001010011000111110001100110000001011001110101011100110
00111111000101101111111011010001000010001011011000110110101010000101001100011111000110001000000101100111010101110011
00011111100010110111111101101000100001000101101100011011010101000010100110001111100011010100000010110011101010111001
10001111110001011011111110110100010000100010110110001101100010100001010011000111110001111010000001011001110101011100
01000111111000101101111111011010001000010001011011000110111001010000101001100011111000101101000000101100111010101110
10100011111100010110111111101101000100001000101101100011011100101000010100110001111100000110100000010110011101010111
11010001111110001011011111110110100010000100010110110001100110010100001010011000111110010011010000001011001110101011
01101000111111000101101111111011010001000010001011011000110011001010000101001100011111011001101000000101100111010101
10110100011111100010110111111101101000100001000101101100010001100101000010100110001111111100110100000010110011101010
11011010001111110001011011111110110100010000100010110110001000110010100001010011000111101110011010000001011001110101
11101101000111111000101101111011011010001000010001011011001100011001010000101001100011110111001101000000101100111010
10100011001011111101001100010000111001101011110101100111000011011010001000010001011011011110110100011111100010110111
01010001100101111110100110001000011100110101111010110011100001101101000100001000101101111111011010001111110001011011
10101000110010111111010011000000001110011010111101011001111000110110100010000100010110111111101101000111111000101101
01010100011001011111101001100100000111001101011110101100111100011011010001000010001011011111110110100011111100010110
00101010001100101111110100110110000011100110101111010110010110001101101000100001000101101111111011010001111110001011
00010101000110010111111010011111000001110011010111101011001011000110110100010000100010110111111101101000111111000101
10001010100011001011111101001011100000111001101011110101101101100011011010001000010001011011111110110100011111100010
11000101010001100101111110100001110000011100110101111010110110110001101101000100001000101101111111011010001111110001
01100010101000110010111111010100111000001110011010111101011011011000110110100010000100010110111111101101000111111000
00110001010100011001011111101110011100000111001101011110100101101100011011010001000010001011011111110110100011111100
10011000101010001100101111110011001110000011100110101111010010110110001101101000100001000101101111111011010001111110
01001100010101000110010111111101100111000001110011010111100001011011000110110100010000100010110111111101101000111111
10100110001010100011001011111010110011100000111001101011111000101101100011011010001000010001011011111110110100011111
11010011000101010001100101111101011001110000011100110101110100010110110001101101000100011000101101111111011010001111
11101001100010101000110010111110101100111000001110011010110010001011011000110110100010011100010110111111101101000111
11110100110001010100011001011111010110011100000111001101010001000101101100011011010001011110001011011111110110100011
11111010011000101010001100101111101011001110000011100110100000100010110110001101101000111111000101101111111011010001
11111101001100010101000110010011110101100111000001110011011000010001011011000110110100011111100010110111111101101000
01111110100110001010100011001101111010110011100000111001100100001000101101100011011010001111110001011011111110110100
10111111010011000101010001100010111101011001110000011100110010000100010110110001101101000111111000101101111111011010
01011111101001100010101000110101011110101100111000001110010001000010001011011000110110100011111100010110111111101101
00101111110100110001010100011110101111010110011100000111001000100001000101101100011011010001111110001011011111110110
10010111111010011000101010001011010111101011001110000011100100010000100010110110001101101000111111000101101111111011
11001011111101001100010101000001101011110101100111000001111010001000010001011011000110110100011111100010110111111101
01100101111110100110001010100100110101111010110011100000111101000100001000101101100011011010001111110001011011111110
00110010111111010011000101010110011010111101011001110000010110100010000100010110110001101101000111111000101101111111
00011001011111101001100010101111001101011110101100111000001011010001000010001011011000110110100011111100010110111111
10001100101111110100110001010011100110101111010110011100001101101000100001000101101100011011010001111110001011011111
01000110010111111010011000101001110011010111101011001110000110110100010000100010110110011101101000111111000101101111
11100011001010000101001100011101000110010111111010011000100000100101110000001110100100000110110100010000100010110110
11110001100101000010100110001010100011001011111101001100010000010010111000000111010010000011011010001000010001011011
11111000110010100001010011000101010001100101111110100110000000001001011100000011101001010001101101000100001000101101
01111100011001010000101001100010101000110010111111010011000000000100101110000001110100111000110110100010000100010110
00111110001100101000010100110001010100011001011111101001101000000010010111000000111010001100011011010001000010001011
00011111000110010100001010011000101010001100101111110100110100000001001011100000011101010110001101101000100001000101
10001111100011001010000101001100010101000110010111111010010010000000100101110000001110111011000110110100010000100010
11000111110001100101000010100110001010100011001011111101001001000000010010111000000111001101100011011010001000010001
01100011111000110010100001010011000101010001100101111110100100100000001001011100000011110110110001101101000100001000
00110001111100011001010000101001100010101000110010111111011010010000000100101110000001101011011000110110100010000100
10011000111110001100101000010100110001010100011001011111101101001000000010010111000000100101101100011011010001000010
01001100011111000110010100001010011000101010001100101111111110100100000001001011100000000010110110001101101000100001
10100110001111100011001010000101001100010101000110010111110111010010000000100101110000010001011011000110110100010000
01010011000111110001100101000110100110001010100011001011110011101001000000010010111000001000101101100011011010001000
00101001100011111000110010100111010011000101010001100101110001110100100000001001011100000100010110110001101101000100
00010100110001111100011001010111101001100010101000110010110000111010010000000100101110000010001011011000110110100010
00001010011000111110001100101111110100110001010100011001010000011101001000000010010111000001000101101100011011010001
10000101001100011111000110010111111010011000101010001100100000001110100100000001001011110000100010110110001101101000
01000010100110001111100011001011111101001100010101000110011000000111010010000000100101101000010001011011000110110100
10100001010011000111110001100101111110100110001010100011001100000011101001000000010010100100001000101101100011011010
01010000101001100011111000110010111111010011000101010001101110000001110100100000001001000010000100010110110001101101
00101000010100110001111100011001011111101001100010101000110111000000111010010000000100110001000010001011011000110110
10010100001010011000111110001100101111110100110001010100011011100000011101001000000010001000100001000101101100011011
11001010000101001100011111000110010111111010011000101010000101110000001110100100000001010100010000100010110110001101
01100101000010100110001111100011001011111101001100010101000010111000000111010010000000111010001000010001011011000110
00110010100001010011000111110001100101111110100110001010101001011100000011101001000000001101000100001000101101100011
00011001010000101001100011111000110010111111010011000101010100101110000001110100100000010110100010000100010110110001
10001100101000010100110001111100011001011111101001100010100010010111000000111010010000011011010001000010001011011000
11000110010100001010011000111010001100101111110100110001010001001011100000011101001000001101101000100001000101101100
11001001011101111011101001001111101101000111111000101101111010001100101111110100110001011100011001010000101001100011
11100100101110111101110100100111110110100011111100010110110101000110010111111010011000111110001100101000010100110001
01110010010111011110111010010111111011010001111110001011011010100011001011111101001100011111000110010100001010011000
00111001001011101111011101001111111101101000111111000101100101010001100101111110100110001111100011001010000101001100
10011100100101110111101110100011111110110100011111100010110010101000110010111111010011000111110001100101000010100110
01001110010010111011110111010101111111011010001111110001010001010100011001011111101001100011111000110010100001010011
00100111001001011101111011101110111111101101000111111000101000101010001100101111110100110001111100011001010000101001
10010011100100101110111101110011011111110110100011111100011100010101000110010111111010011000111110001100101000010100
01001001110010010111011110111101101111111011010001111110000110001010100011001011111101001100011111000110010100001010
10100100111001001011101111011010110111111101101000111111000011000101010001100101111110100110001111100011001010000101
11010010011100100101110111101001011011111110110100011111101001100010101000110010111111010011000111110001100101000010
11101001001110010010111011110000101101111111011010001111110100110001010100011001011111101001100011111000110010100001
01110100100111001001011101111100010110111111101101000111111010011000101010001100101111110100110001111100011001010000
10111010010011100100101110111110001011011111110110100011111101001100010101000110010111101010011000111110001100101000
11011101001001110010010111011111000101101111111011010001111110100110001010100011001011100101001100011111000110010100
11101110100100111001001011101111100010110111111101101000111111010011000101010001100101100010100110001111100011001010
11110111010010011100100101110111110001011011111110110100011111101001100010101000110010100001010011000111110001100101
01111011101001001110010010111111111000101101111111011010001111110100110001010100011001010000101001100011111000110010
10111101110100100111001001011011111100010110111111101101000111111010011000101010001100101000010100110001111100011001
11011110111010010011100100101001111110001011011111110110101011111101001100010101000110010100001010011000111110001100
11101111011101001001110010010000111111000101101111111011010101111110100110001010100011001010000101001100011111000110
01110111101110100100111001001100011111100010110111111101100010111111010011000101010001100101000010100110001111100011
10111011110111010010011100100010001111110001011011111110111001011111101001100010101000110010100001010011000111110001
01011101111011101001001110010101000111111000101101111111011100101111110100110001010100011001010000101001100011111000
00101110111101110100100111001110100011111100010110111111100110010111111010011000101010001100101000010100110001111100
10010111011110111010010011100011010001111110001011011111110011001011111101001100010101000110010100001010011000111110
01001011101111011101001001110101101000111111000101101111110001100101111110100110001010100011001010000101001100011111
00100101110111101110100100111110110100011111100010110111111000110010111111010011000101010001100101000010100110001111
10010010111011110111010010011111011010001111110001011011110100011001011111101001100010111000110010100001010011000111
00001001011100000011101001000110010010111011110111010010010001110011010111101011001110010100011001011111101001100010
00000100101110000001110100100111001001011101111011101001000000111001101011110101100111001010001100101111110100110001
00000010010111000000111010010011100100101110111101110100100000011100110101111010110011110101000110010111111010011000
00000001001011100000011101001001110010010111011110111010011000001110011010111101011001101010100011001011111101001100
10000000100101110000001110100100111001001011101111011101001100000111001101011110101100100101010001100101111110100110
01000000010010111000000111010010011100100101110111101110101110000011100110101111010110000010101000110010111111010011
00100000001001011100000011101001001110010010111011110111010111000001110011010111101011010001010100011001011111101001
10010000000100101110000001110100100111001001011101111011100011100000111001101011110101111000101010001100101111110100
01001000000010010111000000111010010011100100101110111101111001110000011100110101111010101100010101000110010111111010
10100100000001001011100000011101001001110010010111011110111100111000001110011010111101000110001010100011001011111101
11010010000000100101110000001110100100111001001011101111010110011100000111001101011110110011000101010001100101111110
11101001000000010010111000000111010010011100100101110111101011001110000011100110101111001001100010101000110010111111
01110100100000001001011100000011101001001110010010111011110101100111000001110011010111110100110001010100011001011111
00111010010000000100101110000101110100100111001001011101111010110011100000111001101011111010011000101010001100101111
00011101001000000010010111000110111010010011100100101110111101011001110000011100110101111101001100010101000110010111
00001110100100000001001011100111011101001001110010010111011110101100111000001110011010111110100110001010100011001011
00000111010010000000100101110111101110100100111001001011101111010110011100000111001101011111010011000101010001100101
00000011101001000000010010111011110111010010011100100101110111101011001110000011100110111111101001100010101000110010
10000001110100100000001001011101111011101001001110010010111011110101100111000001110011001111110100110001010100011001
11000000111010010000000100101110111101110100100111001001010101111010110011100000111001110111111010011000101010001100
11100000011101001000000010010111011110111010010011100100101010111101011001110000011100101011111101001100010101000110
01110000001110100100000001001011101111011101001001110010011101011110101100111000001110000101111110100110001010100011
10111000000111010010000000100101110111101110100100111001000110101111010110011100000111010010111111010011000101010001
01011100000011101001000000010010111011110111010010011100100011010111101011001110000011111001011111101001100010101000
00101110000001110100100000001001011101111011101001001110011001101011110101100111000001101100101111110100110001010100
10010111000000111010010000000100101110111101110100100111001100110101111010110011100000100110010111111010011000101010
01001011100000011101001000000010010111011110111010010011101110011010111101011001110000000011001011111101001100010101
00100101110000001110100100000001001011101111011101001001110111001101011110101100111000010001100101111110100110001010
00010010111000000111010010000100100101110111101110100100110011100110101111010110011100001000110010111111010011000101
01011100110100000010110011101111000110010100001010011000111100100101110111101110100100100001001011100000011101001000
10101110011010000001011001110111100011001010000101001100011110010010111011110111010010000000100101110000001110100100
01010111001101000000101100111111110001100101000010100110000111001001011101111011101001000000010010111000000111010010
10101011100110100000010110011011111000110010100001010011000011100100101110111101110100100000001001011100000011101001
11010101110011010000001011001001111100011001010000101001101001110010010111011110111010010000000100101110000001110100
11101010111001101000000101100000111110001100101000010100110100111001001011101111011101001000000010010111000000111010
01110101011100110100000010110100011111000110010100001010010010011100100101110111101110100100000001001011100000011101
00111010101110011010000001011110001111100011001010000101001001001110010010111011110111010010000000100101110000001110
10011101010111001101000000101011000111110001100101000010100100100111001001011101111011101001000000010010111000000111
11001110101011100110100000010001100011111000110010100001011010010011100100101110111101110100100000001001011100000011
01100111010101110011010000001100110001111100011001010000101101001001110010010111011110111010010000000100101110000001
10110011101010111001101000000010011000111110001100101000011110100100111001001011101111011101001000000010010111000000
01011001110101011100110100000101001100011111000110010100000111010010011100100101110111101110100100000001001011100000
00101100111010101110011010000010100110001111100011001010001011101001001110010010111011100111010010000000100101110000
00010110011101010111001101000001010011000111110001100101001101110100100111001001011101100011101001000000010010111000
00001011001110101011100110100000101001100011111000110010101110111010010011100100101110100001110100100000001001011100
00000101100111010101110011010000010100110001111100011001011111011101001001110010010111000000111010010000000100101110
00000010110011101010111001101100001010011000111110001100100111101110100100111001001011100000011101001000000010010111
10000001011001110101011100110010000101001100011111000110011011110111010010011100100101110000001110100100000001001011
01000000101100111010101110011101000010100110001111100011001101111011101001001110010010111000000111010010000000100101
10100000010110011101010111001010100001010011000111110001101110111101110100100111001001011100000011101001000000010010
11010000001011001110101011100001010000101001100011111000110111011110111010010011100100101110000001110100100000001001
01101000000101100111010101110100101000010100110001111100011011101111011101001001110010010111000000111010010000000100
00110100000010110011101010111110010100001010011000111110000101110111101110100100111001001011100000011101001000000010
10011010000001011001110101011011001010000101001100011111000010111011110111010010011100100101110000001110100100000001
11001101000000101100111010101001100101000010100110001111101001011101111011101001001110010010111000000111010010000000
11100110100000010110011101010000110010100001010011000111110100101110111101110100100111001001011100000011101001000000
01110011010000001011001110101100011001010000101001100011110010010111011110111010010011100100101110000001110100100000
10111001101000000101100111010110001100101000010100110001111001001011101111011101001001100010010111000000111010010000
00011100110101111010110011100010111001101000000101100111011111011010001111110001011011111001001011101111011101001001
00001110011010111101011001110101011100110100000010110011101111101101000111111000101101111100100101110111101110100100
00000111001101011110101100111010101110011010000001011001111111110110100011111100010110101110010010111011110111010010
10000011100110101111010110011101010111001101000000101100111111111011010001111110001011000111001001011101111011101001
11000001110011010111101011001110101011100110100000010110010111111101101000111111000101110011100100101110111101110100
11100000111001101011110101100111010101110011010000001011001011111110110100011111100010101001110010010111011110111010
01110000011100110101111010110011101010111001101000000101101101111111011010001111110001000100111001001011101111011101
00111000001110011010111101011001110101011100110100000010110110111111101101000111111000110010011100100101110111101110
10011100000111001101011110101100111010101110011010000001011011011111110110100011111100001001001110010010111011110111
11001110000011100110101111010110011101010111001101000000100101101111111011010001111110010100100111001001011101111011
01100111000001110011010111101011001110101011100110100000010010110111111101101000111111011010010011100100101110111101
10110011100000111001101011110101100111010101110011010000000001011011111110110100011111111101001001110010010111011110
01011001110000011100110101111010110011101010111001101000001000101101111111011010001111101110100100111001001011101111
10101100111000001110011010111001011001110101011100110100001100010110111111101101000111110111010010011100100101110111
11010110011100000111001101011000101100111010101110011010001110001011011111110110100011111011101001001110010010111011
11101011001110000011100110101000010110011101010111001101001111000101101111111011010001111101110100100111001001011101
11110101100111000001110011010000001011001110101011100110101111100010110111111101101000111110111010010011100100101110
01111010110011100000111001101000000101100111010101110011011111110001011011111110110100001111011101001001110010010111
10111101011001110000011100110100000010110011101010111001100111111000101101111111011010010111101110100100111001001011
01011110101100111000001110011010000001011001110101011100110011111100010110111111101101011011110111010010011100100101
10101111010110011100000111001101000000101100111010101110010001111110001011011111110110111101111011101001001110010010
11010111101011001110000011100110100000010110011101010111001000111111000101101111111011001110111101110100100111001001
01101011110101100111000001110011010000001011001110101011100100011111100010110111111101110111011110111010010011100100
00110101111010110011100000111001101000000101100111010101111010001111110001011011111110101011101111011101001001110010
10011010111101011001110000011100110100000010110011101010111101000111111000101101111111000101110111101110100100111001
11001101011110101100111000001110011010000001011001110101010110100011111100010110111111110010111011110111010010011100
11100110101111010110011100000111001101000000101100111010101011010001111110001011011111101001011101111011101001001110
01110011010111101011001110000011100110100000010110011101011101101000111111000101101111100100101110111101110100100111
00111001101011110101100111000101110011010000001011001110101110110100011111100010110111110010010111011110111010010011
