0000000000000000000000000000000000000000000000000000000000000000000000000010000000000000000000000000000000000000000000000000000000000000000000000000
0000001010011011101001110001011110110000110111101000111001011101100101000001000010100110111010011100010111101100001101111010001110010111011001010000
0000000101001101110100111000101111011000011011110100011100101110110010100000100001010011011101001110001011110110000110111101000111001011101100101000
0000000010100110111010011100010111101100001101111010001110010111011001010000010000101001101110100111000101111011000011011110100011100101110110010100
0000000001010011011101001110001011110110000110111101000111001011101100101000001000010100110111010011100010111101100001101111010001110010111011001010
0000000000101001101110100111000101111011000011011110100011100101110110010100000100001010011011101001110001011110110000110111101000111001011101100101
0100000000010100110111010011100010111101100001101111010001110010111011001001000010000101001101110100111000101111011000011011110100011100101110110010
0010000000001010011011101001110001011110110000110111101000111001011101100100100001000010100110111010011100010111101100001101111010001110010111011001
0101000000000101001101110100111000101111011000011011110100011100101110110001010000100001010011011101001110001011110110000110111101000111001011101100
0010100000000010100110111010011100010111101100001101111010001110010111011000101000010000101001101110100111000101111011000011011110100011100101110110
0001010000000001010011011101001110001011110110000110111101000111001011101100010100001000010100110111010011100010111101100001101111010001110010111011
0100101000000000101001101110100111000101111011000011011110100011100101110101001010000100001010011011101001110001011110110000110111101000111001011101
0110010100000000010100110111010011100010111101100001101111010001110010111001100101000010000101001101110100111000101111011000011011110100011100101110
0011001010000000001010011011101001110001011110110000110111101000111001011100110010100001000010100110111010011100010111101100001101111010001110010111
0101100101000000000101001101110100111000101111011000011011110100011100101101011001010000100001010011011101001110001011110110000110111101000111001011
0110110010100000000010100110111010011100010111101100001101111010001110010101101100101000010000101001101110100111000101111011000011011110100011100101
0111011001010000000001010011011101001110001011110110000110111101000111001001110110010100001000010100110111010011100010111101100001101111010001110010
0011101100101000000000101001101110100111000101111011000011011110100011100100111011001010000100001010011011101001110001011110110000110111101000111001
0101110110010100000000010100110111010011100010111101100001101111010001110001011101100101000010000101001101110100111000101111011000011011110100011100
0010111011001010000000001010011011101001110001011110110000110111101000111000101110110010100001000010100110111010011100010111101100001101111010001110
0001011101100101000000000101001101110100111000101111011000011011110100011100010111011001010000100001010011011101001110001011110110000110111101000111
0100101110110010100000000010100110111010011100010111101100001101111010001101001011101100101000010000101001101110100111000101111011000011011110100011
0110010111011001010000000001010011011101001110001011110110000110111101000101100101110110010100001000010100110111010011100010111101100001101111010001
0111001011101100101000000000101001101110100111000101111011000011011110100001110010111011001010000100001010011011101001110001011110110000110111101000
0011100101110110010100000000010100110111010011100010111101100001101111010000111001011101100101000010000101001101110100111000101111011000011011110100
0001110010111011001010000000001010011011101001110001011110110000110111101000011100101110110010100001000010100110111010011100010111101100001101111010
0000111001011101100101000000000101001101110100111000101111011000011011110100001110010111011001010000100001010011011101001110001011110110000110111101
0100011100101110110010100000000010100110111010011100010111101100001101111001000111001011101100101000010000101001101110100111000101111011000011011110
0010001110010111011001010000000001010011011101001110001011110110000110111100100011100101110110010100001000010100110111010011100010111101100001101111
0101000111001011101100101000000000101001101110100111000101111011000011011101010001110010111011001010000100001010011011101001110001011110110000110111
0110100011100101110110010100000000010100110111010011100010111101100001101101101000111001011101100101000010000101001101110100111000101111011000011011
0111010001110010111011001010000000001010011011101001110001011110110000110101110100011100101110110010100001000010100110111010011100010111101100001101
0111101000111001011101100101000000000101001101110100111000101111011000011001111010001110010111011001010000100001010011011101001110001011110110000110
0011110100011100101110110010100000000010100110111010011100010111101100001100111101000111001011101100101000010000101001101110100111000101111011000011
0101111010001110010111011001010000000001010011011101001110001011110110000101011110100011100101110110010100001000010100110111010011100010111101100001
0110111101000111001011101100101000000000101001101110100111000101111011000001101111010001110010111011001010000100001010011011101001110001011110110000
0011011110100011100101110110010100000000010100110111010011100010111101100000110111101000111001011101100101000010000101001101110100111000101111011000
0001101111010001110010111011001010000000001010011011101001110001011110110000011011110100011100101110110010100001000010100110111010011100010111101100
0000110111101000111001011101100101000000000101001101110100111000101111011000001101111010001110010111011001010000100001010011011101001110001011110110
0000011011110100011100101110110010100000000010100110111010011100010111101100000110111101000111001011101100101000010000101001101110100111000101111011
0100001101111010001110010111011001010000000001010011011101001110001011110101000011011110100011100101110110010100001000010100110111010011100010111101
0110000110111101000111001011101100101000000000101001101110100111000101111001100001101111010001110010111011001010000100001010011011101001110001011110
0011000011011110100011100101110110010100000000010100110111010011100010111100110000110111101000111001011101100101000010000101001101110100111000101111
0101100001101111010001110010111011001010000000001010011011101001110001011101011000011011110100011100101110110010100001000010100110111010011100010111
0110110000110111101000111001011101100101000000000101001101110100111000101101101100001101111010001110010111011001010000100001010011011101001110001011
0111011000011011110100011100101110110010100000000010100110111010011100010101110110000110111101000111001011101100101000010000101001101110100111000101
0111101100001101111010001110010111011001010000000001010011011101001110001001111011000011011110100011100101110110010100001000010100110111010011100010
0011110110000110111101000111001011101100101000000000101001101110100111000100111101100001101111010001110010111011001010000100001010011011101001110001
0101111011000011011110100011100101110110010100000000010100110111010011100001011110110000110111101000111001011101100101000010000101001101110100111000
0010111101100001101111010001110010111011001010000000001010011011101001110000101111011000011011110100011100101110110010100001000010100110111010011100
0001011110110000110111101000111001011101100101000000000101001101110100111000010111101100001101111010001110010111011001010000100001010011011101001110
0000101111011000011011110100011100101110110010100000000010100110111010011100001011110110000110111101000111001011101100101000010000101001101110100111
0100010111101100001101111010001110010111011001010000000001010011011101001101000101111011000011011110100011100101110110010100001000010100110111010011
0110001011110110000110111101000111001011101100101000000000101001101110100101100010111101100001101111010001110010111011001010000100001010011011101001
0111000101111011000011011110100011100101110110010100000000010100110111010001110001011110110000110111101000111001011101100101000010000101001101110100
0011100010111101100001101111010001110010111011001010000000001010011011101000111000101111011000011011110100011100101110110010100001000010100110111010
0001110001011110110000110111101000111001011101100101000000000101001101110100011100010111101100001101111010001110010111011001010000100001010011011101
0100111000101111011000011011110100011100101110110010100000000010100110111001001110001011110110000110111101000111001011101100101000010000101001101110
0010011100010111101100001101111010001110010111011001010000000001010011011100100111000101111011000011011110100011100101110110010100001000010100110111
0101001110001011110110000110111101000111001011101100101000000000101001101101010011100010111101100001101111010001110010111011001010000100001010011011
0110100111000101111011000011011110100011100101110110010100000000010100110101101001110001011110110000110111101000111001011101100101000010000101001101
0111010011100010111101100001101111010001110010111011001010000000001010011001110100111000101111011000011011110100011100101110110010100001000010100110
0011101001110001011110110000110111101000111001011101100101000000000101001100111010011100010111101100001101111010001110010111011001010000100001010011
0101110100111000101111011000011011110100011100101110110010100000000010100101011101001110001011110110000110111101000111001011101100101000010000101001
0110111010011100010111101100001101111010001110010111011001010000000001010001101110100111000101111011000011011110100011100101110110010100001000010100
0011011101001110001011110110000110111101000111001011101100101000000000101000110111010011100010111101100001101111010001110010111011001010000100001010
0001101110100111000101111011000011011110100011100101110110010100000000010100011011101001110001011110110000110111101000111001011101100101000010000101
0100110111010011100010111101100001101111010001110010111011001010000000001001001101110100111000101111011000011011110100011100101110110010100001000010
0010011011101001110001011110110000110111101000111001011101100101000000000100100110111010011100010111101100001101111010001110010111011001010000100001
0101001101110100111000101111011000011011110100011100101110110010100000000001010011011101001110001011110110000110111101000111001011101100101000010000
0010100110111010011100010111101100001101111010001110010111011001010000000000101001101110100111000101111011000011011110100011100101110110010100001000
0001010011011101001110001011110110000110111101000111001011101100101000000000010100110111010011100010111101100001101111010001110010111011001010000100
0000101001101110100111000101111011000011011110100011100101110110010100000000001010011011101001110001011110110000110111101000111001011101100101000010
0000010100110111010011100010111101100001101111010001110010111011001010000000000101001101110100111000101111011000011011110100011100101110110010100001
1000000000000000000000000000000000000000000000000000000000000000000000000011111111111111111111111111111111111111111111111111111111111111111111111111
0100001010011011101001110001011110110000110111101000111001011101100101000011111101011001000101100011101000010011110010000101110001101000100110101111
0010000101001101110100111000101111011000011011110100011100101110110010100011111110101100100010110001110100001001111001000010111000110100010011010111
0001000010100110111010011100010111101100001101111010001110010111011001010011111111010110010001011000111010000100111100100001011100011010001001101011
0000100001010011011101001110001011110110000110111101000111001011101100101011111111101011001000101100011101000010011110010000101110001101000100110101
0000010000101001101110100111000101111011000011011110100011100101110110010111111111110101100100010110001110100001001111001000010111000110100010011010
0100001000010100110111010011100010111101100001101111010001110010111011001010111111111010110010001011000111010000100111100100001011100011010001001101
0010000100001010011011101001110001011110110000110111101000111001011101100111011111111101011001000101100011101000010011110010000101110001101000100110
0101000010000101001101110100111000101111011000011011110100011100101110110010101111111110101100100010110001110100001001111001000010111000110100010011
0010100001000010100110111010011100010111101100001101111010001110010111011011010111111111010110010001011000111010000100111100100001011100011010001001
0001010000100001010011011101001110001011110110000110111101000111001011101111101011111111101011001000101100011101000010011110010000101110001101000100
0100101000010000101001101110100111000101111011000011011110100011100101110110110101111111110101100100010110001110100001001111001000010111000110100010
0110010100001000010100110111010011100010111101100001101111010001110010111010011010111111111010110010001011000111010000100111100100001011100011010001
0011001010000100001010011011101001110001011110110000110111101000111001011111001101011111111101011001000101100011101000010011110010000101110001101000
0101100101000010000101001101110100111000101111011000011011110100011100101110100110101111111110101100100010110001110100001001111001000010111000110100
0110110010100001000010100110111010011100010111101100001101111010001110010110010011010111111111010110010001011000111010000100111100100001011100011010
0111011001010000100001010011011101001110001011110110000110111101000111001010001001101011111111101011001000101100011101000010011110010000101110001101
0011101100101000010000101001101110100111000101111011000011011110100011100111000100110101111111110101100100010110001110100001001111001000010111000110
0101110110010100001000010100110111010011100010111101100001101111010001110010100010011010111111111010110010001011000111010000100111100100001011100011
0010111011001010000100001010011011101001110001011110110000110111101000111011010001001101011111111101011001000101100011101000010011110010000101110001
0001011101100101000010000101001101110100111000101111011000011011110100011111101000100110101111111110101100100010110001110100001001111001000010111000
0100101110110010100001000010100110111010011100010111101100001101111010001110110100010011010111111111010110010001011000111010000100111100100001011100
0110010111011001010000100001010011011101001110001011110110000110111101000110011010001001101011111111101011001000101100011101000010011110010000101110
0111001011101100101000010000101001101110100111000101111011000011011110100010001101000100110101111111110101100100010110001110100001001111001000010111
0011100101110110010100001000010100110111010011100010111101100001101111010011000110100010011010111111111010110010001011000111010000100111100100001011
0001110010111011001010000100001010011011101001110001011110110000110111101011100011010001001101011111111101011001000101100011101000010011110010000101
0000111001011101100101000010000101001101110100111000101111011000011011110111110001101000100110101111111110101100100010110001110100001001111001000010
0100011100101110110010100001000010100110111010011100010111101100001101111010111000110100010011010111111111010110010001011000111010000100111100100001
0010001110010111011001010000100001010011011101001110001011110110000110111111011100011010001001101011111111101011001000101100011101000010011110010000
0101000111001011101100101000010000101001101110100111000101111011000011011110101110001101000100110101111111110101100100010110001110100001001111001000
0110100011100101110110010100001000010100110111010011100010111101100001101110010111000110100010011010111111111010110010001011000111010000100111100100
0111010001110010111011001010000100001010011011101001110001011110110000110110001011100011010001001101011111111101011001000101100011101000010011110010
0111101000111001011101100101000010000101001101110100111000101111011000011010000101110001101000100110101111111110101100100010110001110100001001111001
0011110100011100101110110010100001000010100110111010011100010111101100001111000010111000110100010011010111111111010110010001011000111010000100111100
0101111010001110010111011001010000100001010011011101001110001011110110000110100001011100011010001001101011111111101011001000101100011101000010011110
0110111101000111001011101100101000010000101001101110100111000101111011000010010000101110001101000100110101111111110101100100010110001110100001001111
0011011110100011100101110110010100001000010100110111010011100010111101100011001000010111000110100010011010111111111010110010001011000111010000100111
0001101111010001110010111011001010000100001010011011101001110001011110110011100100001011100011010001001101011111111101011001000101100011101000010011
0000110111101000111001011101100101000010000101001101110100111000101111011011110010000101110001101000100110101111111110101100100010110001110100001001
0000011011110100011100101110110010100001000010100110111010011100010111101111111001000010111000110100010011010111111111010110010001011000111010000100
0100001101111010001110010111011001010000100001010011011101001110001011110110111100100001011100011010001001101011111111101011001000101100011101000010
0110000110111101000111001011101100101000010000101001101110100111000101111010011110010000101110001101000100110101111111110101100100010110001110100001
0011000011011110100011100101110110010100001000010100110111010011100010111111001111001000010111000110100010011010111111111010110010001011000111010000
0101100001101111010001110010111011001010000100001010011011101001110001011110100111100100001011100011010001001101011111111101011001000101100011101000
0110110000110111101000111001011101100101000010000101001101110100111000101110010011110010000101110001101000100110101111111110101100100010110001110100
0111011000011011110100011100101110110010100001000010100110111010011100010110001001111001000010111000110100010011010111111111010110010001011000111010
0111101100001101111010001110010111011001010000100001010011011101001110001010000100111100100001011100011010001001101011111111101011001000101100011101
0011110110000110111101000111001011101100101000010000101001101110100111000111000010011110010000101110001101000100110101111111110101100100010110001110
0101111011000011011110100011100101110110010100001000010100110111010011100010100001001111001000010111000110100010011010111111111010110010001011000111
0010111101100001101111010001110010111011001010000100001010011011101001110011010000100111100100001011100011010001001101011111111101011001000101100011
0001011110110000110111101000111001011101100101000010000101001101110100111011101000010011110010000101110001101000100110101111111110101100100010110001
0000101111011000011011110100011100101110110010100001000010100110111010011111110100001001111001000010111000110100010011010111111111010110010001011000
0100010111101100001101111010001110010111011001010000100001010011011101001110111010000100111100100001011100011010001001101011111111101011001000101100
0110001011110110000110111101000111001011101100101000010000101001101110100110011101000010011110010000101110001101000100110101111111110101100100010110
0111000101111011000011011110100011100101110110010100001000010100110111010010001110100001001111001000010111000110100010011010111111111010110010001011
0011100010111101100001101111010001110010111011001010000100001010011011101011000111010000100111100100001011100011010001001101011111111101011001000101
0001110001011110110000110111101000111001011101100101000010000101001101110111100011101000010011110010000101110001101000100110101111111110101100100010
0100111000101111011000011011110100011100101110110010100001000010100110111010110001110100001001111001000010111000110100010011010111111111010110010001
0010011100010111101100001101111010001110010111011001010000100001010011011111011000111010000100111100100001011100011010001001101011111111101011001000
0101001110001011110110000110111101000111001011101100101000010000101001101110101100011101000010011110010000101110001101000100110101111111110101100100
0110100111000101111011000011011110100011100101110110010100001000010100110110010110001110100001001111001000010111000110100010011010111111111010110010
0111010011100010111101100001101111010001110010111011001010000100001010011010001011000111010000100111100100001011100011010001001101011111111101011001
0011101001110001011110110000110111101000111001011101100101000010000101001111000101100011101000010011110010000101110001101000100110101111111110101100
0101110100111000101111011000011011110100011100101110110010100001000010100110100010110001110100001001111001000010111000110100010011010111111111010110
0110111010011100010111101100001101111010001110010111011001010000100001010010010001011000111010000100111100100001011100011010001001101011111111101011
0011011101001110001011110110000110111101000111001011101100101000010000101011001000101100011101000010011110010000101110001101000100110101111111110101
0001101110100111000101111011000011011110100011100101110110010100001000010111100100010110001110100001001111001000010111000110100010011010111111111010
0100110111010011100010111101100001101111010001110010111011001010000100001010110010001011000111010000100111100100001011100011010001001101011111111101
0010011011101001110001011110110000110111101000111001011101100101000010000111011001000101100011101000010011110010000101110001101000100110101111111110
0101001101110100111000101111011000011011110100011100101110110010100001000010101100100010110001110100001001111001000010111000110100010011010111111111
0010100110111010011100010111101100001101111010001110010111011001010000100011010110010001011000111010000100111100100001011100011010001001101011111111
0001010011011101001110001011110110000110111101000111001011101100101000010011101011001000101100011101000010011110010000101110001101000100110101111111
0000101001101110100111000101111011000011011110100011100101110110010100001011110101100100010110001110100001001111001000010111000110100010011010111111
0000010100110111010011100010111101100001101111010001110010111011001010000111111010110010001011000111010000100111100100001011100011010001001101011111
1111111111111111111111111111111111111111111111111111111111111111111111111101111111111111111111111111111111111111111111111111111111111111111111111111
1111110101100100010110001110100001001111001000010111000110100010011010111110111101011001000101100011101000010011110010000101110001101000100110101111
1111111010110010001011000111010000100111100100001011100011010001001101011111011110101100100010110001110100001001111001000010111000110100010011010111
1111111101011001000101100011101000010011110010000101110001101000100110101111101111010110010001011000111010000100111100100001011100011010001001101011
1111111110101100100010110001110100001001111001000010111000110100010011010111110111101011001000101100011101000010011110010000101110001101000100110101
1111111111010110010001011000111010000100111100100001011100011010001001101011111011110101100100010110001110100001001111001000010111000110100010011010
1011111111101011001000101100011101000010011110010000101110001101000100110110111101111010110010001011000111010000100111100100001011100011010001001101
1101111111110101100100010110001110100001001111001000010111000110100010011011011110111101011001000101100011101000010011110010000101110001101000100110
1010111111111010110010001011000111010000100111100100001011100011010001001110101111011110101100100010110001110100001001111001000010111000110100010011
1101011111111101011001000101100011101000010011110010000101110001101000100111010111101111010110010001011000111010000100111100100001011100011010001001
1110101111111110101100100010110001110100001001111001000010111000110100010011101011110111101011001000101100011101000010011110010000101110001101000100
1011010111111111010110010001011000111010000100111100100001011100011010001010110101111011110101100100010110001110100001001111001000010111000110100010
1001101011111111101011001000101100011101000010011110010000101110001101000110011010111101111010110010001011000111010000100111100100001011100011010001
1100110101111111110101100100010110001110100001001111001000010111000110100011001101011110111101011001000101100011101000010011110010000101110001101000
1010011010111111111010110010001011000111010000100111100100001011100011010010100110101111011110101100100010110001110100001001111001000010111000110100
1001001101011111111101011001000101100011101000010011110010000101110001101010010011010111101111010110010001011000111010000100111100100001011100011010
1000100110101111111110101100100010110001110100001001111001000010111000110110001001101011110111101011001000101100011101000010011110010000101110001101
1100010011010111111111010110010001011000111010000100111100100001011100011011000100110101111011110101100100010110001110100001001111001000010111000110
1010001001101011111111101011001000101100011101000010011110010000101110001110100010011010111101111010110010001011000111010000100111100100001011100011
1101000100110101111111110101100100010110001110100001001111001000010111000111010001001101011110111101011001000101100011101000010011110010000101110001
1110100010011010111111111010110010001011000111010000100111100100001011100011101000100110101111011110101100100010110001110100001001111001000010111000
1011010001001101011111111101011001000101100011101000010011110010000101110010110100010011010111101111010110010001011000111010000100111100100001011100
1001101000100110101111111110101100100010110001110100001001111001000010111010011010001001101011110111101011001000101100011101000010011110010000101110
1000110100010011010111111111010110010001011000111010000100111100100001011110001101000100110101111011110101100100010110001110100001001111001000010111
1100011010001001101011111111101011001000101100011101000010011110010000101111000110100010011010111101111010110010001011000111010000100111100100001011
1110001101000100110101111111110101100100010110001110100001001111001000010111100011010001001101011110111101011001000101100011101000010011110010000101
1111000110100010011010111111111010110010001011000111010000100111100100001011110001101000100110101111011110101100100010110001110100001001111001000010
1011100011010001001101011111111101011001000101100011101000010011110010000110111000110100010011010111101111010110010001011000111010000100111100100001
1101110001101000100110101111111110101100100010110001110100001001111001000011011100011010001001101011110111101011001000101100011101000010011110010000
1010111000110100010011010111111111010110010001011000111010000100111100100010101110001101000100110101111011110101100100010110001110100001001111001000
1001011100011010001001101011111111101011001000101100011101000010011110010010010111000110100010011010111101111010110010001011000111010000100111100100
1000101110001101000100110101111111110101100100010110001110100001001111001010001011100011010001001101011110111101011001000101100011101000010011110010
1000010111000110100010011010111111111010110010001011000111010000100111100110000101110001101000100110101111011110101100100010110001110100001001111001
1100001011100011010001001101011111111101011001000101100011101000010011110011000010111000110100010011010111101111010110010001011000111010000100111100
1010000101110001101000100110101111111110101100100010110001110100001001111010100001011100011010001001101011110111101011001000101100011101000010011110
1001000010111000110100010011010111111111010110010001011000111010000100111110010000101110001101000100110101111011110101100100010110001110100001001111
1100100001011100011010001001101011111111101011001000101100011101000010011111001000010111000110100010011010111101111010110010001011000111010000100111
1110010000101110001101000100110101111111110101100100010110001110100001001111100100001011100011010001001101011110111101011001000101100011101000010011
1111001000010111000110100010011010111111111010110010001011000111010000100111110010000101110001101000100110101111011110101100100010110001110100001001
1111100100001011100011010001001101011111111101011001000101100011101000010011111001000010111000110100010011010111101111010110010001011000111010000100
1011110010000101110001101000100110101111111110101100100010110001110100001010111100100001011100011010001001101011110111101011001000101100011101000010
1001111001000010111000110100010011010111111111010110010001011000111010000110011110010000101110001101000100110101111011110101100100010110001110100001
1100111100100001011100011010001001101011111111101011001000101100011101000011001111001000010111000110100010011010111101111010110010001011000111010000
1010011110010000101110001101000100110101111111110101100100010110001110100010100111100100001011100011010001001101011110111101011001000101100011101000
1001001111001000010111000110100010011010111111111010110010001011000111010010010011110010000101110001101000100110101111011110101100100010110001110100
1000100111100100001011100011010001001101011111111101011001000101100011101010001001111001000010111000110100010011010111101111010110010001011000111010
1000010011110010000101110001101000100110101111111110101100100010110001110110000100111100100001011100011010001001101011110111101011001000101100011101
1100001001111001000010111000110100010011010111111111010110010001011000111011000010011110010000101110001101000100110101111011110101100100010110001110
1010000100111100100001011100011010001001101011111111101011001000101100011110100001001111001000010111000110100010011010111101111010110010001011000111
1101000010011110010000101110001101000100110101111111110101100100010110001111010000100111100100001011100011010001001101011110111101011001000101100011
1110100001001111001000010111000110100010011010111111111010110010001011000111101000010011110010000101110001101000100110101111011110101100100010110001
1111010000100111100100001011100011010001001101011111111101011001000101100011110100001001111001000010111000110100010011010111101111010110010001011000
1011101000010011110010000101110001101000100110101111111110101100100010110010111010000100111100100001011100011010001001101011110111101011001000101100
1001110100001001111001000010111000110100010011010111111111010110010001011010011101000010011110010000101110001101000100110101111011110101100100010110
1000111010000100111100100001011100011010001001101011111111101011001000101110001110100001001111001000010111000110100010011010111101111010110010001011
1100011101000010011110010000101110001101000100110101111111110101100100010111000111010000100111100100001011100011010001001101011110111101011001000101
1110001110100001001111001000010111000110100010011010111111111010110010001011100011101000010011110010000101110001101000100110101111011110101100100010
1011000111010000100111100100001011100011010001001101011111111101011001000110110001110100001001111001000010111000110100010011010111101111010110010001
1101100011101000010011110010000101110001101000100110101111111110101100100011011000111010000100111100100001011100011010001001101011110111101011001000
1010110001110100001001111001000010111000110100010011010111111111010110010010101100011101000010011110010000101110001101000100110101111011110101100100
1001011000111010000100111100100001011100011010001001101011111111101011001010010110001110100001001111001000010111000110100010011010111101111010110010
1000101100011101000010011110010000101110001101000100110101111111110101100110001011000111010000100111100100001011100011010001001101011110111101011001
1100010110001110100001001111001000010111000110100010011010111111111010110011000101100011101000010011110010000101110001101000100110101111011110101100
1010001011000111010000100111100100001011100011010001001101011111111101011010100010110001110100001001111001000010111000110100010011010111101111010110
1001000101100011101000010011110010000101110001101000100110101111111110101110010001011000111010000100111100100001011100011010001001101011110111101011
1100100010110001110100001001111001000010111000110100010011010111111111010111001000101100011101000010011110010000101110001101000100110101111011110101
1110010001011000111010000100111100100001011100011010001001101011111111101011100100010110001110100001001111001000010111000110100010011010111101111010
1011001000101100011101000010011110010000101110001101000100110101111111110110110010001011000111010000100111100100001011100011010001001101011110111101
1101100100010110001110100001001111001000010111000110100010011010111111111011011001000101100011101000010011110010000101110001101000100110101111011110
1010110010001011000111010000100111100100001011100011010001001101011111111110101100100010110001110100001001111001000010111000110100010011010111101111
1101011001000101100011101000010011110010000101110001101000100110101111111111010110010001011000111010000100111100100001011100011010001001101011110111
1110101100100010110001110100001001111001000010111000110100010011010111111111101011001000101100011101000010011110010000101110001101000100110101111011
1111010110010001011000111010000100111100100001011100011010001001101011111111110101100100010110001110100001001111001000010111000110100010011010111101
1111101011001000101100011101000010011110010000101110001101000100110101111111111010110010001011000111010000100111100100001011100011010001001101011110
0111111111111111111111111111111111111111111111111111111111111111111111111100000000000000000000000000000000000000000000000000000000000000000000000000
1011110101100100010110001110100001001111001000010111000110100010011010111100000010100110111010011100010111101100001101111010001110010111011001010000
1101111010110010001011000111010000100111100100001011100011010001001101011100000001010011011101001110001011110110000110111101000111001011101100101000
1110111101011001000101100011101000010011110010000101110001101000100110101100000000101001101110100111000101111011000011011110100011100101110110010100
1111011110101100100010110001110100001001111001000010111000110100010011010100000000010100110111010011100010111101100001101111010001110010111011001010
1111101111010110010001011000111010000100111100100001011100011010001001101000000000001010011011101001110001011110110000110111101000111001011101100101
1011110111101011001000101100011101000010011110010000101110001101000100110101000000000101001101110100111000101111011000011011110100011100101110110010
1101111011110101100100010110001110100001001111001000010111000110100010011000100000000010100110111010011100010111101100001101111010001110010111011001
1010111101111010110010001011000111010000100111100100001011100011010001001101010000000001010011011101001110001011110110000110111101000111001011101100
1101011110111101011001000101100011101000010011110010000101110001101000100100101000000000101001101110100111000101111011000011011110100011100101110110
1110101111011110101100100010110001110100001001111001000010111000110100010000010100000000010100110111010011100010111101100001101111010001110010111011
1011010111101111010110010001011000111010000100111100100001011100011010001001001010000000001010011011101001110001011110110000110111101000111001011101
1001101011110111101011001000101100011101000010011110010000101110001101000101100101000000000101001101110100111000101111011000011011110100011100101110
1100110101111011110101100100010110001110100001001111001000010111000110100000110010100000000010100110111010011100010111101100001101111010001110010111
1010011010111101111010110010001011000111010000100111100100001011100011010001011001010000000001010011011101001110001011110110000110111101000111001011
1001001101011110111101011001000101100011101000010011110010000101110001101001101100101000000000101001101110100111000101111011000011011110100011100101
1000100110101111011110101100100010110001110100001001111001000010111000110101110110010100000000010100110111010011100010111101100001101111010001110010
1100010011010111101111010110010001011000111010000100111100100001011100011000111011001010000000001010011011101001110001011110110000110111101000111001
1010001001101011110111101011001000101100011101000010011110010000101110001101011101100101000000000101001101110100111000101111011000011011110100011100
1101000100110101111011110101100100010110001110100001001111001000010111000100101110110010100000000010100110111010011100010111101100001101111010001110
1110100010011010111101111010110010001011000111010000100111100100001011100000010111011001010000000001010011011101001110001011110110000110111101000111
1011010001001101011110111101011001000101100011101000010011110010000101110001001011101100101000000000101001101110100111000101111011000011011110100011
1001101000100110101111011110101100100010110001110100001001111001000010111001100101110110010100000000010100110111010011100010111101100001101111010001
1000110100010011010111101111010110010001011000111010000100111100100001011101110010111011001010000000001010011011101001110001011110110000110111101000
1100011010001001101011110111101011001000101100011101000010011110010000101100111001011101100101000000000101001101110100111000101111011000011011110100
1110001101000100110101111011110101100100010110001110100001001111001000010100011100101110110010100000000010100110111010011100010111101100001101111010
1111000110100010011010111101111010110010001011000111010000100111100100001000001110010111011001010000000001010011011101001110001011110110000110111101
1011100011010001001101011110111101011001000101100011101000010011110010000101000111001011101100101000000000101001101110100111000101111011000011011110
1101110001101000100110101111011110101100100010110001110100001001111001000000100011100101110110010100000000010100110111010011100010111101100001101111
1010111000110100010011010111101111010110010001011000111010000100111100100001010001110010111011001010000000001010011011101001110001011110110000110111
1001011100011010001001101011110111101011001000101100011101000010011110010001101000111001011101100101000000000101001101110100111000101111011000011011
1000101110001101000100110101111011110101100100010110001110100001001111001001110100011100101110110010100000000010100110111010011100010111101100001101
1000010111000110100010011010111101111010110010001011000111010000100111100101111010001110010111011001010000000001010011011101001110001011110110000110
1100001011100011010001001101011110111101011001000101100011101000010011110000111101000111001011101100101000000000101001101110100111000101111011000011
1010000101110001101000100110101111011110101100100010110001110100001001111001011110100011100101110110010100000000010100110111010011100010111101100001
1001000010111000110100010011010111101111010110010001011000111010000100111101101111010001110010111011001010000000001010011011101001110001011110110000
1100100001011100011010001001101011110111101011001000101100011101000010011100110111101000111001011101100101000000000101001101110100111000101111011000
1110010000101110001101000100110101111011110101100100010110001110100001001100011011110100011100101110110010100000000010100110111010011100010111101100
1111001000010111000110100010011010111101111010110010001011000111010000100100001101111010001110010111011001010000000001010011011101001110001011110110
1111100100001011100011010001001101011110111101011001000101100011101000010000000110111101000111001011101100101000000000101001101110100111000101111011
1011110010000101110001101000100110101111011110101100100010110001110100001001000011011110100011100101110110010100000000010100110111010011100010111101
1001111001000010111000110100010011010111101111010110010001011000111010000101100001101111010001110010111011001010000000001010011011101001110001011110
1100111100100001011100011010001001101011110111101011001000101100011101000000110000110111101000111001011101100101000000000101001101110100111000101111
1010011110010000101110001101000100110101111011110101100100010110001110100001011000011011110100011100101110110010100000000010100110111010011100010111
1001001111001000010111000110100010011010111101111010110010001011000111010001101100001101111010001110010111011001010000000001010011011101001110001011
1000100111100100001011100011010001001101011110111101011001000101100011101001110110000110111101000111001011101100101000000000101001101110100111000101
1000010011110010000101110001101000100110101111011110101100100010110001110101111011000011011110100011100101110110010100000000010100110111010011100010
1100001001111001000010111000110100010011010111101111010110010001011000111000111101100001101111010001110010111011001010000000001010011011101001110001
1010000100111100100001011100011010001001101011110111101011001000101100011101011110110000110111101000111001011101100101000000000101001101110100111000
1101000010011110010000101110001101000100110101111011110101100100010110001100101111011000011011110100011100101110110010100000000010100110111010011100
1110100001001111001000010111000110100010011010111101111010110010001011000100010111101100001101111010001110010111011001010000000001010011011101001110
1111010000100111100100001011100011010001001101011110111101011001000101100000001011110110000110111101000111001011101100101000000000101001101110100111
1011101000010011110010000101110001101000100110101111011110101100100010110001000101111011000011011110100011100101110110010100000000010100110111010011
1001110100001001111001000010111000110100010011010111101111010110010001011001100010111101100001101111010001110010111011001010000000001010011011101001
1000111010000100111100100001011100011010001001101011110111101011001000101101110001011110110000110111101000111001011101100101000000000101001101110100
1100011101000010011110010000101110001101000100110101111011110101100100010100111000101111011000011011110100011100101110110010100000000010100110111010
1110001110100001001111001000010111000110100010011010111101111010110010001000011100010111101100001101111010001110010111011001010000000001010011011101
1011000111010000100111100100001011100011010001001101011110111101011001000101001110001011110110000110111101000111001011101100101000000000101001101110
1101100011101000010011110010000101110001101000100110101111011110101100100000100111000101111011000011011110100011100101110110010100000000010100110111
1010110001110100001001111001000010111000110100010011010111101111010110010001010011100010111101100001101111010001110010111011001010000000001010011011
1001011000111010000100111100100001011100011010001001101011110111101011001001101001110001011110110000110111101000111001011101100101000000000101001101
1000101100011101000010011110010000101110001101000100110101111011110101100101110100111000101111011000011011110100011100101110110010100000000010100110
1100010110001110100001001111001000010111000110100010011010111101111010110000111010011100010111101100001101111010001110010111011001010000000001010011
1010001011000111010000100111100100001011100011010001001101011110111101011001011101001110001011110110000110111101000111001011101100101000000000101001
1001000101100011101000010011110010000101110001101000100110101111011110101101101110100111000101111011000011011110100011100101110110010100000000010100
1100100010110001110100001001111001000010111000110100010011010111101111010100110111010011100010111101100001101111010001110010111011001010000000001010
1110010001011000111010000100111100100001011100011010001001101011110111101000011011101001110001011110110000110111101000111001011101100101000000000101
1011001000101100011101000010011110010000101110001101000100110101111011110101001101110100111000101111011000011011110100011100101110110010100000000010
1101100100010110001110100001001111001000010111000110100010011010111101111000100110111010011100010111101100001101111010001110010111011001010000000001
1010110010001011000111010000100111100100001011100011010001001101011110111101010011011101001110001011110110000110111101000111001011101100101000000000
1101011001000101100011101000010011110010000101110001101000100110101111011100101001101110100111000101111011000011011110100011100101110110010100000000
1110101100100010110001110100001001111001000010111000110100010011010111101100010100110111010011100010111101100001101111010001110010111011001010000000
1111010110010001011000111010000100111100100001011100011010001001101011110100001010011011101001110001011110110000110111101000111001011101100101000000
1111101011001000101100011101000010011110010000101110001101000100110101111000000101001101110100111000101111011000011011110100011100101110110010100000
