0100001111001100111100001000100011101001011100010001001000100111100100010010110010101111111101010011
1010000111100110011110000000010001110100101110001010100100010011110010001001011001010111111110101001
0101000011110011001111000000001000111010010111000101010010001001111001000101101100101011111111010100
0010100001111001100111100100000100011101001011100000101001000100111100100010110110010101111111101010
0001010000111100110011110010000010001110100101110010010100100010011110010000011011001010111111110101
0000101000011110011001111001000001000111010010111001001010010001001111001001001101100101011111111010
1000010100001111001100111000100000100011101001011100100101001000100111100100100110110010101111111101
1100001010000111100110011100010000010001110100101100010010100100010011110011010011011001010111111110
1110000101000011110011001110001000001000111010010110001001010010001001111000101001101100101011111111
1111000010100001111001100111000100000100011101001001000100101001000100111101010100110110010101111111
0111100001010000111100110011100010000010001110100100100010010100100010011111101010011011001010111111
0011110000101000011110011101110001000001000111010010010001001010010001001111110101001101100101011111
1001111000010100001111001010111000100000100011101011001000100101001000100111111010100110110010101111
1100111100001010000111100001011100010000010001110111100100010010100100010011111101010011011001010111
0110011110000101000011110100101110001000001000111011110010001001010010001001111110101001101100101011
0011001111000010100001111010010111000100000100011101111001000100101001000101111111010100110110010101
1001100111100001010000111101001011100010000010001100111100100010010100100011111111101010011011001010
1100110011110000101000011110100101110001000001000110011110010001001010010000111111110101001101100101
1110011001111000010100001111010010111000100000100001001111001000100101001001011111111010100110110010
1111001100111100001010000011101001011100010000010000100111100100010010100100101111111101010011011001
0111100110011110000101000001110100101110001000001000010011110010001001010011010111111110101001101100
0011110011001111000010100000111010010111000100000110001001111001000100101000101011111111010100110110
0001111001100111100001010100011101001011100010000001000100111100100010010100010101111111101010011011
0000111100110011110000101010001110100101110001000000100010011110010001001011001010111111110101001101
1000011110011001111000010001000111010010111000100010010001001111001000100101100101011111111010100110
1110111000101101000111011010000111100110011110000110011010100000000101011000100100010011110010001001
1111011100010110100011101101000011110011001111000001001101010000000010101101010010001001111001000100
1111101110001011010001110010100001111001100111100000100110101000000001010110101001000100111100100010
0111110111000101101000111001010000111100110011110010010011010100000000101010010100100010011110010001
1011111011100010110100011000101000011110011001111011001001101010000000010101001010010001001111001000
1101111101110001011010001000010100001111001100111101100100110101000000001010100101001000100111100100
1110111110111000101101000100001010000111100110011110110010011010100000000100010010100100010011110010
0111011111011100010110100110000101000011110011001101011001001101010000000010001001010010001001111001
0011101111101110001011010111000010100001111001100110101100100110101000000001000100101001000100111100
0001110111110111000101101111100001010000111100110001010110010011010100000000100010010100100010011110
1000111011111011100010110011110000101000011110011000101011001001101010000000010001001010010001001111
0100011101111101110001011001111000010100001111001100010101100100110101000001001000100101001000100111
1010001110111110111000101100111100001010000111100100001010110010011010100001100100010010100100010011
1101000111011111011100010110011110000101000011110000000101011001001101010001110010001001010010001001
0110100011101111101110001011001111000010100001111000000010101100100110101001111001000100101001000100
1011010001110111110111000001100111100001010000111100000001010110010011010100111100100010010100100010
0101101000111011111011100100110011110000101000011100000000101011001001101010011110010001001010010001
0010110100011101111101110110011001111000010100001110000000010101100100110101001111001000100101001000
0001011010001110111110111111001100111100001010000101000000001010110010011010100111100100010010100100
1000101101000111011111011111100110011110000101000010100000000101011001001100010011110010001001010010
1100010110100011101111101011110011001111000010100001010000000010101100100110001001111001000100101001
1110001011010001110111110001111001100111100001010010101000000001010110010011000100111100100010010100
0111000101101000111011111000111100110011110000101011010100000000101011001000100010011110010001001010
1011100010110100011101111000011110011001111000010101101010000000010101100100010001001111001000100101
1101110001011010001110111100001111001100111100001000110101000000001010110011001000100111100100010010
1011011101100001101110110011001010111111110101001101000011110011001111000011110111000101101000111011
0101101110110000110111011101100101011111111010100110100001111001100111100001111011100010110100011101
1010110111011000011011101110110010101111111101010001010000111100110011110001111101110001011010001110
1101011011101100001101110011011001010111111110101000101000011110011001111000111110111000101101000111
0110101101110110000110111001101100101011111111010100010100001111001100111101011111011100010110100011
1011010110111011000011011100110110010101111111101000001010000111100110011111101111101110001011010001
1101101011011101100001101010011011001010111111110110000101000011110011001111110111110111000101101000
1110110101101110110000110101001101100101011111111011000010100001111001100110111011111011100010110100
0111011010110111011000011010100110110010101111111111100001010000111100110010011101111101110001011010
1011101101011011101100001101010011011001010111111111110000101000011110011000001110111110111000101101
1101110110101101110110000110101001101100101011111101111000010100001111001101000111011111011100010110
0110111011010110111011000111010100110110010101111100111100001010000111100110100011101111101110001011
0011011101101011011101100111101010011011001010111110011110000101000011110011010001110111110111000101
0001101110110101101110110111110101001101100101011111001111000010100001111001101000111011111011100010
0000110111011010110111011111111010100110110010101101100111100001010000111100110100011101111101110001
1000011011101101011011101111111101010011011001010100110011110000101000011111011010001110111110111000
1100001101110110101101110111111110101001101100101010011001111000010100001110101101000111011111011100
0110000110111011010110111011111111010100110110010111001100111100001010000110010110100011101111101110
1011000011011101101011011101111111101010011011001011100110011110000101000010001011010001110111110111
1101100001101110110101101010111111110101001101100111110011001111000010100001000101101000111011111011
1110110000110111011010110101011111111010100110110001111001100111100001010001100010110100011101111101
0111011000011011101101011010101111111101010011011000111100110011110000101001110001011010001110111110
1011101100001101110110101001010111111110101001101100011110011001111000010100111000101101000111011111
1101110110000110111011010100101011111111010100110100001111001100111100001011011100010110100011101111
0110111011000011011101101110010101111111101010011010000111100110011110000101101110001011010001110111
1001101010000000010101100101101110110000110111011000010001110100101110001000100001111001100111100001
0100110101000000001010110010110111011000011011101100001000111010010111000101010000111100110011110000
0010011010100000000101011101011011101100001101110100000100011101001011100010101000011110011001111000
1001001101010000000010101110101101110110000110111010000010001110100101110000010100001111001100111100
1100100110101000000001010011010110111011000011011101000001000111010010111000001010000111100110011110
0110010011010100000000101101101011011101100001101100100000100011101001011100000101000011110011001111
1011001001101010000000010110110101101110110000110100010000010001110100101111000010100001111001100111
0101100100110101000000001111011010110111011000011010001000001000111010010111100001010000111100110011
1010110010011010100000000011101101011011101100001111000100000100011101001011110000101000011110011001
0101011001001101010000000101110110101101110110000111100010000010001110100101111000010100001111001100
0010101100100110101000000110111011010110111011000001110001000001000111010010111100001010000111100110
0001010110010011010100000011011101101011011101100010111000100000100011101000011110000101000011110011
0000101011001001101010000001101110110101101110110001011100010000010001110101001111000010100001111001
0000010101100100110101000000110111011010110111011000101110001000001000111011100111100001010000111100
0000001010110010011010100000011011101101011011101110010111000100000100011100110011110000101000011110
0000000101011001001101010100001101110110101101110101001011100010000010001110011001111000010100001111
0000000010101100100110101110000110111011010110111010100101110001000001000111001100111100001010000111
1000000001010110010011010011000011011101101011011111010010111000100000100011100110011110000101000011
0100000000101011001001101101100001101110110101101111101001011100010000010001110011001111000010100001
1010000000010101100100110110110000110111011010110101110100101110001000001001111001100111100001010000
0101000000001010110010011111011000011011101101011000111010010111000100000100111100110011110000101000
1010100000000101011001001011101100001101110110101100011101001011100010000010011110011001111000010100
1101010000000010101100100101110110000110111011010110001110100101110001000000001111001100111100001010
0110101000000001010110010110111011000011011101101001000111010010111000100000000111100110011110000101
0011010100000000101011001011011101100001101110110100100011101001011100010001000011110011001111000010
1011110000110011000011110111011100010110100011101110110111011000011011101101001101010000000010101100
0101111000011001100001111111101110001011010001110101011011101100001101110110100110101000000001010110
1010111100001100110000111111110111000101101000111010101101110110000110111010010011010100000000101011
1101011110000110011000011011111011100010110100011111010110111011000011011101001001101010000000010101
1110101111000011001100001101111101110001011010001101101011011101100001101111100100110101000000001010
1111010111100001100110000110111110111000101101000110110101101110110000110110110010011010100000000101
0111101011110000110011000111011111011100010110100011011010110111011000011011011001001101010000000010
0011110101111000011001100011101111101110001011010011101101011011101100001100101100100110101000000001
0001111010111100001100110001110111110111000101101001110110101101110110000111010110010011010100000000
0000111101011110000110011000111011111011100010110110111011010110111011000010101011001001101010000000
1000011110101111000011001100011101111101110001011011011101101011011101100000010101100100110101000000
1100001111010111100001100010001110111110111000101101101110110101101110110000001010110010011010100000
0110000111101011110000110101000111011111011100010100110111011010110111011000000101011001001101010000
0011000011110101111000011110100011101111101110001000011011101101011011101100000010101100100110101000
1001100001111010111100001011010001110111110111000100001101110110101101110110000001010110010011010100
1100110000111101011110000101101000111011111011100010000110111011010110111010000000101011001001101010
0110011000011110101111000010110100011101111101110011000011011101101011011100000000010101100100110101
0011001100001111010111100001011010001110111110111001100001101110110101101111000000001010110010011010
0001100110000111101011110000101101000111011111011110110000110111011010110110100000000101011001001101
0000110011000011110101111100010110100011101111101111011000011011101101011011010000000010101100100110
1000011001100001111010111110001011010001110111110111101100001101110110101100101000000001010110010011
1100001100110000111101011111000101101000111011111001110110000110111011010111010100000000101011001001
1110000110011000011110101011100010110100011101111110111011000011011101101011101010000000010101100100
1111000011001100001111010101110001011010001110111111011101100001101110110100110101000000001010110010
0111100001100110000111101110111000101101000111011101101110110000110111011010011010100000000101011001
0001000111010010111000100101111000011001100001111001100101011111111010100111011011101100001101110110
0000100011101001011100010010111100001100110000111110110010101111111101010010101101110110000110111011
0000010001110100101110001101011110000110011000011111011001010111111110101001010110111011000011011101
1000001000111010010111000110101111000011001100001101101100101011111111010101101011011101100001101110
0100000100011101001011100111010111100001100110000100110110010101111111101010110101101110110000110111
0010000010001110100101110111101011110000110011000010011011001010111111110101011010110111011000011011
0001000001000111010010111011110101111000011001100001001101100101011111111011101101011011101100001101
1000100000100011101001011001111010111100001100110010100110110010101111111101110110101101110110000110
1100010000010001110100101000111101011110000110011001010011011001010111111110111011010110111011000011
1110001000001000111010010000011110101111000011001110101001101100101011111111011101101011011101100001
0111000100000100011101001100001111010111100001100111010100110110010101111111101110110101101110110000
1011100010000010001110100110000111101011110000110011101010011011001010111110110111011010110111011000
0101110001000001000111010011000011110101111000011011110101001101100101011110011011101101011011101100
0010111000100000100011101001100001111010111100001111111010100110110010101110001101110110101101110110
1001011100010000010001110100110000111101011110000111111101010011011001010110000110111011010110111011
0100101110001000001000111110011000011110101111000011111110101001101100101011000011011101101011011101
1010010111000100000100011011001100001111010111100011111111010100110110010101100001101110110101101110
1101001011100010000010001001100110000111101011110001111111101010011011001010110000110111011010110111
1110100101110001000001000000110011000011110101111010111111110101001101100101011000011011101101011011
0111010010111000100000100000011001100001111010111101011111111010100110110011101100001101110110101101
0011101001011100010000010100001100110000111101011110101111111101010011011001110110000110111011010110
0001110100101110001000001110000110011000011110101101010111111110101001101100111011000011011101101011
1000111010010111000100000111000011001100001111010100101011111111010100110111011101100001101110110101
0100011101001011100010000111100001100110000111101010010101111111101010011011101110110000110111011010
0010001110100101110001000011110000110011000011110111001010111111110101001100110111011000011011101101
0100100010011110010001001100110101000000001010110010111100001100110000111100001000111010010111000100
1010010001001111001000100010011010100000000101011001011110000110011000011110000100011101001011100010
0101001000100111100100010001001101010000000010101110101111000011001100001110000010001110100101110001
0010100100010011110010001100100110101000000001010111010111100001100110000111000001000111010010111000
1001010010001001111001000110010011010100000000101011101011110000110011000010100000100011101001011100
0100101001000100111100100011001001101010000000010111110101111000011001100000010000010001110100101110
0010010100100010011110010101100100110101000000001001111010111100001100110000001000001000111010010111
0001001010010001001111001010110010011010100000000100111101011110000110011001000100000100011101001011
1000100101001000100111100101011001001101010000000000011110101111000011001101100010000010001110100101
0100010010100100010011110010101100100110101000000000001111010111100001100111110001000001000111010010
0010001001010010001001111001010110010011010100000010000111101011110000110010111000100000100011101001
1001000100101001000100111000101011001001101010000011000011110101111000011001011100010000010001110100
1100100010010100100010011000010101100100110101000001100001111010111100001100101110001000001000111010
1110010001001010010001001000001010110010011010100000110000111101011110000110010111000100000100011101
1111001000100101001000100000000101011001001101010010011000011110101111000011001011100010000010001110
0111100100010010100100010000000010101100100110101011001100001111010111100000100101110001000001000111
0011110010001001010010001000000001010110010011010101100110000111101011110001010010111000100000100011
1001111001000100101001000100000000101011001001101000110011000011110101111001101001011100010000010001
0100111100100010010100100010000000010101100100110100011001100001111010111101110100101110001000001000
0010011110010001001010010101000000001010110010011000001100110000111101011110111010010111000100000100
0001001111001000100101001010100000000101011001001110000110011000011110101110011101001011100010000010
1000100111100100010010100101010000000010101100100111000011001100001111010110001110100101110001000001
0100010011110010001001010110101000000001010110010011100001100110000111101011000111010010111000100000
0010001001111001000100101011010100000000101011001011110000110011000011110100100011101001011100010000
1001000100111100100010010001101010000000010101100101111000011001100001111010010001110100101110001000
0110010101111111101010011010010001001111001000100111101110001011010001110111011110000110011000011110
1011001010111111110101001101001000100111100100010011110111000101101000111010101111000011001100001111
1101100101011111111010100010100100010011110010001011111011100010110100011101010111100001100110000111
0110110010101111111101010001010010001001111001000101111101110001011010001111101011110000110011000011
0011011001010111111110101100101001000100111100100010111110111000101101000111110101111000011001100001
1001101100101011111111010010010100100010011110010011011111011100010110100011111010111100001100110000
0100110110010101111111101001001010010001001111001011101111101110001011010000111101011110000110011000
1010011011001010111111110000100101001000100111100101110111110111000101101000011110101111000011001100
0101001101100101011111111100010010100100010011110000111011111011100010110100001111010111100001100110
1010100110110010101111111010001001010010001001111000011101111101110001011010000111101011110000110011
1101010011011001010111111001000100101001000100111110001110111110111000101101000011110101111000011001
1110101001101100101011111100100010010100100010011101000111011111011100010111100001111010111100001100
1111010100110110010101111110010001001010010001001110100011101111101110001010110000111101011110000110
1111101010011011001010111111001000100101001000100111010001110111110111000100011000011110101111000011
1111110101001101100101011111100100010010100100010001101000111011111011100011001100001111010111100001
1111111010100110110010101011110010001001010010001010110100011101111101110001100110000111101011110000
1111111101010011011001010001111001000100101001000101011010001110111110111000110011000011110101111000
0111111110101001101100101100111100100010010100100000101101000111011111011100011001100001111010111100
1011111111010100110110010010011110010001001010010000010110100011101111101110001100110000111101011110
0101111111101010011011001001001111001000100101001010001011010001110111110110000110011000011110101111
1010111111110101001101100000100111100100010010100111000101101000111011111011000011001100001111010111
0101011111111010100110110100010011110010001001010011100010110100011101111101100001100110000111101011
0010101111111101010011011010001001111001000100101001110001011010001110111111110000110011000011110101
1001010111111110101001101001000100111100100010010110111000101101000111011111111000011001100001111010
1100101011111111010100110100100010011110010001001011011100010110100011101110111100001100110000111101
