011111111111111111111111111111111111111111111111111111111111111111111111011111111111111111111111111111111111111111111111111111111111111111111111
001111110111010011011100011010110100011101001010011100010011010001000000001111110111010011011100011010110100011101001010011100010011010001000000
000111111011101001101110001101011010001110100101001110001001101000100000000111111011101001101110001101011010001110100101001110001001101000100000
000011111101110100110111000110101101000111010010100111000100110100010000000011111101110100110111000110101101000111010010100111000100110100010000
000001111110111010011011100011010110100011101001010011100010011010001000000001111110111010011011100011010110100011101001010011100010011010001000
000000111111011101001101110001101011010001110100101001110001001101000100000000111111011101001101110001101011010001110100101001110001001101000100
000000011111101110100110111000110101101000111010010100111000100110100010000000011111101110100110111000110101101000111010010100111000100110100010
000000001111110111010011011100011010110100011101001010011100010011010001000000001111110111010011011100011010110100011101001010011100010011010001
010000000111111011101001101110001101011010001110100101001110001001101000010000000111111011101001101110001101011010001110100101001110001001101000
001000000011111101110100110111000110101101000111010010100111000100110100001000000011111101110100110111000110101101000111010010100111000100110100
000100000001111110111010011011100011010110100011101001010011100010011010000100000001111110111010011011100011010110100011101001010011100010011010
000010000000111111011101001101110001101011010001110100101001110001001101000010000000111111011101001101110001101011010001110100101001110001001101
010001000000011111101110100110111000110101101000111010010100111000100110010001000000011111101110100110111000110101101000111010010100111000100110
001000100000001111110111010011011100011010110100011101001010011100010011001000100000001111110111010011011100011010110100011101001010011100010011
010100010000000111111011101001101110001101011010001110100101001110001001010100010000000111111011101001101110001101011010001110100101001110001001
011010001000000011111101110100110111000110101101000111010010100111000100011010001000000011111101110100110111000110101101000111010010100111000100
001101000100000001111110111010011011100011010110100011101001010011100010001101000100000001111110111010011011100011010110100011101001010011100010
000110100010000000111111011101001101110001101011010001110100101001110001000110100010000000111111011101001101110001101011010001110100101001110001
010011010001000000011111101110100110111000110101101000111010010100111000010011010001000000011111101110100110111000110101101000111010010100111000
001001101000100000001111110111010011011100011010110100011101001010011100001001101000100000001111110111010011011100011010110100011101001010011100
000100110100010000000111111011101001101110001101011010001110100101001110000100110100010000000111111011101001101110001101011010001110100101001110
000010011010001000000011111101110100110111000110101101000111010010100111000010011010001000000011111101110100110111000110101101000111010010100111
010001001101000100000001111110111010011011100011010110100011101001010011010001001101000100000001111110111010011011100011010110100011101001010011
011000100110100010000000111111011101001101110001101011010001110100101001011000100110100010000000111111011101001101110001101011010001110100101001
011100010011010001000000011111101110100110111000110101101000111010010100011100010011010001000000011111101110100110111000110101101000111010010100
001110001001101000100000001111110111010011011100011010110100011101001010001110001001101000100000001111110111010011011100011010110100011101001010
000111000100110100010000000111111011101001101110001101011010001110100101000111000100110100010000000111111011101001101110001101011010001110100101
010011100010011010001000000011111101110100110111000110101101000111010010010011100010011010001000000011111101110100110111000110101101000111010010
001001110001001101000100000001111110111010011011100011010110100011101001001001110001001101000100000001111110111010011011100011010110100011101001
010100111000100110100010000000111111011101001101110001101011010001110100010100111000100110100010000000111111011101001101110001101011010001110100
001010011100010011010001000000011111101110100110111000110101101000111010001010011100010011010001000000011111101110100110111000110101101000111010
000101001110001001101000100000001111110111010011011100011010110100011101000101001110001001101000100000001111110111010011011100011010110100011101
010010100111000100110100010000000111111011101001101110001101011010001110010010100111000100110100010000000111111011101001101110001101011010001110
001001010011100010011010001000000011111101110100110111000110101101000111001001010011100010011010001000000011111101110100110111000110101101000111
010100101001110001001101000100000001111110111010011011100011010110100011010100101001110001001101000100000001111110111010011011100011010110100011
011010010100111000100110100010000000111111011101001101110001101011010001011010010100111000100110100010000000111111011101001101110001101011010001
011101001010011100010011010001000000011111101110100110111000110101101000011101001010011100010011010001000000011111101110100110111000110101101000
001110100101001110001001101000100000001111110111010011011100011010110100001110100101001110001001101000100000001111110111010011011100011010110100
000111010010100111000100110100010000000111111011101001101110001101011010000111010010100111000100110100010000000111111011101001101110001101011010
000011101001010011100010011010001000000011111101110100110111000110101101000011101001010011100010011010001000000011111101110100110111000110101101
010001110100101001110001001101000100000001111110111010011011100011010110010001110100101001110001001101000100000001111110111010011011100011010110
001000111010010100111000100110100010000000111111011101001101110001101011001000111010010100111000100110100010000000111111011101001101110001101011
010100011101001010011100010011010001000000011111101110100110111000110101010100011101001010011100010011010001000000011111101110100110111000110101
011010001110100101001110001001101000100000001111110111010011011100011010011010001110100101001110001001101000100000001111110111010011011100011010
001101000111010010100111000100110100010000000111111011101001101110001101001101000111010010100111000100110100010000000111111011101001101110001101
010110100011101001010011100010011010001000000011111101110100110111000110010110100011101001010011100010011010001000000011111101110100110111000110
001011010001110100101001110001001101000100000001111110111010011011100011001011010001110100101001110001001101000100000001111110111010011011100011
010101101000111010010100111000100110100010000000111111011101001101110001010101101000111010010100111000100110100010000000111111011101001101110001
011010110100011101001010011100010011010001000000011111101110100110111000011010110100011101001010011100010011010001000000011111101110100110111000
001101011010001110100101001110001001101000100000001111110111010011011100001101011010001110100101001110001001101000100000001111110111010011011100
000110101101000111010010100111000100110100010000000111111011101001101110000110101101000111010010100111000100110100010000000111111011101001101110
000011010110100011101001010011100010011010001000000011111101110100110111000011010110100011101001010011100010011010001000000011111101110100110111
010001101011010001110100101001110001001101000100000001111110111010011011010001101011010001110100101001110001001101000100000001111110111010011011
011000110101101000111010010100111000100110100010000000111111011101001101011000110101101000111010010100111000100110100010000000111111011101001101
011100011010110100011101001010011100010011010001000000011111101110100110011100011010110100011101001010011100010011010001000000011111101110100110
001110001101011010001110100101001110001001101000100000001111110111010011001110001101011010001110100101001110001001101000100000001111110111010011
010111000110101101000111010010100111000100110100010000000111111011101001010111000110101101000111010010100111000100110100010000000111111011101001
011011100011010110100011101001010011100010011010001000000011111101110100011011100011010110100011101001010011100010011010001000000011111101110100
001101110001101011010001110100101001110001001101000100000001111110111010001101110001101011010001110100101001110001001101000100000001111110111010
000110111000110101101000111010010100111000100110100010000000111111011101000110111000110101101000111010010100111000100110100010000000111111011101
010011011100011010110100011101001010011100010011010001000000011111101110010011011100011010110100011101001010011100010011010001000000011111101110
001001101110001101011010001110100101001110001001101000100000001111110111001001101110001101011010001110100101001110001001101000100000001111110111
010100110111000110101101000111010010100111000100110100010000000111111011010100110111000110101101000111010010100111000100110100010000000111111011
011010011011100011010110100011101001010011100010011010001000000011111101011010011011100011010110100011101001010011100010011010001000000011111101
011101001101110001101011010001110100101001110001001101000100000001111110011101001101110001101011010001110100101001110001001101000100000001111110
001110100110111000110101101000111010010100111000100110100010000000111111001110100110111000110101101000111010010100111000100110100010000000111111
010111010011011100011010110100011101001010011100010011010001000000011111010111010011011100011010110100011101001010011100010011010001000000011111
011011101001101110001101011010001110100101001110001001101000100000001111011011101001101110001101011010001110100101001110001001101000100000001111
011101110100110111000110101101000111010010100111000100110100010000000111011101110100110111000110101101000111010010100111000100110100010000000111
011110111010011011100011010110100011101001010011100010011010001000000011011110111010011011100011010110100011101001010011100010011010001000000011
011111011101001101110001101011010001110100101001110001001101000100000001011111011101001101110001101011010001110100101001110001001101000100000001
011111101110100110111000110101101000111010010100111000100110100010000000011111101110100110111000110101101000111010010100111000100110100010000000
011111111111111111111111111111111111111111111111111111111111111111111111100000000000000000000000000000000000000000000000000000000000000000000000
001111110111010011011100011010110100011101001010011100010011010001000000110000001000101100100011100101001011100010110101100011101100101110111111
000111111011101001101110001101011010001110100101001110001001101000100000111000000100010110010001110010100101110001011010110001110110010111011111
000011111101110100110111000110101101000111010010100111000100110100010000111100000010001011001000111001010010111000101101011000111011001011101111
000001111110111010011011100011010110100011101001010011100010011010001000111110000001000101100100011100101001011100010110101100011101100101110111
000000111111011101001101110001101011010001110100101001110001001101000100111111000000100010110010001110010100101110001011010110001110110010111011
000000011111101110100110111000110101101000111010010100111000100110100010111111100000010001011001000111001010010111000101101011000111011001011101
000000001111110111010011011100011010110100011101001010011100010011010001111111110000001000101100100011100101001011100010110101100011101100101110
010000000111111011101001101110001101011010001110100101001110001001101000101111111000000100010110010001110010100101110001011010110001110110010111
001000000011111101110100110111000110101101000111010010100111000100110100110111111100000010001011001000111001010010111000101101011000111011001011
000100000001111110111010011011100011010110100011101001010011100010011010111011111110000001000101100100011100101001011100010110101100011101100101
000010000000111111011101001101110001101011010001110100101001110001001101111101111111000000100010110010001110010100101110001011010110001110110010
010001000000011111101110100110111000110101101000111010010100111000100110101110111111100000010001011001000111001010010111000101101011000111011001
001000100000001111110111010011011100011010110100011101001010011100010011110111011111110000001000101100100011100101001011100010110101100011101100
010100010000000111111011101001101110001101011010001110100101001110001001101011101111111000000100010110010001110010100101110001011010110001110110
011010001000000011111101110100110111000110101101000111010010100111000100100101110111111100000010001011001000111001010010111000101101011000111011
001101000100000001111110111010011011100011010110100011101001010011100010110010111011111110000001000101100100011100101001011100010110101100011101
000110100010000000111111011101001101110001101011010001110100101001110001111001011101111111000000100010110010001110010100101110001011010110001110
010011010001000000011111101110100110111000110101101000111010010100111000101100101110111111100000010001011001000111001010010111000101101011000111
001001101000100000001111110111010011011100011010110100011101001010011100110110010111011111110000001000101100100011100101001011100010110101100011
000100110100010000000111111011101001101110001101011010001110100101001110111011001011101111111000000100010110010001110010100101110001011010110001
000010011010001000000011111101110100110111000110101101000111010010100111111101100101110111111100000010001011001000111001010010111000101101011000
010001001101000100000001111110111010011011100011010110100011101001010011101110110010111011111110000001000101100100011100101001011100010110101100
011000100110100010000000111111011101001101110001101011010001110100101001100111011001011101111111000000100010110010001110010100101110001011010110
011100010011010001000000011111101110100110111000110101101000111010010100100011101100101110111111100000010001011001000111001010010111000101101011
001110001001101000100000001111110111010011011100011010110100011101001010110001110110010111011111110000001000101100100011100101001011100010110101
000111000100110100010000000111111011101001101110001101011010001110100101111000111011001011101111111000000100010110010001110010100101110001011010
010011100010011010001000000011111101110100110111000110101101000111010010101100011101100101110111111100000010001011001000111001010010111000101101
001001110001001101000100000001111110111010011011100011010110100011101001110110001110110010111011111110000001000101100100011100101001011100010110
010100111000100110100010000000111111011101001101110001101011010001110100101011000111011001011101111111000000100010110010001110010100101110001011
001010011100010011010001000000011111101110100110111000110101101000111010110101100011101100101110111111100000010001011001000111001010010111000101
000101001110001001101000100000001111110111010011011100011010110100011101111010110001110110010111011111110000001000101100100011100101001011100010
010010100111000100110100010000000111111011101001101110001101011010001110101101011000111011001011101111111000000100010110010001110010100101110001
001001010011100010011010001000000011111101110100110111000110101101000111110110101100011101100101110111111100000010001011001000111001010010111000
010100101001110001001101000100000001111110111010011011100011010110100011101011010110001110110010111011111110000001000101100100011100101001011100
011010010100111000100110100010000000111111011101001101110001101011010001100101101011000111011001011101111111000000100010110010001110010100101110
011101001010011100010011010001000000011111101110100110111000110101101000100010110101100011101100101110111111100000010001011001000111001010010111
001110100101001110001001101000100000001111110111010011011100011010110100110001011010110001110110010111011111110000001000101100100011100101001011
000111010010100111000100110100010000000111111011101001101110001101011010111000101101011000111011001011101111111000000100010110010001110010100101
000011101001010011100010011010001000000011111101110100110111000110101101111100010110101100011101100101110111111100000010001011001000111001010010
010001110100101001110001001101000100000001111110111010011011100011010110101110001011010110001110110010111011111110000001000101100100011100101001
001000111010010100111000100110100010000000111111011101001101110001101011110111000101101011000111011001011101111111000000100010110010001110010100
010100011101001010011100010011010001000000011111101110100110111000110101101011100010110101100011101100101110111111100000010001011001000111001010
011010001110100101001110001001101000100000001111110111010011011100011010100101110001011010110001110110010111011111110000001000101100100011100101
001101000111010010100111000100110100010000000111111011101001101110001101110010111000101101011000111011001011101111111000000100010110010001110010
010110100011101001010011100010011010001000000011111101110100110111000110101001011100010110101100011101100101110111111100000010001011001000111001
001011010001110100101001110001001101000100000001111110111010011011100011110100101110001011010110001110110010111011111110000001000101100100011100
010101101000111010010100111000100110100010000000111111011101001101110001101010010111000101101011000111011001011101111111000000100010110010001110
011010110100011101001010011100010011010001000000011111101110100110111000100101001011100010110101100011101100101110111111100000010001011001000111
001101011010001110100101001110001001101000100000001111110111010011011100110010100101110001011010110001110110010111011111110000001000101100100011
000110101101000111010010100111000100110100010000000111111011101001101110111001010010111000101101011000111011001011101111111000000100010110010001
000011010110100011101001010011100010011010001000000011111101110100110111111100101001011100010110101100011101100101110111111100000010001011001000
010001101011010001110100101001110001001101000100000001111110111010011011101110010100101110001011010110001110110010111011111110000001000101100100
011000110101101000111010010100111000100110100010000000111111011101001101100111001010010111000101101011000111011001011101111111000000100010110010
011100011010110100011101001010011100010011010001000000011111101110100110100011100101001011100010110101100011101100101110111111100000010001011001
001110001101011010001110100101001110001001101000100000001111110111010011110001110010100101110001011010110001110110010111011111110000001000101100
010111000110101101000111010010100111000100110100010000000111111011101001101000111001010010111000101101011000111011001011101111111000000100010110
011011100011010110100011101001010011100010011010001000000011111101110100100100011100101001011100010110101100011101100101110111111100000010001011
001101110001101011010001110100101001110001001101000100000001111110111010110010001110010100101110001011010110001110110010111011111110000001000101
000110111000110101101000111010010100111000100110100010000000111111011101111001000111001010010111000101101011000111011001011101111111000000100010
010011011100011010110100011101001010011100010011010001000000011111101110101100100011100101001011100010110101100011101100101110111111100000010001
001001101110001101011010001110100101001110001001101000100000001111110111110110010001110010100101110001011010110001110110010111011111110000001000
010100110111000110101101000111010010100111000100110100010000000111111011101011001000111001010010111000101101011000111011001011101111111000000100
011010011011100011010110100011101001010011100010011010001000000011111101100101100100011100101001011100010110101100011101100101110111111100000010
011101001101110001101011010001110100101001110001001101000100000001111110100010110010001110010100101110001011010110001110110010111011111110000001
001110100110111000110101101000111010010100111000100110100010000000111111110001011001000111001010010111000101101011000111011001011101111111000000
010111010011011100011010110100011101001010011100010011010001000000011111101000101100100011100101001011100010110101100011101100101110111111100000
011011101001101110001101011010001110100101001110001001101000100000001111100100010110010001110010100101110001011010110001110110010111011111110000
011101110100110111000110101101000111010010100111000100110100010000000111100010001011001000111001010010111000101101011000111011001011101111111000
011110111010011011100011010110100011101001010011100010011010001000000011100001000101100100011100101001011100010110101100011101100101110111111100
011111011101001101110001101011010001110100101001110001001101000100000001100000100010110010001110010100101110001011010110001110110010111011111110
011111101110100110111000110101101000111010010100111000100110100010000000100000010001011001000111001010010111000101101011000111011001011101111111
100000000000000000000000000000000000000000000000000000000000000000000000100000000000000000000000000000000000000000000000000000000000000000000000
110000001000101100100011100101001011100010110101100011101100101110111111110000001000101100100011100101001011100010110101100011101100101110111111
111000000100010110010001110010100101110001011010110001110110010111011111111000000100010110010001110010100101110001011010110001110110010111011111
111100000010001011001000111001010010111000101101011000111011001011101111111100000010001011001000111001010010111000101101011000111011001011101111
111110000001000101100100011100101001011100010110101100011101100101110111111110000001000101100100011100101001011100010110101100011101100101110111
111111000000100010110010001110010100101110001011010110001110110010111011111111000000100010110010001110010100101110001011010110001110110010111011
111111100000010001011001000111001010010111000101101011000111011001011101111111100000010001011001000111001010010111000101101011000111011001011101
111111110000001000101100100011100101001011100010110101100011101100101110111111110000001000101100100011100101001011100010110101100011101100101110
101111111000000100010110010001110010100101110001011010110001110110010111101111111000000100010110010001110010100101110001011010110001110110010111
110111111100000010001011001000111001010010111000101101011000111011001011110111111100000010001011001000111001010010111000101101011000111011001011
111011111110000001000101100100011100101001011100010110101100011101100101111011111110000001000101100100011100101001011100010110101100011101100101
111101111111000000100010110010001110010100101110001011010110001110110010111101111111000000100010110010001110010100101110001011010110001110110010
101110111111100000010001011001000111001010010111000101101011000111011001101110111111100000010001011001000111001010010111000101101011000111011001
110111011111110000001000101100100011100101001011100010110101100011101100110111011111110000001000101100100011100101001011100010110101100011101100
101011101111111000000100010110010001110010100101110001011010110001110110101011101111111000000100010110010001110010100101110001011010110001110110
100101110111111100000010001011001000111001010010111000101101011000111011100101110111111100000010001011001000111001010010111000101101011000111011
110010111011111110000001000101100100011100101001011100010110101100011101110010111011111110000001000101100100011100101001011100010110101100011101
111001011101111111000000100010110010001110010100101110001011010110001110111001011101111111000000100010110010001110010100101110001011010110001110
101100101110111111100000010001011001000111001010010111000101101011000111101100101110111111100000010001011001000111001010010111000101101011000111
110110010111011111110000001000101100100011100101001011100010110101100011110110010111011111110000001000101100100011100101001011100010110101100011
111011001011101111111000000100010110010001110010100101110001011010110001111011001011101111111000000100010110010001110010100101110001011010110001
111101100101110111111100000010001011001000111001010010111000101101011000111101100101110111111100000010001011001000111001010010111000101101011000
101110110010111011111110000001000101100100011100101001011100010110101100101110110010111011111110000001000101100100011100101001011100010110101100
100111011001011101111111000000100010110010001110010100101110001011010110100111011001011101111111000000100010110010001110010100101110001011010110
100011101100101110111111100000010001011001000111001010010111000101101011100011101100101110111111100000010001011001000111001010010111000101101011
110001110110010111011111110000001000101100100011100101001011100010110101110001110110010111011111110000001000101100100011100101001011100010110101
111000111011001011101111111000000100010110010001110010100101110001011010111000111011001011101111111000000100010110010001110010100101110001011010
101100011101100101110111111100000010001011001000111001010010111000101101101100011101100101110111111100000010001011001000111001010010111000101101
110110001110110010111011111110000001000101100100011100101001011100010110110110001110110010111011111110000001000101100100011100101001011100010110
101011000111011001011101111111000000100010110010001110010100101110001011101011000111011001011101111111000000100010110010001110010100101110001011
110101100011101100101110111111100000010001011001000111001010010111000101110101100011101100101110111111100000010001011001000111001010010111000101
111010110001110110010111011111110000001000101100100011100101001011100010111010110001110110010111011111110000001000101100100011100101001011100010
101101011000111011001011101111111000000100010110010001110010100101110001101101011000111011001011101111111000000100010110010001110010100101110001
110110101100011101100101110111111100000010001011001000111001010010111000110110101100011101100101110111111100000010001011001000111001010010111000
101011010110001110110010111011111110000001000101100100011100101001011100101011010110001110110010111011111110000001000101100100011100101001011100
100101101011000111011001011101111111000000100010110010001110010100101110100101101011000111011001011101111111000000100010110010001110010100101110
100010110101100011101100101110111111100000010001011001000111001010010111100010110101100011101100101110111111100000010001011001000111001010010111
110001011010110001110110010111011111110000001000101100100011100101001011110001011010110001110110010111011111110000001000101100100011100101001011
111000101101011000111011001011101111111000000100010110010001110010100101111000101101011000111011001011101111111000000100010110010001110010100101
111100010110101100011101100101110111111100000010001011001000111001010010111100010110101100011101100101110111111100000010001011001000111001010010
101110001011010110001110110010111011111110000001000101100100011100101001101110001011010110001110110010111011111110000001000101100100011100101001
110111000101101011000111011001011101111111000000100010110010001110010100110111000101101011000111011001011101111111000000100010110010001110010100
101011100010110101100011101100101110111111100000010001011001000111001010101011100010110101100011101100101110111111100000010001011001000111001010
100101110001011010110001110110010111011111110000001000101100100011100101100101110001011010110001110110010111011111110000001000101100100011100101
110010111000101101011000111011001011101111111000000100010110010001110010110010111000101101011000111011001011101111111000000100010110010001110010
101001011100010110101100011101100101110111111100000010001011001000111001101001011100010110101100011101100101110111111100000010001011001000111001
110100101110001011010110001110110010111011111110000001000101100100011100110100101110001011010110001110110010111011111110000001000101100100011100
101010010111000101101011000111011001011101111111000000100010110010001110101010010111000101101011000111011001011101111111000000100010110010001110
100101001011100010110101100011101100101110111111100000010001011001000111100101001011100010110101100011101100101110111111100000010001011001000111
110010100101110001011010110001110110010111011111110000001000101100100011110010100101110001011010110001110110010111011111110000001000101100100011
111001010010111000101101011000111011001011101111111000000100010110010001111001010010111000101101011000111011001011101111111000000100010110010001
111100101001011100010110101100011101100101110111111100000010001011001000111100101001011100010110101100011101100101110111111100000010001011001000
101110010100101110001011010110001110110010111011111110000001000101100100101110010100101110001011010110001110110010111011111110000001000101100100
100111001010010111000101101011000111011001011101111111000000100010110010100111001010010111000101101011000111011001011101111111000000100010110010
100011100101001011100010110101100011101100101110111111100000010001011001100011100101001011100010110101100011101100101110111111100000010001011001
110001110010100101110001011010110001110110010111011111110000001000101100110001110010100101110001011010110001110110010111011111110000001000101100
101000111001010010111000101101011000111011001011101111111000000100010110101000111001010010111000101101011000111011001011101111111000000100010110
100100011100101001011100010110101100011101100101110111111100000010001011100100011100101001011100010110101100011101100101110111111100000010001011
110010001110010100101110001011010110001110110010111011111110000001000101110010001110010100101110001011010110001110110010111011111110000001000101
111001000111001010010111000101101011000111011001011101111111000000100010111001000111001010010111000101101011000111011001011101111111000000100010
101100100011100101001011100010110101100011101100101110111111100000010001101100100011100101001011100010110101100011101100101110111111100000010001
110110010001110010100101110001011010110001110110010111011111110000001000110110010001110010100101110001011010110001110110010111011111110000001000
101011001000111001010010111000101101011000111011001011101111111000000100101011001000111001010010111000101101011000111011001011101111111000000100
100101100100011100101001011100010110101100011101100101110111111100000010100101100100011100101001011100010110101100011101100101110111111100000010
100010110010001110010100101110001011010110001110110010111011111110000001100010110010001110010100101110001011010110001110110010111011111110000001
110001011001000111001010010111000101101011000111011001011101111111000000110001011001000111001010010111000101101011000111011001011101111111000000
101000101100100011100101001011100010110101100011101100101110111111100000101000101100100011100101001011100010110101100011101100101110111111100000
100100010110010001110010100101110001011010110001110110010111011111110000100100010110010001110010100101110001011010110001110110010111011111110000
100010001011001000111001010010111000101101011000111011001011101111111000100010001011001000111001010010111000101101011000111011001011101111111000
100001000101100100011100101001011100010110101100011101100101110111111100100001000101100100011100101001011100010110101100011101100101110111111100
100000100010110010001110010100101110001011010110001110110010111011111110100000100010110010001110010100101110001011010110001110110010111011111110
100000010001011001000111001010010111000101101011000111011001011101111111100000010001011001000111001010010111000101101011000111011001011101111111
100000000000000000000000000000000000000000000000000000000000000000000000011111111111111111111111111111111111111111111111111111111111111111111111
110000001000101100100011100101001011100010110101100011101100101110111111001111110111010011011100011010110100011101001010011100010011010001000000
111000000100010110010001110010100101110001011010110001110110010111011111000111111011101001101110001101011010001110100101001110001001101000100000
111100000010001011001000111001010010111000101101011000111011001011101111000011111101110100110111000110101101000111010010100111000100110100010000
111110000001000101100100011100101001011100010110101100011101100101110111000001111110111010011011100011010110100011101001010011100010011010001000
111111000000100010110010001110010100101110001011010110001110110010111011000000111111011101001101110001101011010001110100101001110001001101000100
111111100000010001011001000111001010010111000101101011000111011001011101000000011111101110100110111000110101101000111010010100111000100110100010
111111110000001000101100100011100101001011100010110101100011101100101110000000001111110111010011011100011010110100011101001010011100010011010001
101111111000000100010110010001110010100101110001011010110001110110010111010000000111111011101001101110001101011010001110100101001110001001101000
110111111100000010001011001000111001010010111000101101011000111011001011001000000011111101110100110111000110101101000111010010100111000100110100
111011111110000001000101100100011100101001011100010110101100011101100101000100000001111110111010011011100011010110100011101001010011100010011010
111101111111000000100010110010001110010100101110001011010110001110110010000010000000111111011101001101110001101011010001110100101001110001001101
101110111111100000010001011001000111001010010111000101101011000111011001010001000000011111101110100110111000110101101000111010010100111000100110
110111011111110000001000101100100011100101001011100010110101100011101100001000100000001111110111010011011100011010110100011101001010011100010011
101011101111111000000100010110010001110010100101110001011010110001110110010100010000000111111011101001101110001101011010001110100101001110001001
100101110111111100000010001011001000111001010010111000101101011000111011011010001000000011111101110100110111000110101101000111010010100111000100
110010111011111110000001000101100100011100101001011100010110101100011101001101000100000001111110111010011011100011010110100011101001010011100010
111001011101111111000000100010110010001110010100101110001011010110001110000110100010000000111111011101001101110001101011010001110100101001110001
101100101110111111100000010001011001000111001010010111000101101011000111010011010001000000011111101110100110111000110101101000111010010100111000
110110010111011111110000001000101100100011100101001011100010110101100011001001101000100000001111110111010011011100011010110100011101001010011100
111011001011101111111000000100010110010001110010100101110001011010110001000100110100010000000111111011101001101110001101011010001110100101001110
111101100101110111111100000010001011001000111001010010111000101101011000000010011010001000000011111101110100110111000110101101000111010010100111
101110110010111011111110000001000101100100011100101001011100010110101100010001001101000100000001111110111010011011100011010110100011101001010011
100111011001011101111111000000100010110010001110010100101110001011010110011000100110100010000000111111011101001101110001101011010001110100101001
100011101100101110111111100000010001011001000111001010010111000101101011011100010011010001000000011111101110100110111000110101101000111010010100
110001110110010111011111110000001000101100100011100101001011100010110101001110001001101000100000001111110111010011011100011010110100011101001010
111000111011001011101111111000000100010110010001110010100101110001011010000111000100110100010000000111111011101001101110001101011010001110100101
101100011101100101110111111100000010001011001000111001010010111000101101010011100010011010001000000011111101110100110111000110101101000111010010
110110001110110010111011111110000001000101100100011100101001011100010110001001110001001101000100000001111110111010011011100011010110100011101001
101011000111011001011101111111000000100010110010001110010100101110001011010100111000100110100010000000111111011101001101110001101011010001110100
110101100011101100101110111111100000010001011001000111001010010111000101001010011100010011010001000000011111101110100110111000110101101000111010
111010110001110110010111011111110000001000101100100011100101001011100010000101001110001001101000100000001111110111010011011100011010110100011101
101101011000111011001011101111111000000100010110010001110010100101110001010010100111000100110100010000000111111011101001101110001101011010001110
110110101100011101100101110111111100000010001011001000111001010010111000001001010011100010011010001000000011111101110100110111000110101101000111
101011010110001110110010111011111110000001000101100100011100101001011100010100101001110001001101000100000001111110111010011011100011010110100011
100101101011000111011001011101111111000000100010110010001110010100101110011010010100111000100110100010000000111111011101001101110001101011010001
100010110101100011101100101110111111100000010001011001000111001010010111011101001010011100010011010001000000011111101110100110111000110101101000
110001011010110001110110010111011111110000001000101100100011100101001011001110100101001110001001101000100000001111110111010011011100011010110100
111000101101011000111011001011101111111000000100010110010001110010100101000111010010100111000100110100010000000111111011101001101110001101011010
111100010110101100011101100101110111111100000010001011001000111001010010000011101001010011100010011010001000000011111101110100110111000110101101
101110001011010110001110110010111011111110000001000101100100011100101001010001110100101001110001001101000100000001111110111010011011100011010110
110111000101101011000111011001011101111111000000100010110010001110010100001000111010010100111000100110100010000000111111011101001101110001101011
101011100010110101100011101100101110111111100000010001011001000111001010010100011101001010011100010011010001000000011111101110100110111000110101
100101110001011010110001110110010111011111110000001000101100100011100101011010001110100101001110001001101000100000001111110111010011011100011010
110010111000101101011000111011001011101111111000000100010110010001110010001101000111010010100111000100110100010000000111111011101001101110001101
101001011100010110101100011101100101110111111100000010001011001000111001010110100011101001010011100010011010001000000011111101110100110111000110
110100101110001011010110001110110010111011111110000001000101100100011100001011010001110100101001110001001101000100000001111110111010011011100011
101010010111000101101011000111011001011101111111000000100010110010001110010101101000111010010100111000100110100010000000111111011101001101110001
100101001011100010110101100011101100101110111111100000010001011001000111011010110100011101001010011100010011010001000000011111101110100110111000
110010100101110001011010110001110110010111011111110000001000101100100011001101011010001110100101001110001001101000100000001111110111010011011100
111001010010111000101101011000111011001011101111111000000100010110010001000110101101000111010010100111000100110100010000000111111011101001101110
111100101001011100010110101100011101100101110111111100000010001011001000000011010110100011101001010011100010011010001000000011111101110100110111
101110010100101110001011010110001110110010111011111110000001000101100100010001101011010001110100101001110001001101000100000001111110111010011011
100111001010010111000101101011000111011001011101111111000000100010110010011000110101101000111010010100111000100110100010000000111111011101001101
100011100101001011100010110101100011101100101110111111100000010001011001011100011010110100011101001010011100010011010001000000011111101110100110
110001110010100101110001011010110001110110010111011111110000001000101100001110001101011010001110100101001110001001101000100000001111110111010011
101000111001010010111000101101011000111011001011101111111000000100010110010111000110101101000111010010100111000100110100010000000111111011101001
100100011100101001011100010110101100011101100101110111111100000010001011011011100011010110100011101001010011100010011010001000000011111101110100
110010001110010100101110001011010110001110110010111011111110000001000101001101110001101011010001110100101001110001001101000100000001111110111010
111001000111001010010111000101101011000111011001011101111111000000100010000110111000110101101000111010010100111000100110100010000000111111011101
101100100011100101001011100010110101100011101100101110111111100000010001010011011100011010110100011101001010011100010011010001000000011111101110
110110010001110010100101110001011010110001110110010111011111110000001000001001101110001101011010001110100101001110001001101000100000001111110111
101011001000111001010010111000101101011000111011001011101111111000000100010100110111000110101101000111010010100111000100110100010000000111111011
100101100100011100101001011100010110101100011101100101110111111100000010011010011011100011010110100011101001010011100010011010001000000011111101
100010110010001110010100101110001011010110001110110010111011111110000001011101001101110001101011010001110100101001110001001101000100000001111110
110001011001000111001010010111000101101011000111011001011101111111000000001110100110111000110101101000111010010100111000100110100010000000111111
101000101100100011100101001011100010110101100011101100101110111111100000010111010011011100011010110100011101001010011100010011010001000000011111
100100010110010001110010100101110001011010110001110110010111011111110000011011101001101110001101011010001110100101001110001001101000100000001111
100010001011001000111001010010111000101101011000111011001011101111111000011101110100110111000110101101000111010010100111000100110100010000000111
100001000101100100011100101001011100010110101100011101100101110111111100011110111010011011100011010110100011101001010011100010011010001000000011
100000100010110010001110010100101110001011010110001110110010111011111110011111011101001101110001101011010001110100101001110001001101000100000001
100000010001011001000111001010010111000101101011000111011001011101111111011111101110100110111000110101101000111010010100111000100110100010000000
