0110001011011110011110110100011011000101101111001111011010001101111100010101100110101000111110000001110101001100101011100000
1011000101101111001111011010001101100010110111100111101101000110111110001010110011010100011110000000111010100110010101110000
1101100010110111100111101101000110110001011011110011110110100011011111000101011001101010001110000000011101010011001010111000
0110110001011011110011110110100011011000101101111001111011010011101111100010101100110101000110000000001110101001100101011100
0011011000101101111001111011010001101100010110111100111101101011110111110001010110011010100010000000000111010100110010101110
0001101100010110111100111101101000110110001011011110011110110111111011111000101011001101010000000000000011101010011001010111
1000110110001011011110011110110100011011000101101111001111011001111101111100010101100110101001000000000001110101001100101011
0100011011000101101111001111011010001101100010110111100111101100111110111110001010110011010101100000000000111010100110010101
1010001101100010110111100111101101000110110001011011110011110100011111011111000101011001101011110000000000011101010011001010
1101000110110001011011110011110110100011011000101101111001111010001111101111100010101100110100111000000000001110101001100101
0110100011011000101101111001111011010001101100010110111100111101000111110111110001010110011011011100000000000111010100110010
1011010001101100010110111100111101101000110110001011011110011110100011111011111000101011001100101110000000000011101010011001
1101101000110110001011011110011110110100011011000101101111001101010001111101111100010101100111010111000000000001110101001100
1110110100011011000101101111001111011010001101100010110111100110101000111110111110001010110010101011100000000000111010100110
1111011010001101100010110111100111101101000110110001011011110011010100011111011111000101011000010101110000000000011101010011
0111101101000110110001011011110011110110100011011000101101111001101010001111101111100010101101001010111000000000001110101001
0011110110100011011000101101111001111011010001101100010110111100110101000111110111110001010111100101011100000000000111010100
1001111011010001101100010110111100111101101000110110001011011110011010100011111011111000101010110010101110000000000011101010
1100111101101000110110001011011110011110110100011011000101101111001101010001111101111100010100011001010111000000000001110101
1110011110110100011011000101101111001111011010001101100010110101100110101000111110111110001011001100101011100000000000111010
1111001111011010001101100010110111100111101101000110110001011010110011010100011111011111000100100110010101110000000000011101
0111100111101101000110110001011011110011110110100011011000101101011001101010001111101111100011010011001010111000000000001110
1011110011110110100011011000101101111001111011010001101100010110101100110101000111110111110000101001100101011100000000000111
1101111001111011010001101100010110111100111101101000110110001001010110011010100011111011111001010100110010101110000000000011
0110111100111101101000110110001011011110011110110100011011000100101011001101010001111101111101101010011001010111000000000001
1011011110011110110100011011000101101111001111011010001101100000010101100110101000111110111111110101001100101011100000000000
0101101111001111011010001101100010110111100111101101000110110010001010110011010100011111011110111010100110010101110000000000
0010110111100111101101000110110001011011110011110110100011011011000101011001101010001111101110011101010011001010111000000000
0001011011110011110110100011011000101101111001111011010001101111100010101100110101000111110110001110101001100101011100000000
1000101101111001111011010001101100010110111100111101101000110111110001010110011010100011111010000111010100110010101110000000
1100010110111100111101101000110110001011011110011110110100011011111000101011001101010001111100000011101010011001010111000000
1001110100100001100001001011100011000101101111001111011010001111111100010101100110101000111110111110001010110011010100011111
0100111010010000110000100101110101100010110111100111101101000111111110001010110011010100011111011111000101011001101010001111
0010011101001000011000010010111110110001011011110011110110100011111111000101011001101010001111101111100010101100110101000111
1001001110100100001100001001011011011000101101111001111011010011111111100010101100110101000111110111110001010110011010100011
1100100111010010000110000100101001101100010110111100111101101011111111110001010110011010100011111011111000101011001101010001
1110010011101001000011000010010000110110001011011110011110110111111111111000101011001101010001111101111100010101100110101000
0111001001110100100001100001001100011011000101101111001111011001111111111100010101100110101000111110111110001010110011010100
1011100100111010010000110000100010001101100010110111100111101100111111111110001010110011010100011111011111000101011001101010
0101110010011101001000011000010101000110110001011011110011110100011111111111000101011001101010001111101111100010101100110101
0010111001001110100100001100001110100011011000101101111001111010001111111111100010101100110101000111110111110001010110011010
1001011100100111010010000110000011010001101100010110111100111101000111111111110001010110011010100011111011111000101011001101
0100101110010011101001000011000101101000110110001011011110011110100011111111111000101011001101010001111101111100010101100110
0010010111001001110100100001100110110100011011000101101111001101010001111111111100010101100110101000111110111110001010110011
0001001011100100111010010000110111011010001101100010110111100110101000111111111110001010110011010100011111011111000101011001
0000100101110010011101001000011111101101000110110001011011110011010100011111111111000101011001101010001111101111100010101100
1000010010111001001110100100001011110110100011011000101101111001101010001111111111100010101100110101000111110111110001010110
1100001001011100100111010010000001111011010001101100010110111100110101000111111111110001010110011010100011111011111000101011
0110000100101110010011101001000100111101101000110110001011011110011010100011111111111000101011001101010001111101111100010101
0011000010010111001001110100100110011110110100011011000101101111001101010001111111111100010101100110101000111110111110001010
0001100001001011100100111010010111001111011010001101100010110101100110101000111111111110001010110011010100011111011111000101
0000110000100101110010011101001111100111101101000110110001011010110011010100011111111111000101011001101010001111101111100010
1000011000010010111001001110100011110011110110100011011000101101011001101010001111111111100010101100110101000111110111110001
0100001100001001011100100111010101111001111011010001101100010110101100110101000111111111110001010110011010100011111011111000
0010000110000100101110010011101110111100111101101000110110001001010110011010100011111111111000101011001101010001111101111100
1001000011000010010111001001110011011110011110110100011011000100101011001101010001111111111100010101100110101000111110111110
0100100001100001001011100100111101101111001111011010001101100000010101100110101000111111111110001010110011010100011111011111
1010010000110000100101110010011010110111100111101101000110110010001010110011010100011111111111000101011001101010001111101111
1101001000011000010010111001001001011011110011110110100011011011000101011001101010001111111111100010101100110101000111110111
1110100100001100001001011100100000101101111001111011010001101111100010101100110101000111111111110001010110011010100011111011
0111010010000110000100101110010100010110111100111101101000110111110001010110011010100011111111111000101011001101010001111101
0011101001000011000010010111001110001011011110011110110100011011111000101011001101010001111111111100010101100110101000111110
1000001110101001100101011100000000000111010100110010101110000001100010110111100111101101000111001110100100001100001001011100
0100000111010100110010101110000000000011101010011001010111000010110001011011110011110110100010100111010010000110000100101110
0010000011101010011001010111000000000001110101001100101011100011011000101101111001111011010000010011101001000011000010010111
0001000001110101001100101011100000000000111010100110010101110001101100010110111100111101101001001001110100100001100001001011
0000100000111010100110010101110000000000011101010011001010111000110110001011011110011110110101100100111010010000110000100101
0000010000011101010011001010111000000000001110101001100101011100011011000101101111001111011011110010011101001000011000010010
1000001000001110101001100101011100000000000111010100110010101110001101100010110111100111101100111001001110100100001100001001
1100000100000111010100110010101110000000000011101010011001010101000110110001011011110011110111011100100111010010000110000100
1110000010000011101010011001010111000000000001110101001100101010100011011000101101111001111010101110010011101001000011000010
0111000001000001110101001100101011100000000000111010100110010111010001101100010110111100111100010111001001110100100001100001
1011100000100000111010100110010101110000000000011101010011001001101000110110001011011110011111001011100100111010010000110000
0101110000010000011101010011001010111000000000001110101001100110110100011011000101101111001110100101110010011101001000011000
1010111000001000001110101001100101011100000000000111010100110011011010001101100010110111100110010010111001001110100100001100
0101011100000100000111010100110010101110000000000011101010011011101101000110110001011011110010001001011100100111010010000110
0010101110000010000011101010011001010111000000000001110101001111110110100011011000101101111000000100101110010011101001000011
1001010111000001000001110101001100101011100000000000111010100101111011010001101100010110111101000010010111001001110100100001
1100101011100000100000111010100110010101110000000000011101010000111101101000110110001011011111100001001011100100111010010000
0110010101110000010000011101010011001010111000000000001110101010011110110100011011000101101110110000100101110010011101001000
0011001010111000001000001110101001100101011100000000000111010111001111011010001101100010110110011000010010111001001110100100
1001100101011100000100000111010100110010101110000000000011101011100111101101000110110001011010001100001001011100100111010010
0100110010101110000010000011101010011001010111000000000001110111110011110110100011011000101100000110000100101110010011101001
1010011001010111000001000001110101001100101011100000000000111001111001111011010001101100010111000011000010010111001001110100
0101001100101011100000100000111010100110010101110000000000011110111100111101101000110110001010100001100001001011100100111010
1010100110010101110000010000011101010011001010111000000000001111011110011110110100011011000100010000110000100101110010011101
1101010011001010111000001000001110101001100101011100000000000101101111001111011010001101100011001000011000010010111001001110
1110101001100101011100000100000111010100110010101110000000000010110111100111101101000110110000100100001100001001011100100111
0111010100110010101110000010000011101010011001010111000000000001011011110011110110100011011001010010000110000100101110010011
0011101010011001010111000001000001110101001100101011100000000000101101111001111011010001101101101001000011000010010111001001
0001110101001100101011100000100000111010100110010101110000000000010110111100111101101000110111110100100001100001001011100100
0000111010100110010101110000010000011101010011001010111000000010001011011110011110110100011010111010010000110000100101110010
0000011101010011001010111000001000001110101001100101011100000011000101101111001111011010001100011101001000011000010010111001
1111110001010110011010100011111100000111010100110010101110000001100010110111100111101101000110110001011011110011110110100011
1111111000101011001101010001111010000011101010011001010111000010110001011011110011110110100011011000101101111001111011010001
1111111100010101100110101000111001000001110101001100101011100011011000101101111001111011010001101100010110111100111101101000
1111111110001010110011010100011000100000111010100110010101110001101100010110111100111101101000110110001011011110011110110100
1111111111000101011001101010001000010000011101010011001010111000110110001011011110011110110100011011000101101111001111011010
1111111111100010101100110101000000001000001110101001100101011100011011000101101111001111011010001101100010110111100111101101
0111111111110001010110011010100100000100000111010100110010101110001101100010110111100111101101000110110001011011110011110110
0011111111111000101011001101010110000010000011101010011001010101000110110001011011110011110110100011011000101101111001111011
0001111111111100010101100110101111000001000001110101001100101010100011011000101101111001111011010001101100010110111100111101
1000111111111110001010110011010011100000100000111010100110010111010001101100010110111100111101101000110110001011011110011110
0100011111111111000101011001101101110000010000011101010011001001101000110110001011011110011110110100011011000101101111001111
1010001111111111100010101100110010111000001000001110101001100110110100011011000101101111001111011010001101100010110111100111
0101000111111111110001010110011101011100000100000111010100110011011010001101100010110111100111101101000110110001011011110011
1010100011111111111000101011001010101110000010000011101010011011101101000110110001011011110011110110100011011000101101111001
1101010001111111111100010101100001010111000001000001110101001111110110100011011000101101111001111011010001101100010110111100
0110101000111111111110001010110100101011100000100000111010100101111011010001101100010110111100111101101000110110001011011110
0011010100011111111111000101011110010101110000010000011101010000111101101000110110001011011110011110110100011011000101101111
1001101010001111111111100010101011001010111000001000001110101010011110110100011011000101101111001111011010001101100010110111
1100110101000111111111110001010001100101011100000100000111010111001111011010001101100010110111100111101101000110110001011011
0110011010100011111111111000101100110010101110000010000011101011100111101101000110110001011011110011110110100011011000101101
1011001101010001111111111100010010011001010111000001000001110111110011110110100011011000101101111001111011010001101100010110
0101100110101000111111111110001101001100101011100000100000111001111001111011010001101100010110111100111101101000110110001011
1010110011010100011111111111000010100110010101110000010000011110111100111101101000110110001011011110011110110100011011000101
0101011001101010001111111111100101010011001010111000001000001111011110011110110100011011000101101111001111011010001101100010
0010101100110101000111111111110110101001100101011100000100000101101111001111011010001101100010110111100111101101000110110001
0001010110011010100011111111111111010100110010101110000010000010110111100111101101000110110001011011110011110110100011011000
1000101011001101010001111111111011101010011001010111000001000001011011110011110110100011011000101101111001111011010001101100
1100010101100110101000111111111001110101001100101011100000100000101101111001111011010001101100010110111100111101101000110110
1110001010110011010100011111111000111010100110010101110000010000010110111100111101101000110110001011011110011110110100011011
1111000101011001101010001111111000011101010011001010111000001010001011011110011110110100011011000101101111001111011010001101
1111100010101100110101000111111000001110101001100101011100000111000101101111001111011010001101100010110111100111101101000110
1001110100100001100001001011100100111010010000110000100101110010000011101010011001010111000001111110001010110011010100011111
0100111010010000110000100101110010011101001000011000010010111001000001110101001100101011100001111111000101011001101010001111
0010011101001000011000010010111001001110100100001100001001011100100000111010100110010101110001111111100010101100110101000111
1001001110100100001100001001011100100111010010000110000100101100010000011101010011001010111001111111110001010110011010100011
1100100111010010000110000100101110010011101001000011000010010100001000001110101001100101011101111111111000101011001101010001
1110010011101001000011000010010111001001110100100001100001001000000100000111010100110010101111111111111100010101100110101000
0111001001110100100001100001001011100100111010010000110000100110000010000011101010011001010110111111111110001010110011010100
1011100100111010010000110000100101110010011101001000011000010011000001000001110101001100101010011111111111000101011001101010
0101110010011101001000011000010010111001001110100100001100001011100000100000111010100110010100001111111111100010101100110101
0010111001001110100100001100001001011100100111010010000110000101110000010000011101010011001011000111111111110001010110011010
1001011100100111010010000110000100101110010011101001000011000010111000001000001110101001100100100011111111111000101011001101
0100101110010011101001000011000010010111001001110100100001100001011100000100000111010100110011010001111111111100010101100110
0010010111001001110100100001100001001011100100111010010000110010101110000010000011101010011000101000111111111110001010110011
0001001011100100111010010000110000100101110010011101001000011001010111000001000001110101001101010100011111111111000101011001
0000100101110010011101001000011000010010111001001110100100001100101011100000100000111010100111101010001111111111100010101100
1000010010111001001110100100001100001001011100100111010010000110010101110000010000011101010010110101000111111111110001010110
1100001001011100100111010010000110000100101110010011101001000011001010111000001000001110101000011010100011111111111000101011
0110000100101110010011101001000011000010010111001001110100100001100101011100000100000111010101001101010001111111111100010101
0011000010010111001001110100100001100001001011100100111010010000110010101110000010000011101011100110101000111111111110001010
0001100001001011100100111010010000110000100101110010011101001010011001010111000001000001110100110011010100011111111111000101
0000110000100101110010011101001000011000010010111001001110100101001100101011100000100000111011011001101010001111111111100010
1000011000010010111001001110100100001100001001011100100111010010100110010101110000010000011100101100110101000111111111110001
0100001100001001011100100111010010000110000100101110010011101001010011001010111000001000001111010110011010100011111111111000
0010000110000100101110010011101001000011000010010111001001110110101001100101011100000100000110101011001101010001111111111100
1001000011000010010111001001110100100001100001001011100100111011010100110010101110000010000010010101100110101000111111111110
0100100001100001001011100100111010010000110000100101110010011111101010011001010111000001000000001010110011010100011111111111
1010010000110000100101110010011101001000011000010010111001001101110101001100101011100000100001000101011001101010001111111111
1101001000011000010010111001001110100100001100001001011100100100111010100110010101110000010001100010101100110101000111111111
1110100100001100001001011100100111010010000110000100101110010000011101010011001010111000001001110001010110011010100011111111
0111010010000110000100101110010011101001000011000010010111001000001110101001100101011100000101111000101011001101010001111111
0011101001000011000010010111001001110100100001100001001011100100000111010100110010101110000011111100010101100110101000111111
0110001011011110011110110100011100111010010000110000100101110000000011101010011001010111000001000001110101001100101011100000
1011000101101111001111011010001010011101001000011000010010111000000001110101001100101011100000100000111010100110010101110000
1101100010110111100111101101000001001110100100001100001001011100000000111010100110010101110000010000011101010011001010111000
0110110001011011110011110110100100100111010010000110000100101100000000011101010011001010111000001000001110101001100101011100
0011011000101101111001111011010110010011101001000011000010010100000000001110101001100101011100000100000111010100110010101110
0001101100010110111100111101101111001001110100100001100001001000000000000111010100110010101110000010000011101010011001010111
1000110110001011011110011110110011100100111010010000110000100110000000000011101010011001010111000001000001110101001100101011
0100011011000101101111001111011101110010011101001000011000010011000000000001110101001100101011100000100000111010100110010101
1010001101100010110111100111101010111001001110100100001100001011100000000000111010100110010101110000010000011101010011001010
1101000110110001011011110011110001011100100111010010000110000101110000000000011101010011001010111000001000001110101001100101
0110100011011000101101111001111100101110010011101001000011000010111000000000001110101001100101011100000100000111010100110010
1011010001101100010110111100111010010111001001110100100001100001011100000000000111010100110010101110000010000011101010011001
1101101000110110001011011110011001001011100100111010010000110010101110000000000011101010011001010111000001000001110101001100
1110110100011011000101101111001000100101110010011101001000011001010111000000000001110101001100101011100000100000111010100110
1111011010001101100010110111100000010010111001001110100100001100101011100000000000111010100110010101110000010000011101010011
0111101101000110110001011011110100001001011100100111010010000110010101110000000000011101010011001010111000001000001110101001
0011110110100011011000101101111110000100101110010011101001000011001010111000000000001110101001100101011100000100000111010100
1001111011010001101100010110111011000010010111001001110100100001100101011100000000000111010100110010101110000010000011101010
1100111101101000110110001011011001100001001011100100111010010000110010101110000000000011101010011001010111000001000001110101
1110011110110100011011000101101000110000100101110010011101001010011001010111000000000001110101001100101011100000100000111010
1111001111011010001101100010110000011000010010111001001110100101001100101011100000000000111010100110010101110000010000011101
0111100111101101000110110001011100001100001001011100100111010010100110010101110000000000011101010011001010111000001000001110
1011110011110110100011011000101010000110000100101110010011101001010011001010111000000000001110101001100101011100000100000111
1101111001111011010001101100010001000011000010010111001001110110101001100101011100000000000111010100110010101110000010000011
0110111100111101101000110110001100100001100001001011100100111011010100110010101110000000000011101010011001010111000001000001
1011011110011110110100011011000010010000110000100101110010011111101010011001010111000000000001110101001100101011100000100000
0101101111001111011010001101100101001000011000010010111001001101110101001100101011100000000000111010100110010101110000010000
0010110111100111101101000110110110100100001100001001011100100100111010100110010101110000000000011101010011001010111000001000
0001011011110011110110100011011111010010000110000100101110010000011101010011001010111000000000001110101001100101011100000100
1000101101111001111011010001101011101001000011000010010111001000001110101001100101011100000000000111010100110010101110000010
1100010110111100111101101000110001110100100001100001001011100100000111010100110010101110000000000011101010011001010111000001
0111110001010110011010100011111111111000101011001101010001111110011101001000011000010010111000110001011011110011110110100011
1011111000101011001101010001111111111100010101100110101000111101001110100100001100001001011101011000101101111001111011010001
1101111100010101100110101000111111111110001010110011010100011100100111010010000110000100101111101100010110111100111101101000
1110111110001010110011010100011111111111000101011001101010001110010011101001000011000010010110110110001011011110011110110100
1111011111000101011001101010001111111111100010101100110101000111001001110100100001100001001010011011000101101111001111011010
1111101111100010101100110101000111111111110001010110011010100011100100111010010000110000100100001101100010110111100111101101
0111110111110001010110011010100011111111111000101011001101010001110010011101001000011000010011000110110001011011110011110110
0011111011111000101011001101010001111111111100010101100110101010111001001110100100001100001000100011011000101101111001111011
0001111101111100010101100110101000111111111110001010110011010101011100100111010010000110000101010001101100010110111100111101
1000111110111110001010110011010100011111111111000101011001101000101110010011101001000011000011101000110110001011011110011110
0100011111011111000101011001101010001111111111100010101100110110010111001001110100100001100000110100011011000101101111001111
1010001111101111100010101100110101000111111111110001010110011001001011100100111010010000110001011010001101100010110111100111
0101000111110111110001010110011010100011111111111000101011001100100101110010011101001000011001101101000110110001011011110011
1010100011111011111000101011001101010001111111111100010101100100010010111001001110100100001101110110100011011000101101111001
1101010001111101111100010101100110101000111111111110001010110000001001011100100111010010000111111011010001101100010110111100
0110101000111110111110001010110011010100011111111111000101011010000100101110010011101001000010111101101000110110001011011110
0011010100011111011111000101011001101010001111111111100010101111000010010111001001110100100000011110110100011011000101101111
1001101010001111101111100010101100110101000111111111110001010101100001001011100100111010010001001111011010001101100010110111
1100110101000111110111110001010110011010100011111111111000101000110000100101110010011101001001100111101101000110110001011011
0110011010100011111011111000101011001101010001111111111100010100011000010010111001001110100101110011110110100011011000101101
1011001101010001111101111100010101100110101000111111111110001000001100001001011100100111010011111001111011010001101100010110
0101100110101000111110111110001010110011010100011111111111000110000110000100101110010011101000111100111101101000110110001011
1010110011010100011111011111000101011001101010001111111111100001000011000010010111001001110101011110011110110100011011000101
0101011001101010001111101111100010101100110101000111111111110000100001100001001011100100111011101111001111011010001101100010
0010101100110101000111110111110001010110011010100011111111111010010000110000100101110010011100110111100111101101000110110001
0001010110011010100011111011111000101011001101010001111111111101001000011000010010111001001111011011110011110110100011011000
1000101011001101010001111101111100010101100110101000111111111110100100001100001001011100100110101101111001111011010001101100
1100010101100110101000111110111110001010110011010100011111111111010010000110000100101110010010010110111100111101101000110110
1110001010110011010100011111011111000101011001101010001111111111101001000011000010010111001000001011011110011110110100011011
1111000101011001101010001111101111100010101100110101000111111101110100100001100001001011100101000101101111001111011010001101
1111100010101100110101000111110111110001010110011010100011111100111010010000110000100101110011100010110111100111101101000110
0000001110101001100101011100000011111000101011001101010001111110011101001000011000010010111001001110100100001100001001011100
0000000111010100110010101110000101111100010101100110101000111101001110100100001100001001011100100111010010000110000100101110
0000000011101010011001010111000110111110001010110011010100011100100111010010000110000100101110010011101001000011000010010111
0000000001110101001100101011100111011111000101011001101010001110010011101001000011000010010111001001110100100001100001001011
0000000000111010100110010101110111101111100010101100110101000111001001110100100001100001001011100100111010010000110000100101
0000000000011101010011001010111111110111110001010110011010100011100100111010010000110000100101110010011101001000011000010010
1000000000001110101001100101011011111011111000101011001101010001110010011101001000011000010010111001001110100100001100001001
1100000000000111010100110010101001111101111100010101100110101010111001001110100100001100001001011100100111010010000110000100
1110000000000011101010011001010000111110111110001010110011010101011100100111010010000110000100101110010011101001000011000010
0111000000000001110101001100101100011111011111000101011001101000101110010011101001000011000010010111001001110100100001100001
1011100000000000111010100110010010001111101111100010101100110110010111001001110100100001100001001011100100111010010000110000
0101110000000000011101010011001101000111110111110001010110011001001011100100111010010000110000100101110010011101001000011000
1010111000000000001110101001100010100011111011111000101011001100100101110010011101001000011000010010111001001110100100001100
0101011100000000000111010100110101010001111101111100010101100100010010111001001110100100001100001001011100100111010010000110
0010101110000000000011101010011110101000111110111110001010110000001001011100100111010010000110000100101110010011101001000011
1001010111000000000001110101001011010100011111011111000101011010000100101110010011101001000011000010010111001001110100100001
1100101011100000000000111010100001101010001111101111100010101111000010010111001001110100100001100001001011100100111010010000
0110010101110000000000011101010100110101000111110111110001010101100001001011100100111010010000110000100101110010011101001000
0011001010111000000000001110101110011010100011111011111000101000110000100101110010011101001000011000010010111001001110100100
1001100101011100000000000111010011001101010001111101111100010100011000010010111001001110100100001100001001011100100111010010
0100110010101110000000000011101101100110101000111110111110001000001100001001011100100111010010000110000100101110010011101001
1010011001010111000000000001110010110011010100011111011111000110000110000100101110010011101001000011000010010111001001110100
0101001100101011100000000000111101011001101010001111101111100001000011000010010111001001110100100001100001001011100100111010
1010100110010101110000000000011010101100110101000111110111110000100001100001001011100100111010010000110000100101110010011101
1101010011001010111000000000001001010110011010100011111011111010010000110000100101110010011101001000011000010010111001001110
1110101001100101011100000000000000101011001101010001111101111101001000011000010010111001001110100100001100001001011100100111
0111010100110010101110000000000100010101100110101000111110111110100100001100001001011100100111010010000110000100101110010011
0011101010011001010111000000000110001010110011010100011111011111010010000110000100101110010011101001000011000010010111001001
0001110101001100101011100000000111000101011001101010001111101111101001000011000010010111001001110100100001100001001011100100
0000111010100110010101110000000111100010101100110101000111110101110100100001100001001011100100111010010000110000100101110010
0000011101010011001010111000000111110001010110011010100011111000111010010000110000100101110010011101001000011000010010111001
