00000000000000000
11201233210211000
22302311320322000
33103122130133000
01120123321021100
10321310131230100
23222232001303100
32023001211112100
02230231132032200
13031002322223200
20132120212310200
31333313002101200
03310312213013300
12111121003202300
21012003133331300
30213230323120300
00112012332102110
11313221122313110
22210303012220110
33011130202031110
01032131013123010
10233302203332010
23330220333201010
32131013123010010
02322223200130310
13123010010321310
20020132120212310
31221301330003310
03202300121111210
12003133331300210
21100011201233210
30301222011022210
00223023113203220
11022210303012220
22121332233121220
33320101023330220
01303100232222320
10102333022033320
23001211112100320
32200022302311320
02013212021231020
13212021231020020
20311103301113020
31110330111302020
03133331300210120
12332102110001120
21231020020132120
30030213230323120
00331031221301330
11130202031110330
22033320101023330
33232113311232330
01211112100320230
10010321310131230
23113203220002230
32312030030213230
02101200313333130
13300033103122130
20203111033011130
31002322223200130
03021323032312030
12220110222103030
21323032312030030
30122201102221030
00011201233210211
11210032023001211
22313110113132211
33112323303323211
01131322112231311
10330111302020311
23233033232113311
32032200022302311
02221030301222011
13020203111033011
20123321021100011
31322112231311011
03301113020203111
12100320230012111
21003202300121111
30202031110330111
00103213101312301
11302020311103301
22201102221030301
33000331031221301
01023330220333201
10222103030122201
23321021100011201
32120212310200201
02333022033320101
13132211223131101
20031333313002101
31230100103213101
03213101312301001
12012332102110001
21111210032023001
30310023222232001
00232222320013031
11033011130202031
22130133000331031
33331300210120031
01312301001032131
10113132211223131
23010010321310131
32211223131101131
02002013212021231
13203220002230231
20300302132303231
31101131322112231
03122130133000331
12323303323211331
21220221213322331
30021012003133331
00320230012111121
11121003202300121
22022121332233121
33223312122022121
01200313333130021
10001120123321021
23102002013212021
32303231203003021
02110001120123321
13311232330332321
20212310200201321
31013123010010321
03030122201102221
12231311011313221
21332233121220221
30133000331031221
00022302311320322
11223131101131322
22320013031002322
33121220221213322
01102221030301222
10303012220110222
23200130310023222
32001303100232222
02212133223312122
13013300033103122
20110222103030122
31311011313221122
03332010102333022
12133223312122022
21030301222011022
30231132032200022
00130310023222232
11331123233033232
22232001303100232
33033232113311232
01010233302203332
10211000112012332
23312122022121332
32113311232330332
02300121111210032
13101312301001032
20002230231132032
31203003021323032
03220002230231132
12021231020020132
21122313110113132
30323120300302132
00201321202123102
11000112012332102
22103030122201102
33302203332010102
01321202123102002
10120031333313002
23023113203220002
32222320013031002
02031110330111302
13230323120300302
20333201010233302
31132032200022302
03111033011130202
12310200201321202
21213322331212202
30012111121003202
00313333130021012
11112100320230012
22011022210303012
33210211000112012
01233210211000112
10032023001211112
23131101131322112
32330332321133112
02123102002013212
13322331212202212
20221213322331212
31020020132120212
03003021323032312
12202212133223312
21301330003310312
30100103213101312
00033103122130133
11232330332321133
22331212202212133
33130021012003133
01113020203111033
10312213013300033
23211331123233033
32010102333022033
02203332010102333
13002101200313333
20101023330220333
31300210120031333
03323211331123233
12122022121332233
21021100011201233
30220333201010233
00121111210032023
11320322000223023
22223200130310023
33022033320101023
01001032131013123
10200201321202123
23303323211331123
32102110001120123
02311320322000223
13110113132211223
20013031002322223
31212202212133223
03231203003021323
12030030213230323
21133112323303323
30332321133112323
00210120031333313
11011313221122313
22112231311011313
33313002101200313
01330003310312213
10131230100103213
23032312030030213
32233121220221213
02020311103301113
13221122313110113
20322000223023113
31123233033232113
03100232222320013
12301001032131013
21202123102002013
30003310312213013
00302132303231203
11103301113020203
22000223023113203
33201010233302203
01222011022210303
10023222232001303
23120300302132303
32321133112323303
02132303231203003
13333130021012003
20230012111121003
31031221301330003
03012220110222103
12213013300033103
21310131230100103
30111302020311103
