011111111111111111111111111111111111111111111111111111111111011111111111111111111111111111111111111111111111111111111111
001011101010010011101111001111100000110000100011011010100010001011101010010011101111001111100000110000100011011010100010
000101110101001001110111100111110000011000010001101101010001000101110101001001110111100111110000011000010001101101010001
010010111010100100111011110011111000001100001000110110101000010010111010100100111011110011111000001100001000110110101000
001001011101010010011101111001111100000110000100011011010100001001011101010010011101111001111100000110000100011011010100
000100101110101001001110111100111110000011000010001101101010000100101110101001001110111100111110000011000010001101101010
000010010111010100100111011110011111000001100001000110110101000010010111010100100111011110011111000001100001000110110101
010001001011101010010011101111001111100000110000100011011010010001001011101010010011101111001111100000110000100011011010
001000100101110101001001110111100111110000011000010001101101001000100101110101001001110111100111110000011000010001101101
010100010010111010100100111011110011111000001100001000110110010100010010111010100100111011110011111000001100001000110110
001010001001011101010010011101111001111100000110000100011011001010001001011101010010011101111001111100000110000100011011
010101000100101110101001001110111100111110000011000010001101010101000100101110101001001110111100111110000011000010001101
011010100010010111010100100111011110011111000001100001000110011010100010010111010100100111011110011111000001100001000110
001101010001001011101010010011101111001111100000110000100011001101010001001011101010010011101111001111100000110000100011
010110101000100101110101001001110111100111110000011000010001010110101000100101110101001001110111100111110000011000010001
011011010100010010111010100100111011110011111000001100001000011011010100010010111010100100111011110011111000001100001000
001101101010001001011101010010011101111001111100000110000100001101101010001001011101010010011101111001111100000110000100
000110110101000100101110101001001110111100111110000011000010000110110101000100101110101001001110111100111110000011000010
000011011010100010010111010100100111011110011111000001100001000011011010100010010111010100100111011110011111000001100001
010001101101010001001011101010010011101111001111100000110000010001101101010001001011101010010011101111001111100000110000
001000110110101000100101110101001001110111100111110000011000001000110110101000100101110101001001110111100111110000011000
000100011011010100010010111010100100111011110011111000001100000100011011010100010010111010100100111011110011111000001100
000010001101101010001001011101010010011101111001111100000110000010001101101010001001011101010010011101111001111100000110
000001000110110101000100101110101001001110111100111110000011000001000110110101000100101110101001001110111100111110000011
010000100011011010100010010111010100100111011110011111000001010000100011011010100010010111010100100111011110011111000001
011000010001101101010001001011101010010011101111001111100000011000010001101101010001001011101010010011101111001111100000
001100001000110110101000100101110101001001110111100111110000001100001000110110101000100101110101001001110111100111110000
000110000100011011010100010010111010100100111011110011111000000110000100011011010100010010111010100100111011110011111000
000011000010001101101010001001011101010010011101111001111100000011000010001101101010001001011101010010011101111001111100
000001100001000110110101000100101110101001001110111100111110000001100001000110110101000100101110101001001110111100111110
000000110000100011011010100010010111010100100111011110011111000000110000100011011010100010010111010100100111011110011111
010000011000010001101101010001001011101010010011101111001111010000011000010001101101010001001011101010010011101111001111
011000001100001000110110101000100101110101001001110111100111011000001100001000110110101000100101110101001001110111100111
011100000110000100011011010100010010111010100100111011110011011100000110000100011011010100010010111010100100111011110011
011110000011000010001101101010001001011101010010011101111001011110000011000010001101101010001001011101010010011101111001
011111000001100001000110110101000100101110101001001110111100011111000001100001000110110101000100101110101001001110111100
001111100000110000100011011010100010010111010100100111011110001111100000110000100011011010100010010111010100100111011110
000111110000011000010001101101010001001011101010010011101111000111110000011000010001101101010001001011101010010011101111
010011111000001100001000110110101000100101110101001001110111010011111000001100001000110110101000100101110101001001110111
011001111100000110000100011011010100010010111010100100111011011001111100000110000100011011010100010010111010100100111011
011100111110000011000010001101101010001001011101010010011101011100111110000011000010001101101010001001011101010010011101
011110011111000001100001000110110101000100101110101001001110011110011111000001100001000110110101000100101110101001001110
001111001111100000110000100011011010100010010111010100100111001111001111100000110000100011011010100010010111010100100111
010111100111110000011000010001101101010001001011101010010011010111100111110000011000010001101101010001001011101010010011
011011110011111000001100001000110110101000100101110101001001011011110011111000001100001000110110101000100101110101001001
011101111001111100000110000100011011010100010010111010100100011101111001111100000110000100011011010100010010111010100100
001110111100111110000011000010001101101010001001011101010010001110111100111110000011000010001101101010001001011101010010
000111011110011111000001100001000110110101000100101110101001000111011110011111000001100001000110110101000100101110101001
010011101111001111100000110000100011011010100010010111010100010011101111001111100000110000100011011010100010010111010100
001001110111100111110000011000010001101101010001001011101010001001110111100111110000011000010001101101010001001011101010
000100111011110011111000001100001000110110101000100101110101000100111011110011111000001100001000110110101000100101110101
010010011101111001111100000110000100011011010100010010111010010010011101111001111100000110000100011011010100010010111010
001001001110111100111110000011000010001101101010001001011101001001001110111100111110000011000010001101101010001001011101
010100100111011110011111000001100001000110110101000100101110010100100111011110011111000001100001000110110101000100101110
001010010011101111001111100000110000100011011010100010010111001010010011101111001111100000110000100011011010100010010111
010101001001110111100111110000011000010001101101010001001011010101001001110111100111110000011000010001101101010001001011
011010100100111011110011111000001100001000110110101000100101011010100100111011110011111000001100001000110110101000100101
011101010010011101111001111100000110000100011011010100010010011101010010011101111001111100000110000100011011010100010010
001110101001001110111100111110000011000010001101101010001001001110101001001110111100111110000011000010001101101010001001
010111010100100111011110011111000001100001000110110101000100010111010100100111011110011111000001100001000110110101000100
011111111111111111111111111111111111111111111111111111111111100000000000000000000000000000000000000000000000000000000000
001011101010010011101111001111100000110000100011011010100010110100010101101100010000110000011111001111011100100101011101
000101110101001001110111100111110000011000010001101101010001111010001010110110001000011000001111100111101110010010101110
010010111010100100111011110011111000001100001000110110101000101101000101011011000100001100000111110011110111001001010111
001001011101010010011101111001111100000110000100011011010100110110100010101101100010000110000011111001111011100100101011
000100101110101001001110111100111110000011000010001101101010111011010001010110110001000011000001111100111101110010010101
000010010111010100100111011110011111000001100001000110110101111101101000101011011000100001100000111110011110111001001010
010001001011101010010011101111001111100000110000100011011010101110110100010101101100010000110000011111001111011100100101
001000100101110101001001110111100111110000011000010001101101110111011010001010110110001000011000001111100111101110010010
010100010010111010100100111011110011111000001100001000110110101011101101000101011011000100001100000111110011110111001001
001010001001011101010010011101111001111100000110000100011011110101110110100010101101100010000110000011111001111011100100
010101000100101110101001001110111100111110000011000010001101101010111011010001010110110001000011000001111100111101110010
011010100010010111010100100111011110011111000001100001000110100101011101101000101011011000100001100000111110011110111001
001101010001001011101010010011101111001111100000110000100011110010101110110100010101101100010000110000011111001111011100
010110101000100101110101001001110111100111110000011000010001101001010111011010001010110110001000011000001111100111101110
011011010100010010111010100100111011110011111000001100001000100100101011101101000101011011000100001100000111110011110111
001101101010001001011101010010011101111001111100000110000100110010010101110110100010101101100010000110000011111001111011
000110110101000100101110101001001110111100111110000011000010111001001010111011010001010110110001000011000001111100111101
000011011010100010010111010100100111011110011111000001100001111100100101011101101000101011011000100001100000111110011110
010001101101010001001011101010010011101111001111100000110000101110010010101110110100010101101100010000110000011111001111
001000110110101000100101110101001001110111100111110000011000110111001001010111011010001010110110001000011000001111100111
000100011011010100010010111010100100111011110011111000001100111011100100101011101101000101011011000100001100000111110011
000010001101101010001001011101010010011101111001111100000110111101110010010101110110100010101101100010000110000011111001
000001000110110101000100101110101001001110111100111110000011111110111001001010111011010001010110110001000011000001111100
010000100011011010100010010111010100100111011110011111000001101111011100100101011101101000101011011000100001100000111110
011000010001101101010001001011101010010011101111001111100000100111101110010010101110110100010101101100010000110000011111
001100001000110110101000100101110101001001110111100111110000110011110111001001010111011010001010110110001000011000001111
000110000100011011010100010010111010100100111011110011111000111001111011100100101011101101000101011011000100001100000111
000011000010001101101010001001011101010010011101111001111100111100111101110010010101110110100010101101100010000110000011
000001100001000110110101000100101110101001001110111100111110111110011110111001001010111011010001010110110001000011000001
000000110000100011011010100010010111010100100111011110011111111111001111011100100101011101101000101011011000100001100000
010000011000010001101101010001001011101010010011101111001111101111100111101110010010101110110100010101101100010000110000
011000001100001000110110101000100101110101001001110111100111100111110011110111001001010111011010001010110110001000011000
011100000110000100011011010100010010111010100100111011110011100011111001111011100100101011101101000101011011000100001100
011110000011000010001101101010001001011101010010011101111001100001111100111101110010010101110110100010101101100010000110
011111000001100001000110110101000100101110101001001110111100100000111110011110111001001010111011010001010110110001000011
001111100000110000100011011010100010010111010100100111011110110000011111001111011100100101011101101000101011011000100001
000111110000011000010001101101010001001011101010010011101111111000001111100111101110010010101110110100010101101100010000
010011111000001100001000110110101000100101110101001001110111101100000111110011110111001001010111011010001010110110001000
011001111100000110000100011011010100010010111010100100111011100110000011111001111011100100101011101101000101011011000100
011100111110000011000010001101101010001001011101010010011101100011000001111100111101110010010101110110100010101101100010
011110011111000001100001000110110101000100101110101001001110100001100000111110011110111001001010111011010001010110110001
001111001111100000110000100011011010100010010111010100100111110000110000011111001111011100100101011101101000101011011000
010111100111110000011000010001101101010001001011101010010011101000011000001111100111101110010010101110110100010101101100
011011110011111000001100001000110110101000100101110101001001100100001100000111110011110111001001010111011010001010110110
011101111001111100000110000100011011010100010010111010100100100010000110000011111001111011100100101011101101000101011011
001110111100111110000011000010001101101010001001011101010010110001000011000001111100111101110010010101110110100010101101
000111011110011111000001100001000110110101000100101110101001111000100001100000111110011110111001001010111011010001010110
010011101111001111100000110000100011011010100010010111010100101100010000110000011111001111011100100101011101101000101011
001001110111100111110000011000010001101101010001001011101010110110001000011000001111100111101110010010101110110100010101
000100111011110011111000001100001000110110101000100101110101111011000100001100000111110011110111001001010111011010001010
010010011101111001111100000110000100011011010100010010111010101101100010000110000011111001111011100100101011101101000101
001001001110111100111110000011000010001101101010001001011101110110110001000011000001111100111101110010010101110110100010
010100100111011110011111000001100001000110110101000100101110101011011000100001100000111110011110111001001010111011010001
001010010011101111001111100000110000100011011010100010010111110101101100010000110000011111001111011100100101011101101000
010101001001110111100111110000011000010001101101010001001011101010110110001000011000001111100111101110010010101110110100
011010100100111011110011111000001100001000110110101000100101100101011011000100001100000111110011110111001001010111011010
011101010010011101111001111100000110000100011011010100010010100010101101100010000110000011111001111011100100101011101101
001110101001001110111100111110000011000010001101101010001001110001010110110001000011000001111100111101110010010101110110
010111010100100111011110011111000001100001000110110101000100101000101011011000100001100000111110011110111001001010111011
100000000000000000000000000000000000000000000000000000000000100000000000000000000000000000000000000000000000000000000000
110100010101101100010000110000011111001111011100100101011101110100010101101100010000110000011111001111011100100101011101
111010001010110110001000011000001111100111101110010010101110111010001010110110001000011000001111100111101110010010101110
101101000101011011000100001100000111110011110111001001010111101101000101011011000100001100000111110011110111001001010111
110110100010101101100010000110000011111001111011100100101011110110100010101101100010000110000011111001111011100100101011
111011010001010110110001000011000001111100111101110010010101111011010001010110110001000011000001111100111101110010010101
111101101000101011011000100001100000111110011110111001001010111101101000101011011000100001100000111110011110111001001010
101110110100010101101100010000110000011111001111011100100101101110110100010101101100010000110000011111001111011100100101
110111011010001010110110001000011000001111100111101110010010110111011010001010110110001000011000001111100111101110010010
101011101101000101011011000100001100000111110011110111001001101011101101000101011011000100001100000111110011110111001001
110101110110100010101101100010000110000011111001111011100100110101110110100010101101100010000110000011111001111011100100
101010111011010001010110110001000011000001111100111101110010101010111011010001010110110001000011000001111100111101110010
100101011101101000101011011000100001100000111110011110111001100101011101101000101011011000100001100000111110011110111001
110010101110110100010101101100010000110000011111001111011100110010101110110100010101101100010000110000011111001111011100
101001010111011010001010110110001000011000001111100111101110101001010111011010001010110110001000011000001111100111101110
100100101011101101000101011011000100001100000111110011110111100100101011101101000101011011000100001100000111110011110111
110010010101110110100010101101100010000110000011111001111011110010010101110110100010101101100010000110000011111001111011
111001001010111011010001010110110001000011000001111100111101111001001010111011010001010110110001000011000001111100111101
111100100101011101101000101011011000100001100000111110011110111100100101011101101000101011011000100001100000111110011110
101110010010101110110100010101101100010000110000011111001111101110010010101110110100010101101100010000110000011111001111
110111001001010111011010001010110110001000011000001111100111110111001001010111011010001010110110001000011000001111100111
111011100100101011101101000101011011000100001100000111110011111011100100101011101101000101011011000100001100000111110011
111101110010010101110110100010101101100010000110000011111001111101110010010101110110100010101101100010000110000011111001
111110111001001010111011010001010110110001000011000001111100111110111001001010111011010001010110110001000011000001111100
101111011100100101011101101000101011011000100001100000111110101111011100100101011101101000101011011000100001100000111110
100111101110010010101110110100010101101100010000110000011111100111101110010010101110110100010101101100010000110000011111
110011110111001001010111011010001010110110001000011000001111110011110111001001010111011010001010110110001000011000001111
111001111011100100101011101101000101011011000100001100000111111001111011100100101011101101000101011011000100001100000111
111100111101110010010101110110100010101101100010000110000011111100111101110010010101110110100010101101100010000110000011
111110011110111001001010111011010001010110110001000011000001111110011110111001001010111011010001010110110001000011000001
111111001111011100100101011101101000101011011000100001100000111111001111011100100101011101101000101011011000100001100000
101111100111101110010010101110110100010101101100010000110000101111100111101110010010101110110100010101101100010000110000
100111110011110111001001010111011010001010110110001000011000100111110011110111001001010111011010001010110110001000011000
100011111001111011100100101011101101000101011011000100001100100011111001111011100100101011101101000101011011000100001100
100001111100111101110010010101110110100010101101100010000110100001111100111101110010010101110110100010101101100010000110
100000111110011110111001001010111011010001010110110001000011100000111110011110111001001010111011010001010110110001000011
110000011111001111011100100101011101101000101011011000100001110000011111001111011100100101011101101000101011011000100001
111000001111100111101110010010101110110100010101101100010000111000001111100111101110010010101110110100010101101100010000
101100000111110011110111001001010111011010001010110110001000101100000111110011110111001001010111011010001010110110001000
100110000011111001111011100100101011101101000101011011000100100110000011111001111011100100101011101101000101011011000100
100011000001111100111101110010010101110110100010101101100010100011000001111100111101110010010101110110100010101101100010
100001100000111110011110111001001010111011010001010110110001100001100000111110011110111001001010111011010001010110110001
110000110000011111001111011100100101011101101000101011011000110000110000011111001111011100100101011101101000101011011000
101000011000001111100111101110010010101110110100010101101100101000011000001111100111101110010010101110110100010101101100
100100001100000111110011110111001001010111011010001010110110100100001100000111110011110111001001010111011010001010110110
100010000110000011111001111011100100101011101101000101011011100010000110000011111001111011100100101011101101000101011011
110001000011000001111100111101110010010101110110100010101101110001000011000001111100111101110010010101110110100010101101
111000100001100000111110011110111001001010111011010001010110111000100001100000111110011110111001001010111011010001010110
101100010000110000011111001111011100100101011101101000101011101100010000110000011111001111011100100101011101101000101011
110110001000011000001111100111101110010010101110110100010101110110001000011000001111100111101110010010101110110100010101
111011000100001100000111110011110111001001010111011010001010111011000100001100000111110011110111001001010111011010001010
101101100010000110000011111001111011100100101011101101000101101101100010000110000011111001111011100100101011101101000101
110110110001000011000001111100111101110010010101110110100010110110110001000011000001111100111101110010010101110110100010
101011011000100001100000111110011110111001001010111011010001101011011000100001100000111110011110111001001010111011010001
110101101100010000110000011111001111011100100101011101101000110101101100010000110000011111001111011100100101011101101000
101010110110001000011000001111100111101110010010101110110100101010110110001000011000001111100111101110010010101110110100
100101011011000100001100000111110011110111001001010111011010100101011011000100001100000111110011110111001001010111011010
100010101101100010000110000011111001111011100100101011101101100010101101100010000110000011111001111011100100101011101101
110001010110110001000011000001111100111101110010010101110110110001010110110001000011000001111100111101110010010101110110
101000101011011000100001100000111110011110111001001010111011101000101011011000100001100000111110011110111001001010111011
100000000000000000000000000000000000000000000000000000000000011111111111111111111111111111111111111111111111111111111111
110100010101101100010000110000011111001111011100100101011101001011101010010011101111001111100000110000100011011010100010
111010001010110110001000011000001111100111101110010010101110000101110101001001110111100111110000011000010001101101010001
101101000101011011000100001100000111110011110111001001010111010010111010100100111011110011111000001100001000110110101000
110110100010101101100010000110000011111001111011100100101011001001011101010010011101111001111100000110000100011011010100
111011010001010110110001000011000001111100111101110010010101000100101110101001001110111100111110000011000010001101101010
111101101000101011011000100001100000111110011110111001001010000010010111010100100111011110011111000001100001000110110101
101110110100010101101100010000110000011111001111011100100101010001001011101010010011101111001111100000110000100011011010
110111011010001010110110001000011000001111100111101110010010001000100101110101001001110111100111110000011000010001101101
101011101101000101011011000100001100000111110011110111001001010100010010111010100100111011110011111000001100001000110110
110101110110100010101101100010000110000011111001111011100100001010001001011101010010011101111001111100000110000100011011
101010111011010001010110110001000011000001111100111101110010010101000100101110101001001110111100111110000011000010001101
100101011101101000101011011000100001100000111110011110111001011010100010010111010100100111011110011111000001100001000110
110010101110110100010101101100010000110000011111001111011100001101010001001011101010010011101111001111100000110000100011
101001010111011010001010110110001000011000001111100111101110010110101000100101110101001001110111100111110000011000010001
100100101011101101000101011011000100001100000111110011110111011011010100010010111010100100111011110011111000001100001000
110010010101110110100010101101100010000110000011111001111011001101101010001001011101010010011101111001111100000110000100
111001001010111011010001010110110001000011000001111100111101000110110101000100101110101001001110111100111110000011000010
111100100101011101101000101011011000100001100000111110011110000011011010100010010111010100100111011110011111000001100001
101110010010101110110100010101101100010000110000011111001111010001101101010001001011101010010011101111001111100000110000
110111001001010111011010001010110110001000011000001111100111001000110110101000100101110101001001110111100111110000011000
111011100100101011101101000101011011000100001100000111110011000100011011010100010010111010100100111011110011111000001100
111101110010010101110110100010101101100010000110000011111001000010001101101010001001011101010010011101111001111100000110
111110111001001010111011010001010110110001000011000001111100000001000110110101000100101110101001001110111100111110000011
101111011100100101011101101000101011011000100001100000111110010000100011011010100010010111010100100111011110011111000001
100111101110010010101110110100010101101100010000110000011111011000010001101101010001001011101010010011101111001111100000
110011110111001001010111011010001010110110001000011000001111001100001000110110101000100101110101001001110111100111110000
111001111011100100101011101101000101011011000100001100000111000110000100011011010100010010111010100100111011110011111000
111100111101110010010101110110100010101101100010000110000011000011000010001101101010001001011101010010011101111001111100
111110011110111001001010111011010001010110110001000011000001000001100001000110110101000100101110101001001110111100111110
111111001111011100100101011101101000101011011000100001100000000000110000100011011010100010010111010100100111011110011111
101111100111101110010010101110110100010101101100010000110000010000011000010001101101010001001011101010010011101111001111
100111110011110111001001010111011010001010110110001000011000011000001100001000110110101000100101110101001001110111100111
100011111001111011100100101011101101000101011011000100001100011100000110000100011011010100010010111010100100111011110011
100001111100111101110010010101110110100010101101100010000110011110000011000010001101101010001001011101010010011101111001
100000111110011110111001001010111011010001010110110001000011011111000001100001000110110101000100101110101001001110111100
110000011111001111011100100101011101101000101011011000100001001111100000110000100011011010100010010111010100100111011110
111000001111100111101110010010101110110100010101101100010000000111110000011000010001101101010001001011101010010011101111
101100000111110011110111001001010111011010001010110110001000010011111000001100001000110110101000100101110101001001110111
100110000011111001111011100100101011101101000101011011000100011001111100000110000100011011010100010010111010100100111011
100011000001111100111101110010010101110110100010101101100010011100111110000011000010001101101010001001011101010010011101
100001100000111110011110111001001010111011010001010110110001011110011111000001100001000110110101000100101110101001001110
110000110000011111001111011100100101011101101000101011011000001111001111100000110000100011011010100010010111010100100111
101000011000001111100111101110010010101110110100010101101100010111100111110000011000010001101101010001001011101010010011
100100001100000111110011110111001001010111011010001010110110011011110011111000001100001000110110101000100101110101001001
100010000110000011111001111011100100101011101101000101011011011101111001111100000110000100011011010100010010111010100100
110001000011000001111100111101110010010101110110100010101101001110111100111110000011000010001101101010001001011101010010
111000100001100000111110011110111001001010111011010001010110000111011110011111000001100001000110110101000100101110101001
101100010000110000011111001111011100100101011101101000101011010011101111001111100000110000100011011010100010010111010100
110110001000011000001111100111101110010010101110110100010101001001110111100111110000011000010001101101010001001011101010
111011000100001100000111110011110111001001010111011010001010000100111011110011111000001100001000110110101000100101110101
101101100010000110000011111001111011100100101011101101000101010010011101111001111100000110000100011011010100010010111010
110110110001000011000001111100111101110010010101110110100010001001001110111100111110000011000010001101101010001001011101
101011011000100001100000111110011110111001001010111011010001010100100111011110011111000001100001000110110101000100101110
110101101100010000110000011111001111011100100101011101101000001010010011101111001111100000110000100011011010100010010111
101010110110001000011000001111100111101110010010101110110100010101001001110111100111110000011000010001101101010001001011
100101011011000100001100000111110011110111001001010111011010011010100100111011110011111000001100001000110110101000100101
100010101101100010000110000011111001111011100100101011101101011101010010011101111001111100000110000100011011010100010010
110001010110110001000011000001111100111101110010010101110110001110101001001110111100111110000011000010001101101010001001
101000101011011000100001100000111110011110111001001010111011010111010100100111011110011111000001100001000110110101000100
