0000000000000000000000000000000000000000000000000000000000000010000000000000000000000000000000000000000000000000000000000000
0001000111011000001100101101011111101011010011000001101110001001010001110110000011001011010111111010110100110000011011100010
0000100011101100000110010110101111110101101001100000110111000100101000111011000001100101101011111101011010011000001101110001
0100010001110110000011001011010111111010110100110000011011100001010100011101100000110010110101111110101101001100000110111000
0010001000111011000001100101101011111101011010011000001101110000101010001110110000011001011010111111010110100110000011011100
0001000100011101100000110010110101111110101101001100000110111000010101000111011000001100101101011111101011010011000001101110
0000100010001110110000011001011010111111010110100110000011011100001010100011101100000110010110101111110101101001100000110111
0100010001000111011000001100101101011111101011010011000001101101000101010001110110000011001011010111111010110100110000011011
0110001000100011101100000110010110101111110101101001100000110101100010101000111011000001100101101011111101011010011000001101
0111000100010001110110000011001011010111111010110100110000011001110001010100011101100000110010110101111110101101001100000110
0011100010001000111011000001100101101011111101011010011000001100111000101010001110110000011001011010111111010110100110000011
0101110001000100011101100000110010110101111110101101001100000101011100010101000111011000001100101101011111101011010011000001
0110111000100010001110110000011001011010111111010110100110000001101110001010100011101100000110010110101111110101101001100000
0011011100010001000111011000001100101101011111101011010011000000110111000101010001110110000011001011010111111010110100110000
0001101110001000100011101100000110010110101111110101101001100000011011100010101000111011000001100101101011111101011010011000
0000110111000100010001110110000011001011010111111010110100110000001101110001010100011101100000110010110101111110101101001100
0000011011100010001000111011000001100101101011111101011010011000000110111000101010001110110000011001011010111111010110100110
0000001101110001000100011101100000110010110101111110101101001100000011011100010101000111011000001100101101011111101011010011
0100000110111000100010001110110000011001011010111111010110100101000001101110001010100011101100000110010110101111110101101001
0110000011011100010001000111011000001100101101011111101011010001100000110111000101010001110110000011001011010111111010110100
0011000001101110001000100011101100000110010110101111110101101000110000011011100010101000111011000001100101101011111101011010
0001100000110111000100010001110110000011001011010111111010110100011000001101110001010100011101100000110010110101111110101101
0100110000011011100010001000111011000001100101101011111101011001001100000110111000101010001110110000011001011010111111010110
0010011000001101110001000100011101100000110010110101111110101100100110000011011100010101000111011000001100101101011111101011
0101001100000110111000100010001110110000011001011010111111010101010011000001101110001010100011101100000110010110101111110101
0110100110000011011100010001000111011000001100101101011111101001101001100000110111000101010001110110000011001011010111111010
0011010011000001101110001000100011101100000110010110101111110100110100110000011011100010101000111011000001100101101011111101
0101101001100000110111000100010001110110000011001011010111111001011010011000001101110001010100011101100000110010110101111110
0010110100110000011011100010001000111011000001100101101011111100101101001100000110111000101010001110110000011001011010111111
0101011010011000001101110001000100011101100000110010110101111101010110100110000011011100010101000111011000001100101101011111
0110101101001100000110111000100010001110110000011001011010111101101011010011000001101110001010100011101100000110010110101111
0111010110100110000011011100010001000111011000001100101101011101110101101001100000110111000101010001110110000011001011010111
0111101011010011000001101110001000100011101100000110010110101101111010110100110000011011100010101000111011000001100101101011
0111110101101001100000110111000100010001110110000011001011010101111101011010011000001101110001010100011101100000110010110101
0111111010110100110000011011100010001000111011000001100101101001111110101101001100000110111000101010001110110000011001011010
0011111101011010011000001101110001000100011101100000110010110100111111010110100110000011011100010101000111011000001100101101
0101111110101101001100000110111000100010001110110000011001011001011111101011010011000001101110001010100011101100000110010110
0010111111010110100110000011011100010001000111011000001100101100101111110101101001100000110111000101010001110110000011001011
0101011111101011010011000001101110001000100011101100000110010101010111111010110100110000011011100010101000111011000001100101
0110101111110101101001100000110111000100010001110110000011001001101011111101011010011000001101110001010100011101100000110010
0011010111111010110100110000011011100010001000111011000001100100110101111110101101001100000110111000101010001110110000011001
0101101011111101011010011000001101110001000100011101100000110001011010111111010110100110000011011100010101000111011000001100
0010110101111110101101001100000110111000100010001110110000011000101101011111101011010011000001101110001010100011101100000110
0001011010111111010110100110000011011100010001000111011000001100010110101111110101101001100000110111000101010001110110000011
0100101101011111101011010011000001101110001000100011101100000101001011010111111010110100110000011011100010101000111011000001
0110010110101111110101101001100000110111000100010001110110000001100101101011111101011010011000001101110001010100011101100000
0011001011010111111010110100110000011011100010001000111011000000110010110101111110101101001100000110111000101010001110110000
0001100101101011111101011010011000001101110001000100011101100000011001011010111111010110100110000011011100010101000111011000
0000110010110101111110101101001100000110111000100010001110110000001100101101011111101011010011000001101110001010100011101100
0000011001011010111111010110100110000011011100010001000111011000000110010110101111110101101001100000110111000101010001110110
0000001100101101011111101011010011000001101110001000100011101100000011001011010111111010110100110000011011100010101000111011
0100000110010110101111110101101001100000110111000100010001110101000001100101101011111101011010011000001101110001010100011101
0110000011001011010111111010110100110000011011100010001000111001100000110010110101111110101101001100000110111000101010001110
0011000001100101101011111101011010011000001101110001000100011100110000011001011010111111010110100110000011011100010101000111
0101100000110010110101111110101101001100000110111000100010001101011000001100101101011111101011010011000001101110001010100011
0110110000011001011010111111010110100110000011011100010001000101101100000110010110101111110101101001100000110111000101010001
0111011000001100101101011111101011010011000001101110001000100001110110000011001011010111111010110100110000011011100010101000
0011101100000110010110101111110101101001100000110111000100010000111011000001100101101011111101011010011000001101110001010100
0001110110000011001011010111111010110100110000011011100010001000011101100000110010110101111110101101001100000110111000101010
0000111011000001100101101011111101011010011000001101110001000100001110110000011001011010111111010110100110000011011100010101
0100011101100000110010110101111110101101001100000110111000100001000111011000001100101101011111101011010011000001101110001010
0010001110110000011001011010111111010110100110000011011100010000100011101100000110010110101111110101101001100000110111000101
1000000000000000000000000000000000000000000000000000000000000011111111111111111111111111111111111111111111111111111111111111
0101000111011000001100101101011111101011010011000001101110001011101110001001111100110100101000000101001011001111100100011101
0010100011101100000110010110101111110101101001100000110111000111110111000100111110011010010100000010100101100111110010001110
0101010001110110000011001011010111111010110100110000011011100010111011100010011111001101001010000001010010110011111001000111
0010101000111011000001100101101011111101011010011000001101110011011101110001001111100110100101000000101001011001111100100011
0001010100011101100000110010110101111110101101001100000110111011101110111000100111110011010010100000010100101100111110010001
0000101010001110110000011001011010111111010110100110000011011111110111011100010011111001101001010000001010010110011111001000
0100010101000111011000001100101101011111101011010011000001101110111011101110001001111100110100101000000101001011001111100100
0110001010100011101100000110010110101111110101101001100000110110011101110111000100111110011010010100000010100101100111110010
0111000101010001110110000011001011010111111010110100110000011010001110111011100010011111001101001010000001010010110011111001
0011100010101000111011000001100101101011111101011010011000001111000111011101110001001111100110100101000000101001011001111100
0101110001010100011101100000110010110101111110101101001100000110100011101110111000100111110011010010100000010100101100111110
0110111000101010001110110000011001011010111111010110100110000010010001110111011100010011111001101001010000001010010110011111
0011011100010101000111011000001100101101011111101011010011000011001000111011101110001001111100110100101000000101001011001111
0001101110001010100011101100000110010110101111110101101001100011100100011101110111000100111110011010010100000010100101100111
0000110111000101010001110110000011001011010111111010110100110011110010001110111011100010011111001101001010000001010010110011
0000011011100010101000111011000001100101101011111101011010011011111001000111011101110001001111100110100101000000101001011001
0000001101110001010100011101100000110010110101111110101101001111111100100011101110111000100111110011010010100000010100101100
0100000110111000101010001110110000011001011010111111010110100110111110010001110111011100010011111001101001010000001010010110
0110000011011100010101000111011000001100101101011111101011010010011111001000111011101110001001111100110100101000000101001011
0011000001101110001010100011101100000110010110101111110101101011001111100100011101110111000100111110011010010100000010100101
0001100000110111000101010001110110000011001011010111111010110111100111110010001110111011100010011111001101001010000001010010
0100110000011011100010101000111011000001100101101011111101011010110011111001000111011101110001001111100110100101000000101001
0010011000001101110001010100011101100000110010110101111110101111011001111100100011101110111000100111110011010010100000010100
0101001100000110111000101010001110110000011001011010111111010110101100111110010001110111011100010011111001101001010000001010
0110100110000011011100010101000111011000001100101101011111101010010110011111001000111011101110001001111100110100101000000101
0011010011000001101110001010100011101100000110010110101111110111001011001111100100011101110111000100111110011010010100000010
0101101001100000110111000101010001110110000011001011010111111010100101100111110010001110111011100010011111001101001010000001
0010110100110000011011100010101000111011000001100101101011111111010010110011111001000111011101110001001111100110100101000000
0101011010011000001101110001010100011101100000110010110101111110101001011001111100100011101110111000100111110011010010100000
0110101101001100000110111000101010001110110000011001011010111110010100101100111110010001110111011100010011111001101001010000
0111010110100110000011011100010101000111011000001100101101011110001010010110011111001000111011101110001001111100110100101000
0111101011010011000001101110001010100011101100000110010110101110000101001011001111100100011101110111000100111110011010010100
0111110101101001100000110111000101010001110110000011001011010110000010100101100111110010001110111011100010011111001101001010
0111111010110100110000011011100010101000111011000001100101101010000001010010110011111001000111011101110001001111100110100101
0011111101011010011000001101110001010100011101100000110010110111000000101001011001111100100011101110111000100111110011010010
0101111110101101001100000110111000101010001110110000011001011010100000010100101100111110010001110111011100010011111001101001
0010111111010110100110000011011100010101000111011000001100101111010000001010010110011111001000111011101110001001111100110100
0101011111101011010011000001101110001010100011101100000110010110101000000101001011001111100100011101110111000100111110011010
0110101111110101101001100000110111000101010001110110000011001010010100000010100101100111110010001110111011100010011111001101
0011010111111010110100110000011011100010101000111011000001100111001010000001010010110011111001000111011101110001001111100110
0101101011111101011010011000001101110001010100011101100000110010100101000000101001011001111100100011101110111000100111110011
0010110101111110101101001100000110111000101010001110110000011011010010100000010100101100111110010001110111011100010011111001
0001011010111111010110100110000011011100010101000111011000001111101001010000001010010110011111001000111011101110001001111100
0100101101011111101011010011000001101110001010100011101100000110110100101000000101001011001111100100011101110111000100111110
0110010110101111110101101001100000110111000101010001110110000010011010010100000010100101100111110010001110111011100010011111
0011001011010111111010110100110000011011100010101000111011000011001101001010000001010010110011111001000111011101110001001111
0001100101101011111101011010011000001101110001010100011101100011100110100101000000101001011001111100100011101110111000100111
0000110010110101111110101101001100000110111000101010001110110011110011010010100000010100101100111110010001110111011100010011
0000011001011010111111010110100110000011011100010101000111011011111001101001010000001010010110011111001000111011101110001001
0000001100101101011111101011010011000001101110001010100011101111111100110100101000000101001011001111100100011101110111000100
0100000110010110101111110101101001100000110111000101010001110110111110011010010100000010100101100111110010001110111011100010
0110000011001011010111111010110100110000011011100010101000111010011111001101001010000001010010110011111001000111011101110001
0011000001100101101011111101011010011000001101110001010100011111001111100110100101000000101001011001111100100011101110111000
0101100000110010110101111110101101001100000110111000101010001110100111110011010010100000010100101100111110010001110111011100
0110110000011001011010111111010110100110000011011100010101000110010011111001101001010000001010010110011111001000111011101110
0111011000001100101101011111101011010011000001101110001010100010001001111100110100101000000101001011001111100100011101110111
0011101100000110010110101111110101101001100000110111000101010011000100111110011010010100000010100101100111110010001110111011
0001110110000011001011010111111010110100110000011011100010101011100010011111001101001010000001010010110011111001000111011101
0000111011000001100101101011111101011010011000001101110001010111110001001111100110100101000000101001011001111100100011101110
0100011101100000110010110101111110101101001100000110111000101010111000100111110011010010100000010100101100111110010001110111
0010001110110000011001011010111111010110100110000011011100010111011100010011111001101001010000001010010110011111001000111011
1111111111111111111111111111111111111111111111111111111111111101111111111111111111111111111111111111111111111111111111111111
1110111000100111110011010010100000010100101100111110010001110110101110001001111100110100101000000101001011001111100100011101
1111011100010011111001101001010000001010010110011111001000111011010111000100111110011010010100000010100101100111110010001110
1011101110001001111100110100101000000101001011001111100100011110101011100010011111001101001010000001010010110011111001000111
1101110111000100111110011010010100000010100101100111110010001111010101110001001111100110100101000000101001011001111100100011
1110111011100010011111001101001010000001010010110011111001000111101010111000100111110011010010100000010100101100111110010001
1111011101110001001111100110100101000000101001011001111100100011110101011100010011111001101001010000001010010110011111001000
1011101110111000100111110011010010100000010100101100111110010010111010101110001001111100110100101000000101001011001111100100
1001110111011100010011111001101001010000001010010110011111001010011101010111000100111110011010010100000010100101100111110010
1000111011101110001001111100110100101000000101001011001111100110001110101011100010011111001101001010000001010010110011111001
1100011101110111000100111110011010010100000010100101100111110011000111010101110001001111100110100101000000101001011001111100
1010001110111011100010011111001101001010000001010010110011111010100011101010111000100111110011010010100000010100101100111110
1001000111011101110001001111100110100101000000101001011001111110010001110101011100010011111001101001010000001010010110011111
1100100011101110111000100111110011010010100000010100101100111111001000111010101110001001111100110100101000000101001011001111
1110010001110111011100010011111001101001010000001010010110011111100100011101010111000100111110011010010100000010100101100111
1111001000111011101110001001111100110100101000000101001011001111110010001110101011100010011111001101001010000001010010110011
1111100100011101110111000100111110011010010100000010100101100111111001000111010101110001001111100110100101000000101001011001
1111110010001110111011100010011111001101001010000001010010110011111100100011101010111000100111110011010010100000010100101100
1011111001000111011101110001001111100110100101000000101001011010111110010001110101011100010011111001101001010000001010010110
1001111100100011101110111000100111110011010010100000010100101110011111001000111010101110001001111100110100101000000101001011
1100111110010001110111011100010011111001101001010000001010010111001111100100011101010111000100111110011010010100000010100101
1110011111001000111011101110001001111100110100101000000101001011100111110010001110101011100010011111001101001010000001010010
1011001111100100011101110111000100111110011010010100000010100110110011111001000111010101110001001111100110100101000000101001
1101100111110010001110111011100010011111001101001010000001010011011001111100100011101010111000100111110011010010100000010100
1010110011111001000111011101110001001111100110100101000000101010101100111110010001110101011100010011111001101001010000001010
1001011001111100100011101110111000100111110011010010100000010110010110011111001000111010101110001001111100110100101000000101
1100101100111110010001110111011100010011111001101001010000001011001011001111100100011101010111000100111110011010010100000010
1010010110011111001000111011101110001001111100110100101000000110100101100111110010001110101011100010011111001101001010000001
1101001011001111100100011101110111000100111110011010010100000011010010110011111001000111010101110001001111100110100101000000
1010100101100111110010001110111011100010011111001101001010000010101001011001111100100011101010111000100111110011010010100000
1001010010110011111001000111011101110001001111100110100101000010010100101100111110010001110101011100010011111001101001010000
1000101001011001111100100011101110111000100111110011010010100010001010010110011111001000111010101110001001111100110100101000
1000010100101100111110010001110111011100010011111001101001010010000101001011001111100100011101010111000100111110011010010100
1000001010010110011111001000111011101110001001111100110100101010000010100101100111110010001110101011100010011111001101001010
1000000101001011001111100100011101110111000100111110011010010110000001010010110011111001000111010101110001001111100110100101
1100000010100101100111110010001110111011100010011111001101001011000000101001011001111100100011101010111000100111110011010010
1010000001010010110011111001000111011101110001001111100110100110100000010100101100111110010001110101011100010011111001101001
1101000000101001011001111100100011101110111000100111110011010011010000001010010110011111001000111010101110001001111100110100
1010100000010100101100111110010001110111011100010011111001101010101000000101001011001111100100011101010111000100111110011010
1001010000001010010110011111001000111011101110001001111100110110010100000010100101100111110010001110101011100010011111001101
1100101000000101001011001111100100011101110111000100111110011011001010000001010010110011111001000111010101110001001111100110
1010010100000010100101100111110010001110111011100010011111001110100101000000101001011001111100100011101010111000100111110011
1101001010000001010010110011111001000111011101110001001111100111010010100000010100101100111110010001110101011100010011111001
1110100101000000101001011001111100100011101110111000100111110011101001010000001010010110011111001000111010101110001001111100
1011010010100000010100101100111110010001110111011100010011111010110100101000000101001011001111100100011101010111000100111110
1001101001010000001010010110011111001000111011101110001001111110011010010100000010100101100111110010001110101011100010011111
1100110100101000000101001011001111100100011101110111000100111111001101001010000001010010110011111001000111010101110001001111
1110011010010100000010100101100111110010001110111011100010011111100110100101000000101001011001111100100011101010111000100111
1111001101001010000001010010110011111001000111011101110001001111110011010010100000010100101100111110010001110101011100010011
1111100110100101000000101001011001111100100011101110111000100111111001101001010000001010010110011111001000111010101110001001
1111110011010010100000010100101100111110010001110111011100010011111100110100101000000101001011001111100100011101010111000100
1011111001101001010000001010010110011111001000111011101110001010111110011010010100000010100101100111110010001110101011100010
1001111100110100101000000101001011001111100100011101110111000110011111001101001010000001010010110011111001000111010101110001
1100111110011010010100000010100101100111110010001110111011100011001111100110100101000000101001011001111100100011101010111000
1010011111001101001010000001010010110011111001000111011101110010100111110011010010100000010100101100111110010001110101011100
1001001111100110100101000000101001011001111100100011101110111010010011111001101001010000001010010110011111001000111010101110
1000100111110011010010100000010100101100111110010001110111011110001001111100110100101000000101001011001111100100011101010111
1100010011111001101001010000001010010110011111001000111011101111000100111110011010010100000010100101100111110010001110101011
1110001001111100110100101000000101001011001111100100011101110111100010011111001101001010000001010010110011111001000111010101
1111000100111110011010010100000010100101100111110010001110111011110001001111100110100101000000101001011001111100100011101010
1011100010011111001101001010000001010010110011111001000111011110111000100111110011010010100000010100101100111110010001110101
1101110001001111100110100101000000101001011001111100100011101111011100010011111001101001010000001010010110011111001000111010
0111111111111111111111111111111111111111111111111111111111111100000000000000000000000000000000000000000000000000000000000000
1010111000100111110011010010100000010100101100111110010001110100010001110110000011001011010111111010110100110000011011100010
1101011100010011111001101001010000001010010110011111001000111000001000111011000001100101101011111101011010011000001101110001
1010101110001001111100110100101000000101001011001111100100011101000100011101100000110010110101111110101101001100000110111000
1101010111000100111110011010010100000010100101100111110010001100100010001110110000011001011010111111010110100110000011011100
1110101011100010011111001101001010000001010010110011111001000100010001000111011000001100101101011111101011010011000001101110
1111010101110001001111100110100101000000101001011001111100100000001000100011101100000110010110101111110101101001100000110111
1011101010111000100111110011010010100000010100101100111110010001000100010001110110000011001011010111111010110100110000011011
1001110101011100010011111001101001010000001010010110011111001001100010001000111011000001100101101011111101011010011000001101
1000111010101110001001111100110100101000000101001011001111100101110001000100011101100000110010110101111110101101001100000110
1100011101010111000100111110011010010100000010100101100111110000111000100010001110110000011001011010111111010110100110000011
1010001110101011100010011111001101001010000001010010110011111001011100010001000111011000001100101101011111101011010011000001
1001000111010101110001001111100110100101000000101001011001111101101110001000100011101100000110010110101111110101101001100000
1100100011101010111000100111110011010010100000010100101100111100110111000100010001110110000011001011010111111010110100110000
1110010001110101011100010011111001101001010000001010010110011100011011100010001000111011000001100101101011111101011010011000
1111001000111010101110001001111100110100101000000101001011001100001101110001000100011101100000110010110101111110101101001100
1111100100011101010111000100111110011010010100000010100101100100000110111000100010001110110000011001011010111111010110100110
1111110010001110101011100010011111001101001010000001010010110000000011011100010001000111011000001100101101011111101011010011
1011111001000111010101110001001111100110100101000000101001011001000001101110001000100011101100000110010110101111110101101001
1001111100100011101010111000100111110011010010100000010100101101100000110111000100010001110110000011001011010111111010110100
1100111110010001110101011100010011111001101001010000001010010100110000011011100010001000111011000001100101101011111101011010
1110011111001000111010101110001001111100110100101000000101001000011000001101110001000100011101100000110010110101111110101101
1011001111100100011101010111000100111110011010010100000010100101001100000110111000100010001110110000011001011010111111010110
1101100111110010001110101011100010011111001101001010000001010000100110000011011100010001000111011000001100101101011111101011
1010110011111001000111010101110001001111100110100101000000101001010011000001101110001000100011101100000110010110101111110101
1001011001111100100011101010111000100111110011010010100000010101101001100000110111000100010001110110000011001011010111111010
1100101100111110010001110101011100010011111001101001010000001000110100110000011011100010001000111011000001100101101011111101
1010010110011111001000111010101110001001111100110100101000000101011010011000001101110001000100011101100000110010110101111110
1101001011001111100100011101010111000100111110011010010100000000101101001100000110111000100010001110110000011001011010111111
1010100101100111110010001110101011100010011111001101001010000001010110100110000011011100010001000111011000001100101101011111
1001010010110011111001000111010101110001001111100110100101000001101011010011000001101110001000100011101100000110010110101111
1000101001011001111100100011101010111000100111110011010010100001110101101001100000110111000100010001110110000011001011010111
1000010100101100111110010001110101011100010011111001101001010001111010110100110000011011100010001000111011000001100101101011
1000001010010110011111001000111010101110001001111100110100101001111101011010011000001101110001000100011101100000110010110101
1000000101001011001111100100011101010111000100111110011010010101111110101101001100000110111000100010001110110000011001011010
1100000010100101100111110010001110101011100010011111001101001000111111010110100110000011011100010001000111011000001100101101
1010000001010010110011111001000111010101110001001111100110100101011111101011010011000001101110001000100011101100000110010110
1101000000101001011001111100100011101010111000100111110011010000101111110101101001100000110111000100010001110110000011001011
1010100000010100101100111110010001110101011100010011111001101001010111111010110100110000011011100010001000111011000001100101
1001010000001010010110011111001000111010101110001001111100110101101011111101011010011000001101110001000100011101100000110010
1100101000000101001011001111100100011101010111000100111110011000110101111110101101001100000110111000100010001110110000011001
1010010100000010100101100111110010001110101011100010011111001101011010111111010110100110000011011100010001000111011000001100
1101001010000001010010110011111001000111010101110001001111100100101101011111101011010011000001101110001000100011101100000110
1110100101000000101001011001111100100011101010111000100111110000010110101111110101101001100000110111000100010001110110000011
1011010010100000010100101100111110010001110101011100010011111001001011010111111010110100110000011011100010001000111011000001
1001101001010000001010010110011111001000111010101110001001111101100101101011111101011010011000001101110001000100011101100000
1100110100101000000101001011001111100100011101010111000100111100110010110101111110101101001100000110111000100010001110110000
1110011010010100000010100101100111110010001110101011100010011100011001011010111111010110100110000011011100010001000111011000
1111001101001010000001010010110011111001000111010101110001001100001100101101011111101011010011000001101110001000100011101100
1111100110100101000000101001011001111100100011101010111000100100000110010110101111110101101001100000110111000100010001110110
1111110011010010100000010100101100111110010001110101011100010000000011001011010111111010110100110000011011100010001000111011
1011111001101001010000001010010110011111001000111010101110001001000001100101101011111101011010011000001101110001000100011101
1001111100110100101000000101001011001111100100011101010111000101100000110010110101111110101101001100000110111000100010001110
1100111110011010010100000010100101100111110010001110101011100000110000011001011010111111010110100110000011011100010001000111
1010011111001101001010000001010010110011111001000111010101110001011000001100101101011111101011010011000001101110001000100011
1001001111100110100101000000101001011001111100100011101010111001101100000110010110101111110101101001100000110111000100010001
1000100111110011010010100000010100101100111110010001110101011101110110000011001011010111111010110100110000011011100010001000
1100010011111001101001010000001010010110011111001000111010101100111011000001100101101011111101011010011000001101110001000100
1110001001111100110100101000000101001011001111100100011101010100011101100000110010110101111110101101001100000110111000100010
1111000100111110011010010100000010100101100111110010001110101000001110110000011001011010111111010110100110000011011100010001
1011100010011111001101001010000001010010110011111001000111010101000111011000001100101101011111101011010011000001101110001000
1101110001001111100110100101000000101001011001111100100011101000100011101100000110010110101111110101101001100000110111000100
