001111010011010111101011001011110010110111110001100110001111101101000010101110110111101101110101000000100111100010011001000111100100
000111101001101011110101100101111101011011111000110011000111110110000001010111011011110110111010100000010011110001001100100011110010
100011110100110101111010110010111010101101111100011001100011111011000000101011101101111011011101010000001001111000100110010001111001
110001111010011010111101011001011101010110111110001100110001111101000000010101110110111101101110101100000100111100010011001000111100
111000111101001101011110101100101110101011011111000110011000111110100000001010111011011110110111010010000010011110001001100100011110
111100011110100110101111010110010011010101101111100011001100011111010000000101011101101111011011101001000001001111000100110010001111
011110001111010011010111101011001101101010110111110001100110001111101000000010101110110111101101110100100000100111100010011001000111
101111000111101001101011110101100110110101011011111000110011000111010100000001010111011011110110111110010000010011110001001100100011
010111100011110100110101111010110111011010101101111100011001100011101010000000101011101101111011011111001000001001111000100110010001
001011110001111010011010111101011111101101010110111110001100110001110101000000010101110110111101101111100100000100111100010011001000
100101111000111101001101011110101111110110101011011111000110011000111010100000001010111011011110110011110010000010011110001001100100
110010111100011110100110101111010011111011010101101111100011001100011101010000000101011101101111011001111001000001001111000100110010
011001011110001111010011010111101001111101101010110111110001100110101110101000000010101110110111101000111100100000100111100010011001
101100101111000111101001101011110000111110110101011011111000110011110111010100000001010111011011110100011110010000010011110001001100
010110010111100011110100110101111100011111011010101101111100011001011011101010000000101011101101111010001111001000001001111000100110
101011001011110001111010011010111110001111101101010110111110001100101101110101000000010101110110111001000111100100000100111100010011
110101100101111000111101001101011011000111110110101011011111000110110110111010100000001010111011011100100011110010000010011110001001
111010110010111100011110100110101001100011111011010101101111100011111011011101010000000101011101101110010001111001000001001111000100
111101011001011110001111010011010100110001111101101010110111110001111101101110101000000010101110110011001000111100100000100111100010
011110101100101111000111101001101110011000111110110101011011111000011110110111010100000001010111011001100100011110010000010011110001
101111010110010111100011110100110011001100011111011010101101111100101111011011101010000000101011101100110010001111001000001001111000
010111101011001011110001111010011001100110001111101101010110111110110111101101110101000000010101110010011001000111100100000100111100
101011110101100101111000111101001000110011000111110110101011011111011011110110111010100000001010111001001100100011110010000010011110
110101111010110010111100011110100100011001100011111011010101101111101101111011011101010000000101011000100110010001111001000001001111
011010111101011001011110001111010110001100110001111101101010110111110110111101101110101000000010101100010011001000111100100000100111
001101011110101100101111000111101111000110011000111110110101011011111011011110110111010100000001010110001001100100011110010000010011
100110101111010110010111100011110111100011001100011111011010101101011101101111011011101010000000101111000100110010001111001000001001
010011010111101011001011110001111111110001100110001111101101010110101110110111101101110101000000010111100010011001000111100100000100
101001101011110101100101111000111011111000110011000111110110101011010111011011110110111010100000001011110001001100100011110010000010
110100110101111010110010111100011101111100011001100011111011010101101011101101111011011101010000000001111000100110010001111001000001
111010011010111101011001011110001110111110001100110001111101101010010101110110111101101110101000000100111100010011001000111100100000
111101001101011110101100101111000011011111000110011000111110110101001010111011011110110111010100000010011110001001100100011110010000
011110100110101111010110010111100101101111100011001100011111011010000101011101101111011011101010000001001111000100110010001111001000
101001000001110011001110000010010001111010011010111101011001011110111011000011101100110111000011011000010101110110111101101110101000
010100100000111001100111000001001000111101001101011110101100101111111101100001110110011011100001101000001010111011011110110111010100
101010010000011100110011100000100100011110100110101111010110010111111110110000111011001101110000110000000101011101101111011011101010
010101001000001110011001110000010110001111010011010111101011001011011111011000011101100110111000011000000010101110110111101101110101
001010100100000111001100111000001111000111101001101011110101100101101111101100001110110011011100001100000001010111011011110110111010
100101010010000011100110011100000111100011110100110101111010110010110111110110000111011001101110000010000000101011101101111011011101
010010101001000001110011001110000011110001111010011010111101011001011011111011000011101100110111000101000000010101110110111101101110
001001010100100000111001100111000101111000111101001101011110101100001101111101100001110110011011100010100000001010111011011110110111
000100101010010000011100110011100010111100011110100110101111010110000110111110110000111011001101110101010000000101011101101111011011
000010010101001000001110011001110001011110001111010011010111101011000011011111011000011101100110111110101000000010101110110111101101
000001001010100100000111001100111100101111000111101001101011110101100001101111101100001110110011011111010100000001010111011011110110
100000100101010010000011100110011110010111100011110100110101111010110000110111110110000111011001101011101010000000101011101101111011
110000010010101001000001110011001011001011110001111010011010111101111000011011111011000011101100110101110101000000010101110110111101
111000001001010100100000111001100101100101111000111101001101011110011100001101111101100001110110011110111010100000001010111011011110
011100000100101010010000011100110010110010111100011110100110101111101110000110111110110000111011001011011101010000000101011101101111
001110000010010101001000001110011101011001011110001111010011010111110111000011011111011000011101100101101110101000000010101110110111
100111000001001010100100000111001110101100101111000111101001101011011011100001101111101100001110110110110111010100000001010111011011
110011100000100101010010000011100111010110010111100011110100110101001101110000110111110110000111011111011011101010000000101011101101
011001110000010010101001000001110111101011001011110001111010011010100110111000011011111011000011101111101101110101000000010101110110
001100111000001001010100100000111011110101100101111000111101001101110011011100001101111101100001110011110110111010100000001010111011
100110011100000100101010010000011101111010110010111100011110100110011001101110000110111110110000111101111011011101010000000101011101
110011001110000010010101001000001010111101011001011110001111010011101100110111000011011111011000011110111101101110101000000010101110
111001100111000001001010100100000101011110101100101111000111101001110110011011100001101111101100001011011110110111010100000001010111
011100110011100000100101010010000110101111010110010111100011110100111011001101110000110111110110000101101111011011101010000000101011
001110011001110000010010101001000011010111101011001011110001111010011101100110111000011011111011000110110111101101110101000000010101
000111001100111000001001010100100001101011110101100101111000111101001110110011011100001101111101100111011011110110111010100000001010
000011100110011100000100101010010100110101111010110010111100011110000111011001101110000110111110110011101101111011011101010000000101
000001110011001110000010010101001010011010111101011001011110001111000011101100110111000011011111011101110110111101101110101000000010
100000111001100111000001001010100101001101011110101100101111000111100001110110011011100001101111101010111011011110110111010100000001
010000011100110011100000100101010110100110101111010110010111100011110000111011001101110000110111110101011101101111011011101010000000
001000001110011001110000010010101111010011010111101011001011110001011000011101100110111000011011111010101110110111101101110101000000
100100000111001100111000001001010111101001101011110101100101111000101100001110110011011100001101111001010111011011110110111010100000
010010000011100110011100000100101011110100110101111010110010111100110110000111011001101110000110111000101011101101111011011101010000
111101010001001000010010001010111000100111100010011001000111100100001111010011010111101011001011110101001000001110011001110000010010
111110101000100100001001000101011000010011110001001100100011110010000111101001101011110101100101111010100100000111001100111000001001
111111010100010010000100100010101000001001111000100110010001111001100011110100110101111010110010111101010010000011100110011100000100
111111101010001001000010010001010100000100111100010011001000111100110001111010011010111101011001011010101001000001110011001110000010
011111110101000100100001001000101010000010011110001001100100011110111000111101001101011110101100101001010100100000111001100111000001
101111111010100010010000100100010001000001001111000100110010001111111100011110100110101111010110010100101010010000011100110011100000
010111111101010001001000010010001100100000100111100010011001000111011110001111010011010111101011001010010101001000001110011001110000
101011111110101000100100001001000110010000010011110001001100100011101111000111101001101011110101100001001010100100000111001100111000
010101111111010100010010000100100111001000001001111000100110010001010111100011110100110101111010110000100101010010000011100110011100
001010111111101010001001000010010111100100000100111100010011001000001011110001111010011010111101011000010010101001000001110011001110
000101011111110101000100100001001011110010000010011110001001100100100101111000111101001101011110101000001001010100100000111001100111
100010101111111010100010010000100001111001000001001111000100110010110010111100011110100110101111010100000100101010010000011100110011
010001010111111101010001001000010000111100100000100111100010011001011001011110001111010011010111101110000010010101001000001110011001
001000101011111110101000100100001100011110010000010011110001001100101100101111000111101001101011110111000001001010100100000111001100
100100010101111111010100010010000010001111001000001001111000100110010110010111100011110100110101111011100000100101010010000011100110
010010001010111111101010001001000001000111100100000100111100010011101011001011110001111010011010111001110000010010101001000001110011
001001000101011111110101000100100100100011110010000010011110001001110101100101111000111101001101011100111000001001010100100000111001
000100100010101111111010100010010110010001111001000001001111000100111010110010111100011110100110101110011100000100101010010000011100
000010010001010111111101010001001011001000111100100000100111100010111101011001011110001111010011010011001110000010010101001000001110
100001001000101011111110101000100001100100011110010000010011110001011110101100101111000111101001101001100111000001001010100100000111
010000100100010101111111010100010100110010001111001000001001111000101111010110010111100011110100110100110011100000100101010010000011
001000010010001010111111101010001010011001000111100100000100111100010111101011001011110001111010011110011001110000010010101001000001
100100001001000101011111110101000001001100100011110010000010011110101011110101100101111000111101001111001100111000001001010100100000
010010000100100010101111111010100000100110010001111001000001001111110101111010110010111100011110100011100110011100000100101010010000
001001000010010001010111111101010100010011001000111100100000100111011010111101011001011110001111010001110011001110000010010101001000
000100100001001000101011111110101110001001100100011110010000010011001101011110101100101111000111101000111001100111000001001010100100
100010010000100100010101111111010111000100110010001111001000001001100110101111010110010111100011110000011100110011100000100101010010
010001001000010010001010111111101111100010011001000111100100000100010011010111101011001011110001111000001110011001110000010010101001
101000100100001001000101011111110011110001001100100011110010000010101001101011110101100101111000111100000111001100111000001001010100
010100010010000100100010101111111001111000100110010001111001000001110100110101111010110010111100011010000011100110011100000100101010
101010001001000010010001010111111100111100010011001000111100100000111010011010111101011001011110001001000001110011001110000010010101
110101000100100001001000101011111010011110001001100100011110010000111101001101011110101100101111000100100000111001100111000001001010
111010100010010000100100010101111001001111000100110010001111001000011110100110101111010110010111100010010000011100110011100000100101
111011000011101100110111000011011111101010001001000010010001010111010110111110001100110001111101101001111010011010111101011001011110
111101100001110110011011100001101111110101000100100001001000101011101011011111000110011000111110110000111101001101011110101100101111
111110110000111011001101110000110111111010100010010000100100010101010101101111100011001100011111011100011110100110101111010110010111
011111011000011101100110111000011111111101010001001000010010001010101010110111110001100110001111101110001111010011010111101011001011
101111101100001110110011011100001011111110101000100100001001000101110101011011111000110011000111110111000111101001101011110101100101
110111110110000111011001101110000101111111010100010010000100100010011010101101111100011001100011111111100011110100110101111010110010
011011111011000011101100110111000010111111101010001001000010010001101101010110111110001100110001111011110001111010011010111101011001
001101111101100001110110011011100101011111110101000100100001001000110110101011011111000110011000111101111000111101001101011110101100
000110111110110000111011001101110010101111111010100010010000100100111011010101101111100011001100011010111100011110100110101111010110
000011011111011000011101100110111001010111111101010001001000010010111101101010110111110001100110001001011110001111010011010111101011
100001101111101100001110110011011000101011111110101000100100001001111110110101011011111000110011000100101111000111101001101011110101
110000110111110110000111011001101100010101111111010100010010000100011111011010101101111100011001100110010111100011110100110101111010
111000011011111011000011101100110010001010111111101010001001000010001111101101010110111110001100110011001011110001111010011010111101
011100001101111101100001110110011001000101011111110101000100100001000111110110101011011111000110011101100101111000111101001101011110
101110000110111110110000111011001100100010101111111010100010010000100011111011010101101111100011001010110010111100011110100110101111
110111000011011111011000011101100010010001010111111101010001001000110001111101101010110111110001100101011001011110001111010011010111
011011100001101111101100001110110001001000101011111110101000100100011000111110110101011011111000110110101100101111000111101001101011
001101110000110111110110000111011000100100010101111111010100010010001100011111011010101101111100011111010110010111100011110100110101
100110111000011011111011000011101000010010001010111111101010001001100110001111101101010110111110001111101011001011110001111010011010
110011011100001101111101100001110100001001000101011111110101000100110011000111110110101011011111000011110101100101111000111101001101
011001101110000110111110110000111010000100100010101111111010100010011001100011111011010101101111100101111010110010111100011110100110
101100110111000011011111011000011001000010010001010111111101010001001100110001111101101010110111110010111101011001011110001111010011
110110011011100001101111101100001100100001001000101011111110101000000110011000111110110101011011111101011110101100101111000111101001
111011001101110000110111110110000010010000100100010101111111010100100011001100011111011010101101111110101111010110010111100011110100
011101100110111000011011111011000001001000010010001010111111101010110001100110001111101101010110111011010111101011001011110001111010
001110110011011100001101111101100000100100001001000101011111110101111000110011000111110110101011011001101011110101100101111000111101
000111011001101110000110111110110100010010000100100010101111111010111100011001100011111011010101101100110101111010110010111100011110
000011101100110111000011011111011010001001000010010001010111111101111110001100110001111101101010110010011010111101011001011110001111
100001110110011011100001101111101101000100100001001000101011111110011111000110011000111110110101011101001101011110101100101111000111
110000111011001101110000110111110010100010010000100100010101111111101111100011001100011111011010101110100110101111010110010111100011
011000011101100110111000011011111101010001001000010010001010111111110111110001100110001111101101010111010011010111101011001011110001
101100001110110011011100001101111110101000100100001001000101011111011011111000110011000111110110101111101001101011110101100101111000
110110000111011001101110000110111111010100010010000100100010101111101101111100011001100011111011010011110100110101111010110010111100
110000101100101000010100110100001101001000001110011001110000010010111101010001001000010010001010111111011000011101100110111000011011
111000010110010100001010011010000010100100000111001100111000001001111110101000100100001001000101011111101100001110110011011100001101
011100001011001010000101001101000101010010000011100110011100000100111111010100010010000100100010101111110110000111011001101110000110
001110000101100101000010100110100010101001000001110011001110000010111111101010001001000010010001010011111011000011101100110111000011
000111000010110010100001010011010001010100100000111001100111000001011111110101000100100001001000101101111101100001110110011011100001
000011100001011001010000101001101100101010010000011100110011100000101111111010100010010000100100010110111110110000111011001101110000
100001110000101100101000010100110010010101001000001110011001110000010111111101010001001000010010001011011111011000011101100110111000
010000111000010110010100001010011001001010100100000111001100111000101011111110101000100100001001000001101111101100001110110011011100
101000011100001011001010000101001000100101010010000011100110011100010101111111010100010010000100100000110111110110000111011001101110
110100001110000101100101000010100000010010101001000001110011001110001010111111101010001001000010010000011011111011000011101100110111
011010000111000010110010100001010000001001010100100000111001100111000101011111110101000100100001001100001101111101100001110110011011
001101000011100001011001010000101100000100101010010000011100110011100010101111111010100010010000100110000110111110110000111011001101
100110100001110000101100101000010110000010010101001000001110011001010001010111111101010001001000010111000011011111011000011101100110
010011010000111000010110010100001111000001001010100100000111001100001000101011111110101000100100001011100001101111101100001110110011
101001101000011100001011001010000011100000100101010010000011100110100100010101111111010100010010000101110000110111110110000111011001
010100110100001110000101100101000001110000010010101001000001110011010010001010111111101010001001000110111000011011111011000011101100
001010011010000111000010110010100100111000001001010100100000111001001001000101011111110101000100100011011100001101111101100001110110
000101001101000011100001011001010110011100000100101010010000011100000100100010101111111010100010010001101110000110111110110000111011
000010100110100001110000101100101011001110000010010101001000001110000010010001010111111101010001001100110111000011011111011000011101
100001010011010000111000010110010001100111000001001010100100000111100001001000101011111110101000100110011011100001101111101100001110
010000101001101000011100001011001100110011100000100101010010000011010000100100010101111111010100010011001101110000110111110110000111
101000010100110100001110000101100110011001110000010010101001000001001000010010001010111111101010001101100110111000011011111011000011
010100001010011010000111000010110111001100111000001001010100100000100100001001000101011111110101000110110011011100001101111101100001
001010000101001101000011100001011011100110011100000100101010010000010010000100100010101111111010100111011001101110000110111110110000
100101000010100110100001110000101001110011001110000010010101001000001001000010010001010111111101010011101100110111000011011111011000
110010100001010011010000111000010000111001100111000001001010100100000100100001001000101011111110101001110110011011100001101111101100
011001010000101001101000011100001000011100110011100000100101010010100010010000100100010101111111010000111011001101110000110111110110
101100101000010100110100001110000000001110011001110000010010101001010001001000010010001010111111101000011101100110111000011011111011
010110010100001010011010000111000100000111001100111000001001010100101000100100001001000101011111110100001110110011011100001101111101
001011001010000101001101000011100010000011100110011100000100101010010100010010000100100010101111111110000111011001101110000110111110
000101100101000010100110100001110001000001110011001110000010010101101010001001000010010001010111111011000011101100110111000011011111
000010110010100001010011010000111100100000111001100111000001001010110101000100100001001000101011111101100001110110011011100001101111
100001011001010000101001101000011010010000011100110011100000100101111010100010010000100100010101111110110000111011001101110000110111
010110111110001100110001111101101110000101100101000010100110100001000100111100010011001000111100100111101010001001000010010001010111
101011011111000110011000111110110111000010110010100001010011010000000010011110001001100100011110010111110101000100100001001000101011
010101101111100011001100011111011011100001011001010000101001101000000001001111000100110010001111001111111010100010010000100100010101
101010110111110001100110001111101001110000101100101000010100110100100000100111100010011001000111100111111101010001001000010010001010
110101011011111000110011000111110000111000010110010100001010011010010000010011110001001100100011110011111110101000100100001001000101
011010101101111100011001100011111000011100001011001010000101001101001000001001111000100110010001111101111111010100010010000100100010
101101010110111110001100110001111100001110000101100101000010100110100100000100111100010011001000111010111111101010001001000010010001
110110101011011111000110011000111010000111000010110010100001010011110010000010011110001001100100011101011111110101000100100001001000
111011010101101111100011001100011101000011100001011001010000101001111001000001001111000100110010001010101111111010100010010000100100
111101101010110111110001100110001110100001110000101100101000010100111100100000100111100010011001000001010111111101010001001000010010
111110110101011011111000110011000011010000111000010110010100001010011110010000010011110001001100100000101011111110101000100100001001
011111011010101101111100011001100001101000011100001011001010000101001111001000001001111000100110010100010101111111010100010010000100
001111101101010110111110001100110100110100001110000101100101000010000111100100000100111100010011001010001010111111101010001001000010
000111110110101011011111000110011010011010000111000010110010100001100011110010000010011110001001100001000101011111110101000100100001
100011111011010101101111100011001101001101000011100001011001010000010001111001000001001111000100110100100010101111111010100010010000
110001111101101010110111110001100010100110100001110000101100101000001000111100100000100111100010011010010001010111111101010001001000
011000111110110101011011111000110001010011010000111000010110010100100100011110010000010011110001001001001000101011111110101000100100
001100011111011010101101111100011000101001101000011100001011001010110010001111001000001001111000100000100100010101111111010100010010
100110001111101101010110111110001000010100110100001110000101100101011001000111100100000100111100010000010010001010111111101010001001
110011000111110110101011011111000100001010011010000111000010110010001100100011110010000010011110001100001001000101011111110101000100
011001100011111011010101101111100010000101001101000011100001011001100110010001111001000001001111000010000100100010101111111010100010
001100110001111101101010110111110101000010100110100001110000101100010011001000111100100000100111100001000010010001010111111101010001
000110011000111110110101011011111010100001010011010000111000010110001001100100011110010000010011110100100001001000101011111110101000
100011001100011111011010101101111001010000101001101000011100001011000100110010001111001000001001111010010000100100010101111111010100
110001100110001111101101010110111100101000010100110100001110000101100010011001000111100100000100111001001000010010001010111111101010
111000110011000111110110101011011110010100001010011010000111000010110001001100100011110010000010011000100100001001000101011111110101
111100011001100011111011010101101011001010000101001101000011100001111000100110010001111001000001001100010010000100100010101111111010
111110001100110001111101101010110101100101000010100110100001110000111100010011001000111100100000100010001001000010010001010111111101
011111000110011000111110110101011010110010100001010011010000111000011110001001100100011110010000010101000100100001001000101011111110
101111100011001100011111011010101001011001010000101001101000011100001111000100110010001111001000001010100010010000100100010101111111
110111110001100110001111101101010000101100101000010100110100001110100111100010011001000111100100000101010001001000010010001010111111
011011111000110011000111110110101000010110010100001010011010000111010011110001001100100011110010000110101000100100001001000101011111
101101111100011001100011111011010100001011001010000101001101000011001001111000100110010001111001000111010100010010000100100010101111
000010101110110111101101110101000111011000011101100110111000011011110000101100101000010100110100001010110111110001100110001111101101
000001010111011011110110111010100111101100001110110011011100001101111000010110010100001010011010000101011011111000110011000111110110
000000101011101101111011011101010111110110000111011001101110000110011100001011001010000101001101000010101101111100011001100011111011
000000010101110110111101101110101011111011000011101100110111000011001110000101100101000010100110100101010110111110001100110001111101
100000001010111011011110110111010101111101100001110110011011100001000111000010110010100001010011010110101011011111000110011000111110
010000000101011101101111011011101110111110110000111011001101110000000011100001011001010000101001101011010101101111100011001100011111
101000000010101110110111101101110011011111011000011101100110111000100001110000101100101000010100110101101010110111110001100110001111
010100000001010111011011110110111001101111101100001110110011011100010000111000010110010100001010011110110101011011111000110011000111
101010000000101011101101111011011000110111110110000111011001101110101000011100001011001010000101001111011010101101111100011001100011
110101000000010101110110111101101000011011111011000011101100110111110100001110000101100101000010100111101101010110111110001100110001
111010100000001010111011011110110100001101111101100001110110011011011010000111000010110010100001010111110110101011011111000110011000
011101010000000101011101101111011110000110111110110000111011001101001101000011100001011001010000101011111011010101101111100011001100
101110101000000010101110110111101111000011011111011000011101100110100110100001110000101100101000010001111101101010110111110001100110
110111010100000001010111011011110011100001101111101100001110110011010011010000111000010110010100001000111110110101011011111000110011
011011101010000000101011101101111101110000110111110110000111011001101001101000011100001011001010000100011111011010101101111100011001
101101110101000000010101110110111110111000011011111011000011101100010100110100001110000101100101000110001111101101010110111110001100
110110111010100000001010111011011011011100001101111101100001110110001010011010000111000010110010100011000111110110101011011111000110
111011011101010000000101011101101001101110000110111110110000111011000101001101000011100001011001010001100011111011010101101111100011
111101101110101000000010101110110100110111000011011111011000011101000010100110100001110000101100101100110001111101101010110111110001
011110110111010100000001010111011110011011100001101111101100001110100001010011010000111000010110010110011000111110110101011011111000
101111011011101010000000101011101011001101110000110111110110000111010000101001101000011100001011001011001100011111011010101101111100
110111101101110101000000010101110101100110111000011011111011000011101000010100110100001110000101100001100110001111101101010110111110
011011110110111010100000001010111110110011011100001101111101100001010100001010011010000111000010110000110011000111110110101011011111
101101111011011101010000000101011111011001101110000110111110110000001010000101001101000011100001011100011001100011111011010101101111
110110111101101110101000000010101011101100110111000011011111011000100101000010100110100001110000101110001100110001111101101010110111
111011011110110111010100000001010001110110011011100001101111101100110010100001010011010000111000010111000110011000111110110101011011
011101101111011011101010000000101000111011001101110000110111110110011001010000101001101000011100001111100011001100011111011010101101
101110110111101101110101000000010000011101100110111000011011111011101100101000010100110100001110000111110001100110001111101101010110
010111011011110110111010100000001100001110110011011100001101111101010110010100001010011010000111000011111000110011000111110110101011
101011101101111011011101010000000110000111011001101110000110111110001011001010000101001101000011100101111100011001100011111011010101
010101110110111101101110101000000011000011101100110111000011011111000101100101000010100110100001110110111110001100110001111101101010
001010111011011110110111010100000101100001110110011011100001101111000010110010100001010011010000111011011111000110011000111110110101
000101011101101111011011101010000110110000111011001101110000110111100001011001010000101001101000011101101111100011001100011111011010
000100111100010011001000111100100000010101110110111101101110101000101001000001110011001110000010010110000101100101000010100110100001
000010011110001001100100011110010000001010111011011110110111010100010100100000111001100111000001001111000010110010100001010011010000
000001001111000100110010001111001000000101011101101111011011101010101010010000011100110011100000100011100001011001010000101001101000
100000100111100010011001000111100000000010101110110111101101110101010101001000001110011001110000010001110000101100101000010100110100
010000010011110001001100100011110100000001010111011011110110111010001010100100000111001100111000001000111000010110010100001010011010
001000001001111000100110010001111010000000101011101101111011011101100101010010000011100110011100000000011100001011001010000101001101
100100000100111100010011001000111101000000010101110110111101101110010010101001000001110011001110000100001110000101100101000010100110
110010000010011110001001100100011010100000001010111011011110110111001001010100100000111001100111000010000111000010110010100001010011
111001000001001111000100110010001101010000000101011101101111011011000100101010010000011100110011100101000011100001011001010000101001
111100100000100111100010011001000110101000000010101110110111101101000010010101001000001110011001110110100001110000101100101000010100
011110010000010011110001001100100111010100000001010111011011110110000001001010100100000111001100111011010000111000010110010100001010
001111001000001001111000100110010011101010000000101011101101111011100000100101010010000011100110011001101000011100001011001010000101
000111100100000100111100010011001101110101000000010101110110111101110000010010101001000001110011001100110100001110000101100101000010
100011110010000010011110001001100110111010100000001010111011011110111000001001010100100000111001100010011010000111000010110010100001
010001111001000001001111000100110011011101010000000101011101101111011100000100101010010000011100110101001101000011100001011001010000
001000111100100000100111100010011101101110101000000010101110110111001110000010010101001000001110011010100110100001110000101100101000
100100011110010000010011110001001110110111010100000001010111011011100111000001001010100100000111001001010011010000111000010110010100
110010001111001000001001111000100111011011101010000000101011101101110011100000100101010010000011100000101001101000011100001011001010
011001000111100100000100111100010111101101110101000000010101110110011001110000010010101001000001110000010100110100001110000101100101
001100100011110010000010011110001011110110111010100000001010111011001100111000001001010100100000111100001010011010000111000010110010
100110010001111001000001001111000101111011011101010000000101011101100110011100000100101010010000011010000101001101000011100001011001
010011001000111100100000100111100110111101101110101000000010101110110011001110000010010101001000001101000010100110100001110000101100
001001100100011110010000010011110011011110110111010100000001010111111001100111000001001010100100000010100001010011010000111000010110
000100110010001111001000001001111101101111011011101010000000101011011100110011100000100101010010000001010000101001101000011100001011
100010011001000111100100000100111110110111101101110101000000010101001110011001110000010010101001000100101000010100110100001110000101
110001001100100011110010000010011111011011110110111010100000001010000111001100111000001001010100100110010100001010011010000111000010
111000100110010001111001000001001011101101111011011101010000000101000011100110011100000100101010010011001010000101001101000011100001
111100010011001000111100100000100101110110111101101110101000000010000001110011001110000010010101001101100101000010100110100001110000
011110001001100100011110010000010010111011011110110111010100000001100000111001100111000001001010100010110010100001010011010000111000
001111000100110010001111001000001101011101101111011011101010000000010000011100110011100000100101010001011001010000101001101000011100
100111100010011001000111100100000010101110110111101101110101000000001000001110011001110000010010101000101100101000010100110100001110
010011110001001100100011110010000001010111011011110110111010100000100100000111001100111000001001010000010110010100001010011010000111
001001111000100110010001111001000000101011101101111011011101010000010010000011100110011100000100101100001011001010000101001101000011
