011111111111111111111111111111111111111111111111111111111111111111111111111111111111111111111111111111111111
001011000011111101001000101010110011111011110100111001100110001101000010000011001010101110110100000011110010
000101100001111110100100010101011001111101111010011100110011000110100001000001100101010111011010000001111001
010010110000111111010010001010101100111110111101001110011001100011010000100000110010101011101101000000111100
001001011000011111101001000101010110011111011110100111001100110001101000010000011001010101110110100000011110
000100101100001111110100100010101011001111101111010011100110011000110100001000001100101010111011010000001111
010010010110000111111010010001010101100111110111101001110011001100011010000100000110010101011101101000000111
011001001011000011111101001000101010110011111011110100111001100110001101000010000011001010101110110100000011
011100100101100001111110100100010101011001111101111010011100110011000110100001000001100101010111011010000001
011110010010110000111111010010001010101100111110111101001110011001100011010000100000110010101011101101000000
001111001001011000011111101001000101010110011111011110100111001100110001101000010000011001010101110110100000
000111100100101100001111110100100010101011001111101111010011100110011000110100001000001100101010111011010000
000011110010010110000111111010010001010101100111110111101001110011001100011010000100000110010101011101101000
000001111001001011000011111101001000101010110011111011110100111001100110001101000010000011001010101110110100
000000111100100101100001111110100100010101011001111101111010011100110011000110100001000001100101010111011010
000000011110010010110000111111010010001010101100111110111101001110011001100011010000100000110010101011101101
010000001111001001011000011111101001000101010110011111011110100111001100110001101000010000011001010101110110
001000000111100100101100001111110100100010101011001111101111010011100110011000110100001000001100101010111011
010100000011110010010110000111111010010001010101100111110111101001110011001100011010000100000110010101011101
011010000001111001001011000011111101001000101010110011111011110100111001100110001101000010000011001010101110
001101000000111100100101100001111110100100010101011001111101111010011100110011000110100001000001100101010111
010110100000011110010010110000111111010010001010101100111110111101001110011001100011010000100000110010101011
011011010000001111001001011000011111101001000101010110011111011110100111001100110001101000010000011001010101
011101101000000111100100101100001111110100100010101011001111101111010011100110011000110100001000001100101010
001110110100000011110010010110000111111010010001010101100111110111101001110011001100011010000100000110010101
010111011010000001111001001011000011111101001000101010110011111011110100111001100110001101000010000011001010
001011101101000000111100100101100001111110100100010101011001111101111010011100110011000110100001000001100101
010101110110100000011110010010110000111111010010001010101100111110111101001110011001100011010000100000110010
001010111011010000001111001001011000011111101001000101010110011111011110100111001100110001101000010000011001
010101011101101000000111100100101100001111110100100010101011001111101111010011100110011000110100001000001100
001010101110110100000011110010010110000111111010010001010101100111110111101001110011001100011010000100000110
000101010111011010000001111001001011000011111101001000101010110011111011110100111001100110001101000010000011
010010101011101101000000111100100101100001111110100100010101011001111101111010011100110011000110100001000001
011001010101110110100000011110010010110000111111010010001010101100111110111101001110011001100011010000100000
001100101010111011010000001111001001011000011111101001000101010110011111011110100111001100110001101000010000
000110010101011101101000000111100100101100001111110100100010101011001111101111010011100110011000110100001000
000011001010101110110100000011110010010110000111111010010001010101100111110111101001110011001100011010000100
000001100101010111011010000001111001001011000011111101001000101010110011111011110100111001100110001101000010
000000110010101011101101000000111100100101100001111110100100010101011001111101111010011100110011000110100001
010000011001010101110110100000011110010010110000111111010010001010101100111110111101001110011001100011010000
001000001100101010111011010000001111001001011000011111101001000101010110011111011110100111001100110001101000
000100000110010101011101101000000111100100101100001111110100100010101011001111101111010011100110011000110100
000010000011001010101110110100000011110010010110000111111010010001010101100111110111101001110011001100011010
000001000001100101010111011010000001111001001011000011111101001000101010110011111011110100111001100110001101
010000100000110010101011101101000000111100100101100001111110100100010101011001111101111010011100110011000110
001000010000011001010101110110100000011110010010110000111111010010001010101100111110111101001110011001100011
010100001000001100101010111011010000001111001001011000011111101001000101010110011111011110100111001100110001
011010000100000110010101011101101000000111100100101100001111110100100010101011001111101111010011100110011000
001101000010000011001010101110110100000011110010010110000111111010010001010101100111110111101001110011001100
000110100001000001100101010111011010000001111001001011000011111101001000101010110011111011110100111001100110
000011010000100000110010101011101101000000111100100101100001111110100100010101011001111101111010011100110011
010001101000010000011001010101110110100000011110010010110000111111010010001010101100111110111101001110011001
011000110100001000001100101010111011010000001111001001011000011111101001000101010110011111011110100111001100
001100011010000100000110010101011101101000000111100100101100001111110100100010101011001111101111010011100110
000110001101000010000011001010101110110100000011110010010110000111111010010001010101100111110111101001110011
010011000110100001000001100101010111011010000001111001001011000011111101001000101010110011111011110100111001
011001100011010000100000110010101011101101000000111100100101100001111110100100010101011001111101111010011100
001100110001101000010000011001010101110110100000011110010010110000111111010010001010101100111110111101001110
000110011000110100001000001100101010111011010000001111001001011000011111101001000101010110011111011110100111
010011001100011010000100000110010101011101101000000111100100101100001111110100100010101011001111101111010011
011001100110001101000010000011001010101110110100000011110010010110000111111010010001010101100111110111101001
011100110011000110100001000001100101010111011010000001111001001011000011111101001000101010110011111011110100
001110011001100011010000100000110010101011101101000000111100100101100001111110100100010101011001111101111010
000111001100110001101000010000011001010101110110100000011110010010110000111111010010001010101100111110111101
010011100110011000110100001000001100101010111011010000001111001001011000011111101001000101010110011111011110
001001110011001100011010000100000110010101011101101000000111100100101100001111110100100010101011001111101111
010100111001100110001101000010000011001010101110110100000011110010010110000111111010010001010101100111110111
011010011100110011000110100001000001100101010111011010000001111001001011000011111101001000101010110011111011
011101001110011001100011010000100000110010101011101101000000111100100101100001111110100100010101011001111101
011110100111001100110001101000010000011001010101110110100000011110010010110000111111010010001010101100111110
001111010011100110011000110100001000001100101010111011010000001111001001011000011111101001000101010110011111
010111101001110011001100011010000100000110010101011101101000000111100100101100001111110100100010101011001111
011011110100111001100110001101000010000011001010101110110100000011110010010110000111111010010001010101100111
011101111010011100110011000110100001000001100101010111011010000001111001001011000011111101001000101010110011
011110111101001110011001100011010000100000110010101011101101000000111100100101100001111110100100010101011001
011111011110100111001100110001101000010000011001010101110110100000011110010010110000111111010010001010101100
001111101111010011100110011000110100001000001100101010111011010000001111001001011000011111101001000101010110
000111110111101001110011001100011010000100000110010101011101101000000111100100101100001111110100100010101011
010011111011110100111001100110001101000010000011001010101110110100000011110010010110000111111010010001010101
011001111101111010011100110011000110100001000001100101010111011010000001111001001011000011111101001000101010
001100111110111101001110011001100011010000100000110010101011101101000000111100100101100001111110100100010101
010110011111011110100111001100110001101000010000011001010101110110100000011110010010110000111111010010001010
001011001111101111010011100110011000110100001000001100101010111011010000001111001001011000011111101001000101
010101100111110111101001110011001100011010000100000110010101011101101000000111100100101100001111110100100010
001010110011111011110100111001100110001101000010000011001010101110110100000011110010010110000111111010010001
010101011001111101111010011100110011000110100001000001100101010111011010000001111001001011000011111101001000
001010101100111110111101001110011001100011010000100000110010101011101101000000111100100101100001111110100100
000101010110011111011110100111001100110001101000010000011001010101110110100000011110010010110000111111010010
000010101011001111101111010011100110011000110100001000001100101010111011010000001111001001011000011111101001
010001010101100111110111101001110011001100011010000100000110010101011101101000000111100100101100001111110100
001000101010110011111011110100111001100110001101000010000011001010101110110100000011110010010110000111111010
000100010101011001111101111010011100110011000110100001000001100101010111011010000001111001001011000011111101
010010001010101100111110111101001110011001100011010000100000110010101011101101000000111100100101100001111110
001001000101010110011111011110100111001100110001101000010000011001010101110110100000011110010010110000111111
010100100010101011001111101111010011100110011000110100001000001100101010111011010000001111001001011000011111
011010010001010101100111110111101001110011001100011010000100000110010101011101101000000111100100101100001111
011101001000101010110011111011110100111001100110001101000010000011001010101110110100000011110010010110000111
011110100100010101011001111101111010011100110011000110100001000001100101010111011010000001111001001011000011
011111010010001010101100111110111101001110011001100011010000100000110010101011101101000000111100100101100001
011111101001000101010110011111011110100111001100110001101000010000011001010101110110100000011110010010110000
001111110100100010101011001111101111010011100110011000110100001000001100101010111011010000001111001001011000
000111111010010001010101100111110111101001110011001100011010000100000110010101011101101000000111100100101100
000011111101001000101010110011111011110100111001100110001101000010000011001010101110110100000011110010010110
000001111110100100010101011001111101111010011100110011000110100001000001100101010111011010000001111001001011
010000111111010010001010101100111110111101001110011001100011010000100000110010101011101101000000111100100101
011000011111101001000101010110011111011110100111001100110001101000010000011001010101110110100000011110010010
001100001111110100100010101011001111101111010011100110011000110100001000001100101010111011010000001111001001
010110000111111010010001010101100111110111101001110011001100011010000100000110010101011101101000000111100100
100000000000000000000000000000000000000000000000000000000000000000000000000000000000000000000000000000000000
110100111100000010110111010101001100000100001011000110011001110010111101111100110101010001001011111100001101
111010011110000001011011101010100110000010000101100011001100111001011110111110011010101000100101111110000110
101101001111000000101101110101010011000001000010110001100110011100101111011111001101010100010010111111000011
110110100111100000010110111010101001100000100001011000110011001110010111101111100110101010001001011111100001
111011010011110000001011011101010100110000010000101100011001100111001011110111110011010101000100101111110000
101101101001111000000101101110101010011000001000010110001100110011100101111011111001101010100010010111111000
100110110100111100000010110111010101001100000100001011000110011001110010111101111100110101010001001011111100
100011011010011110000001011011101010100110000010000101100011001100111001011110111110011010101000100101111110
100001101101001111000000101101110101010011000001000010110001100110011100101111011111001101010100010010111111
110000110110100111100000010110111010101001100000100001011000110011001110010111101111100110101010001001011111
111000011011010011110000001011011101010100110000010000101100011001100111001011110111110011010101000100101111
111100001101101001111000000101101110101010011000001000010110001100110011100101111011111001101010100010010111
111110000110110100111100000010110111010101001100000100001011000110011001110010111101111100110101010001001011
111111000011011010011110000001011011101010100110000010000101100011001100111001011110111110011010101000100101
111111100001101101001111000000101101110101010011000001000010110001100110011100101111011111001101010100010010
101111110000110110100111100000010110111010101001100000100001011000110011001110010111101111100110101010001001
110111111000011011010011110000001011011101010100110000010000101100011001100111001011110111110011010101000100
101011111100001101101001111000000101101110101010011000001000010110001100110011100101111011111001101010100010
100101111110000110110100111100000010110111010101001100000100001011000110011001110010111101111100110101010001
110010111111000011011010011110000001011011101010100110000010000101100011001100111001011110111110011010101000
101001011111100001101101001111000000101101110101010011000001000010110001100110011100101111011111001101010100
100100101111110000110110100111100000010110111010101001100000100001011000110011001110010111101111100110101010
100010010111111000011011010011110000001011011101010100110000010000101100011001100111001011110111110011010101
110001001011111100001101101001111000000101101110101010011000001000010110001100110011100101111011111001101010
101000100101111110000110110100111100000010110111010101001100000100001011000110011001110010111101111100110101
110100010010111111000011011010011110000001011011101010100110000010000101100011001100111001011110111110011010
101010001001011111100001101101001111000000101101110101010011000001000010110001100110011100101111011111001101
110101000100101111110000110110100111100000010110111010101001100000100001011000110011001110010111101111100110
101010100010010111111000011011010011110000001011011101010100110000010000101100011001100111001011110111110011
110101010001001011111100001101101001111000000101101110101010011000001000010110001100110011100101111011111001
111010101000100101111110000110110100111100000010110111010101001100000100001011000110011001110010111101111100
101101010100010010111111000011011010011110000001011011101010100110000010000101100011001100111001011110111110
100110101010001001011111100001101101001111000000101101110101010011000001000010110001100110011100101111011111
110011010101000100101111110000110110100111100000010110111010101001100000100001011000110011001110010111101111
111001101010100010010111111000011011010011110000001011011101010100110000010000101100011001100111001011110111
111100110101010001001011111100001101101001111000000101101110101010011000001000010110001100110011100101111011
111110011010101000100101111110000110110100111100000010110111010101001100000100001011000110011001110010111101
111111001101010100010010111111000011011010011110000001011011101010100110000010000101100011001100111001011110
101111100110101010001001011111100001101101001111000000101101110101010011000001000010110001100110011100101111
110111110011010101000100101111110000110110100111100000010110111010101001100000100001011000110011001110010111
111011111001101010100010010111111000011011010011110000001011011101010100110000010000101100011001100111001011
111101111100110101010001001011111100001101101001111000000101101110101010011000001000010110001100110011100101
111110111110011010101000100101111110000110110100111100000010110111010101001100000100001011000110011001110010
101111011111001101010100010010111111000011011010011110000001011011101010100110000010000101100011001100111001
110111101111100110101010001001011111100001101101001111000000101101110101010011000001000010110001100110011100
101011110111110011010101000100101111110000110110100111100000010110111010101001100000100001011000110011001110
100101111011111001101010100010010111111000011011010011110000001011011101010100110000010000101100011001100111
110010111101111100110101010001001011111100001101101001111000000101101110101010011000001000010110001100110011
111001011110111110011010101000100101111110000110110100111100000010110111010101001100000100001011000110011001
111100101111011111001101010100010010111111000011011010011110000001011011101010100110000010000101100011001100
101110010111101111100110101010001001011111100001101101001111000000101101110101010011000001000010110001100110
100111001011110111110011010101000100101111110000110110100111100000010110111010101001100000100001011000110011
110011100101111011111001101010100010010111111000011011010011110000001011011101010100110000010000101100011001
111001110010111101111100110101010001001011111100001101101001111000000101101110101010011000001000010110001100
101100111001011110111110011010101000100101111110000110110100111100000010110111010101001100000100001011000110
100110011100101111011111001101010100010010111111000011011010011110000001011011101010100110000010000101100011
110011001110010111101111100110101010001001011111100001101101001111000000101101110101010011000001000010110001
111001100111001011110111110011010101000100101111110000110110100111100000010110111010101001100000100001011000
101100110011100101111011111001101010100010010111111000011011010011110000001011011101010100110000010000101100
100110011001110010111101111100110101010001001011111100001101101001111000000101101110101010011000001000010110
100011001100111001011110111110011010101000100101111110000110110100111100000010110111010101001100000100001011
110001100110011100101111011111001101010100010010111111000011011010011110000001011011101010100110000010000101
111000110011001110010111101111100110101010001001011111100001101101001111000000101101110101010011000001000010
101100011001100111001011110111110011010101000100101111110000110110100111100000010110111010101001100000100001
110110001100110011100101111011111001101010100010010111111000011011010011110000001011011101010100110000010000
101011000110011001110010111101111100110101010001001011111100001101101001111000000101101110101010011000001000
100101100011001100111001011110111110011010101000100101111110000110110100111100000010110111010101001100000100
100010110001100110011100101111011111001101010100010010111111000011011010011110000001011011101010100110000010
100001011000110011001110010111101111100110101010001001011111100001101101001111000000101101110101010011000001
110000101100011001100111001011110111110011010101000100101111110000110110100111100000010110111010101001100000
101000010110001100110011100101111011111001101010100010010111111000011011010011110000001011011101010100110000
100100001011000110011001110010111101111100110101010001001011111100001101101001111000000101101110101010011000
100010000101100011001100111001011110111110011010101000100101111110000110110100111100000010110111010101001100
100001000010110001100110011100101111011111001101010100010010111111000011011010011110000001011011101010100110
100000100001011000110011001110010111101111100110101010001001011111100001101101001111000000101101110101010011
110000010000101100011001100111001011110111110011010101000100101111110000110110100111100000010110111010101001
111000001000010110001100110011100101111011111001101010100010010111111000011011010011110000001011011101010100
101100000100001011000110011001110010111101111100110101010001001011111100001101101001111000000101101110101010
100110000010000101100011001100111001011110111110011010101000100101111110000110110100111100000010110111010101
110011000001000010110001100110011100101111011111001101010100010010111111000011011010011110000001011011101010
101001100000100001011000110011001110010111101111100110101010001001011111100001101101001111000000101101110101
110100110000010000101100011001100111001011110111110011010101000100101111110000110110100111100000010110111010
101010011000001000010110001100110011100101111011111001101010100010010111111000011011010011110000001011011101
110101001100000100001011000110011001110010111101111100110101010001001011111100001101101001111000000101101110
101010100110000010000101100011001100111001011110111110011010101000100101111110000110110100111100000010110111
110101010011000001000010110001100110011100101111011111001101010100010010111111000011011010011110000001011011
111010101001100000100001011000110011001110010111101111100110101010001001011111100001101101001111000000101101
111101010100110000010000101100011001100111001011110111110011010101000100101111110000110110100111100000010110
101110101010011000001000010110001100110011100101111011111001101010100010010111111000011011010011110000001011
110111010101001100000100001011000110011001110010111101111100110101010001001011111100001101101001111000000101
111011101010100110000010000101100011001100111001011110111110011010101000100101111110000110110100111100000010
101101110101010011000001000010110001100110011100101111011111001101010100010010111111000011011010011110000001
110110111010101001100000100001011000110011001110010111101111100110101010001001011111100001101101001111000000
101011011101010100110000010000101100011001100111001011110111110011010101000100101111110000110110100111100000
100101101110101010011000001000010110001100110011100101111011111001101010100010010111111000011011010011110000
100010110111010101001100000100001011000110011001110010111101111100110101010001001011111100001101101001111000
100001011011101010100110000010000101100011001100111001011110111110011010101000100101111110000110110100111100
100000101101110101010011000001000010110001100110011100101111011111001101010100010010111111000011011010011110
100000010110111010101001100000100001011000110011001110010111101111100110101010001001011111100001101101001111
110000001011011101010100110000010000101100011001100111001011110111110011010101000100101111110000110110100111
111000000101101110101010011000001000010110001100110011100101111011111001101010100010010111111000011011010011
111100000010110111010101001100000100001011000110011001110010111101111100110101010001001011111100001101101001
111110000001011011101010100110000010000101100011001100111001011110111110011010101000100101111110000110110100
101111000000101101110101010011000001000010110001100110011100101111011111001101010100010010111111000011011010
100111100000010110111010101001100000100001011000110011001110010111101111100110101010001001011111100001101101
110011110000001011011101010100110000010000101100011001100111001011110111110011010101000100101111110000110110
101001111000000101101110101010011000001000010110001100110011100101111011111001101010100010010111111000011011
