000000000000000000000000000000000000000000000000000000100000000000000000000000000000000000000000000000000000
000110100100010100011111100110011111100010100010010110010110100100010100011111100110011111100010100010010110
000011010010001010001111110011001111110001010001001011001011010010001010001111110011001111110001010001001011
010001101001000101000111111001100111111000101000100101010101101001000101000111111001100111111000101000100101
011000110100100010100011111100110011111100010100010010011010110100100010100011111100110011111100010100010010
001100011010010001010001111110011001111110001010001001001101011010010001010001111110011001111110001010001001
010110001101001000101000111111001100111111000101000100010110101101001000101000111111001100111111000101000100
001011000110100100010100011111100110011111100010100010001011010110100100010100011111100110011111100010100010
000101100011010010001010001111110011001111110001010001000101101011010010001010001111110011001111110001010001
010010110001101001000101000111111001100111111000101000010010110101101001000101000111111001100111111000101000
001001011000110100100010100011111100110011111100010100001001011010110100100010100011111100110011111100010100
000100101100011010010001010001111110011001111110001010000100101101011010010001010001111110011001111110001010
000010010110001101001000101000111111001100111111000101000010010110101101001000101000111111001100111111000101
010001001011000110100100010100011111100110011111100010010001001011010110100100010100011111100110011111100010
001000100101100011010010001010001111110011001111110001001000100101101011010010001010001111110011001111110001
010100010010110001101001000101000111111001100111111000010100010010110101101001000101000111111001100111111000
001010001001011000110100100010100011111100110011111100001010001001011010110100100010100011111100110011111100
000101000100101100011010010001010001111110011001111110000101000100101101011010010001010001111110011001111110
000010100010010110001101001000101000111111001100111111000010100010010110101101001000101000111111001100111111
010001010001001011000110100100010100011111100110011111010001010001001011010110100100010100011111100110011111
011000101000100101100011010010001010001111110011001111011000101000100101101011010010001010001111110011001111
011100010100010010110001101001000101000111111001100111011100010100010010110101101001000101000111111001100111
011110001010001001011000110100100010100011111100110011011110001010001001011010110100100010100011111100110011
011111000101000100101100011010010001010001111110011001011111000101000100101101011010010001010001111110011001
011111100010100010010110001101001000101000111111001100011111100010100010010110101101001000101000111111001100
001111110001010001001011000110100100010100011111100110001111110001010001001011010110100100010100011111100110
000111111000101000100101100011010010001010001111110011000111111000101000100101101011010010001010001111110011
010011111100010100010010110001101001000101000111111001010011111100010100010010110101101001000101000111111001
011001111110001010001001011000110100100010100011111100011001111110001010001001011010110100100010100011111100
001100111111000101000100101100011010010001010001111110001100111111000101000100101101011010010001010001111110
000110011111100010100010010110001101001000101000111111000110011111100010100010010110101101001000101000111111
010011001111110001010001001011000110100100010100011111010011001111110001010001001011010110100100010100011111
011001100111111000101000100101100011010010001010001111011001100111111000101000100101101011010010001010001111
011100110011111100010100010010110001101001000101000111011100110011111100010100010010110101101001000101000111
011110011001111110001010001001011000110100100010100011011110011001111110001010001001011010110100100010100011
011111001100111111000101000100101100011010010001010001011111001100111111000101000100101101011010010001010001
011111100110011111100010100010010110001101001000101000011111100110011111100010100010010110101101001000101000
001111110011001111110001010001001011000110100100010100001111110011001111110001010001001011010110100100010100
000111111001100111111000101000100101100011010010001010000111111001100111111000101000100101101011010010001010
000011111100110011111100010100010010110001101001000101000011111100110011111100010100010010110101101001000101
010001111110011001111110001010001001011000110100100010010001111110011001111110001010001001011010110100100010
001000111111001100111111000101000100101100011010010001001000111111001100111111000101000100101101011010010001
010100011111100110011111100010100010010110001101001000010100011111100110011111100010100010010110101101001000
001010001111110011001111110001010001001011000110100100001010001111110011001111110001010001001011010110100100
000101000111111001100111111000101000100101100011010010000101000111111001100111111000101000100101101011010010
000010100011111100110011111100010100010010110001101001000010100011111100110011111100010100010010110101101001
010001010001111110011001111110001010001001011000110100010001010001111110011001111110001010001001011010110100
001000101000111111001100111111000101000100101100011010001000101000111111001100111111000101000100101101011010
000100010100011111100110011111100010100010010110001101000100010100011111100110011111100010100010010110101101
010010001010001111110011001111110001010001001011000110010010001010001111110011001111110001010001001011010110
001001000101000111111001100111111000101000100101100011001001000101000111111001100111111000101000100101101011
010100100010100011111100110011111100010100010010110001010100100010100011111100110011111100010100010010110101
011010010001010001111110011001111110001010001001011000011010010001010001111110011001111110001010001001011010
001101001000101000111111001100111111000101000100101100001101001000101000111111001100111111000101000100101101
100000000000000000000000000000000000000000000000000000111111111111111111111111111111111111111111111111111111
010110100100010100011111100110011111100010100010010110111001011011101011100000011001100000011101011101101001
001011010010001010001111110011001111110001010001001011111100101101110101110000001100110000001110101110110100
010101101001000101000111111001100111111000101000100101101110010110111010111000000110011000000111010111011010
011010110100100010100011111100110011111100010100010010100111001011011101011100000011001100000011101011101101
001101011010010001010001111110011001111110001010001001110011100101101110101110000001100110000001110101110110
010110101101001000101000111111001100111111000101000100101001110010110111010111000000110011000000111010111011
001011010110100100010100011111100110011111100010100010110100111001011011101011100000011001100000011101011101
000101101011010010001010001111110011001111110001010001111010011100101101110101110000001100110000001110101110
010010110101101001000101000111111001100111111000101000101101001110010110111010111000000110011000000111010111
001001011010110100100010100011111100110011111100010100110110100111001011011101011100000011001100000011101011
000100101101011010010001010001111110011001111110001010111011010011100101101110101110000001100110000001110101
000010010110101101001000101000111111001100111111000101111101101001110010110111010111000000110011000000111010
010001001011010110100100010100011111100110011111100010101110110100111001011011101011100000011001100000011101
001000100101101011010010001010001111110011001111110001110111011010011100101101110101110000001100110000001110
010100010010110101101001000101000111111001100111111000101011101101001110010110111010111000000110011000000111
001010001001011010110100100010100011111100110011111100110101110110100111001011011101011100000011001100000011
000101000100101101011010010001010001111110011001111110111010111011010011100101101110101110000001100110000001
000010100010010110101101001000101000111111001100111111111101011101101001110010110111010111000000110011000000
010001010001001011010110100100010100011111100110011111101110101110110100111001011011101011100000011001100000
011000101000100101101011010010001010001111110011001111100111010111011010011100101101110101110000001100110000
011100010100010010110101101001000101000111111001100111100011101011101101001110010110111010111000000110011000
011110001010001001011010110100100010100011111100110011100001110101110110100111001011011101011100000011001100
011111000101000100101101011010010001010001111110011001100000111010111011010011100101101110101110000001100110
011111100010100010010110101101001000101000111111001100100000011101011101101001110010110111010111000000110011
001111110001010001001011010110100100010100011111100110110000001110101110110100111001011011101011100000011001
000111111000101000100101101011010010001010001111110011111000000111010111011010011100101101110101110000001100
010011111100010100010010110101101001000101000111111001101100000011101011101101001110010110111010111000000110
011001111110001010001001011010110100100010100011111100100110000001110101110110100111001011011101011100000011
001100111111000101000100101101011010010001010001111110110011000000111010111011010011100101101110101110000001
000110011111100010100010010110101101001000101000111111111001100000011101011101101001110010110111010111000000
010011001111110001010001001011010110100100010100011111101100110000001110101110110100111001011011101011100000
011001100111111000101000100101101011010010001010001111100110011000000111010111011010011100101101110101110000
011100110011111100010100010010110101101001000101000111100011001100000011101011101101001110010110111010111000
011110011001111110001010001001011010110100100010100011100001100110000001110101110110100111001011011101011100
011111001100111111000101000100101101011010010001010001100000110011000000111010111011010011100101101110101110
011111100110011111100010100010010110101101001000101000100000011001100000011101011101101001110010110111010111
001111110011001111110001010001001011010110100100010100110000001100110000001110101110110100111001011011101011
000111111001100111111000101000100101101011010010001010111000000110011000000111010111011010011100101101110101
000011111100110011111100010100010010110101101001000101111100000011001100000011101011101101001110010110111010
010001111110011001111110001010001001011010110100100010101110000001100110000001110101110110100111001011011101
001000111111001100111111000101000100101101011010010001110111000000110011000000111010111011010011100101101110
010100011111100110011111100010100010010110101101001000101011100000011001100000011101011101101001110010110111
001010001111110011001111110001010001001011010110100100110101110000001100110000001110101110110100111001011011
000101000111111001100111111000101000100101101011010010111010111000000110011000000111010111011010011100101101
000010100011111100110011111100010100010010110101101001111101011100000011001100000011101011101101001110010110
010001010001111110011001111110001010001001011010110100101110101110000001100110000001110101110110100111001011
001000101000111111001100111111000101000100101101011010110111010111000000110011000000111010111011010011100101
000100010100011111100110011111100010100010010110101101111011101011100000011001100000011101011101101001110010
010010001010001111110011001111110001010001001011010110101101110101110000001100110000001110101110110100111001
001001000101000111111001100111111000101000100101101011110110111010111000000110011000000111010111011010011100
010100100010100011111100110011111100010100010010110101101011011101011100000011001100000011101011101101001110
011010010001010001111110011001111110001010001001011010100101101110101110000001100110000001110101110110100111
001101001000101000111111001100111111000101000100101101110010110111010111000000110011000000111010111011010011
111111111111111111111111111111111111111111111111111111011111111111111111111111111111111111111111111111111111
111001011011101011100000011001100000011101011101101001101001011011101011100000011001100000011101011101101001
111100101101110101110000001100110000001110101110110100110100101101110101110000001100110000001110101110110100
101110010110111010111000000110011000000111010111011010101010010110111010111000000110011000000111010111011010
100111001011011101011100000011001100000011101011101101100101001011011101011100000011001100000011101011101101
110011100101101110101110000001100110000001110101110110110010100101101110101110000001100110000001110101110110
101001110010110111010111000000110011000000111010111011101001010010110111010111000000110011000000111010111011
110100111001011011101011100000011001100000011101011101110100101001011011101011100000011001100000011101011101
111010011100101101110101110000001100110000001110101110111010010100101101110101110000001100110000001110101110
101101001110010110111010111000000110011000000111010111101101001010010110111010111000000110011000000111010111
110110100111001011011101011100000011001100000011101011110110100101001011011101011100000011001100000011101011
111011010011100101101110101110000001100110000001110101111011010010100101101110101110000001100110000001110101
111101101001110010110111010111000000110011000000111010111101101001010010110111010111000000110011000000111010
101110110100111001011011101011100000011001100000011101101110110100101001011011101011100000011001100000011101
110111011010011100101101110101110000001100110000001110110111011010010100101101110101110000001100110000001110
101011101101001110010110111010111000000110011000000111101011101101001010010110111010111000000110011000000111
110101110110100111001011011101011100000011001100000011110101110110100101001011011101011100000011001100000011
111010111011010011100101101110101110000001100110000001111010111011010010100101101110101110000001100110000001
111101011101101001110010110111010111000000110011000000111101011101101001010010110111010111000000110011000000
101110101110110100111001011011101011100000011001100000101110101110110100101001011011101011100000011001100000
100111010111011010011100101101110101110000001100110000100111010111011010010100101101110101110000001100110000
100011101011101101001110010110111010111000000110011000100011101011101101001010010110111010111000000110011000
100001110101110110100111001011011101011100000011001100100001110101110110100101001011011101011100000011001100
100000111010111011010011100101101110101110000001100110100000111010111011010010100101101110101110000001100110
100000011101011101101001110010110111010111000000110011100000011101011101101001010010110111010111000000110011
110000001110101110110100111001011011101011100000011001110000001110101110110100101001011011101011100000011001
111000000111010111011010011100101101110101110000001100111000000111010111011010010100101101110101110000001100
101100000011101011101101001110010110111010111000000110101100000011101011101101001010010110111010111000000110
100110000001110101110110100111001011011101011100000011100110000001110101110110100101001011011101011100000011
110011000000111010111011010011100101101110101110000001110011000000111010111011010010100101101110101110000001
111001100000011101011101101001110010110111010111000000111001100000011101011101101001010010110111010111000000
101100110000001110101110110100111001011011101011100000101100110000001110101110110100101001011011101011100000
100110011000000111010111011010011100101101110101110000100110011000000111010111011010010100101101110101110000
100011001100000011101011101101001110010110111010111000100011001100000011101011101101001010010110111010111000
100001100110000001110101110110100111001011011101011100100001100110000001110101110110100101001011011101011100
100000110011000000111010111011010011100101101110101110100000110011000000111010111011010010100101101110101110
100000011001100000011101011101101001110010110111010111100000011001100000011101011101101001010010110111010111
110000001100110000001110101110110100111001011011101011110000001100110000001110101110110100101001011011101011
111000000110011000000111010111011010011100101101110101111000000110011000000111010111011010010100101101110101
111100000011001100000011101011101101001110010110111010111100000011001100000011101011101101001010010110111010
101110000001100110000001110101110110100111001011011101101110000001100110000001110101110110100101001011011101
110111000000110011000000111010111011010011100101101110110111000000110011000000111010111011010010100101101110
101011100000011001100000011101011101101001110010110111101011100000011001100000011101011101101001010010110111
110101110000001100110000001110101110110100111001011011110101110000001100110000001110101110110100101001011011
111010111000000110011000000111010111011010011100101101111010111000000110011000000111010111011010010100101101
111101011100000011001100000011101011101101001110010110111101011100000011001100000011101011101101001010010110
101110101110000001100110000001110101110110100111001011101110101110000001100110000001110101110110100101001011
110111010111000000110011000000111010111011010011100101110111010111000000110011000000111010111011010010100101
111011101011100000011001100000011101011101101001110010111011101011100000011001100000011101011101101001010010
101101110101110000001100110000001110101110110100111001101101110101110000001100110000001110101110110100101001
110110111010111000000110011000000111010111011010011100110110111010111000000110011000000111010111011010010100
101011011101011100000011001100000011101011101101001110101011011101011100000011001100000011101011101101001010
100101101110101110000001100110000001110101110110100111100101101110101110000001100110000001110101110110100101
110010110111010111000000110011000000111010111011010011110010110111010111000000110011000000111010111011010010
011111111111111111111111111111111111111111111111111111000000000000000000000000000000000000000000000000000000
101001011011101011100000011001100000011101011101101001000110100100010100011111100110011111100010100010010110
110100101101110101110000001100110000001110101110110100000011010010001010001111110011001111110001010001001011
101010010110111010111000000110011000000111010111011010010001101001000101000111111001100111111000101000100101
100101001011011101011100000011001100000011101011101101011000110100100010100011111100110011111100010100010010
110010100101101110101110000001100110000001110101110110001100011010010001010001111110011001111110001010001001
101001010010110111010111000000110011000000111010111011010110001101001000101000111111001100111111000101000100
110100101001011011101011100000011001100000011101011101001011000110100100010100011111100110011111100010100010
111010010100101101110101110000001100110000001110101110000101100011010010001010001111110011001111110001010001
101101001010010110111010111000000110011000000111010111010010110001101001000101000111111001100111111000101000
110110100101001011011101011100000011001100000011101011001001011000110100100010100011111100110011111100010100
111011010010100101101110101110000001100110000001110101000100101100011010010001010001111110011001111110001010
111101101001010010110111010111000000110011000000111010000010010110001101001000101000111111001100111111000101
101110110100101001011011101011100000011001100000011101010001001011000110100100010100011111100110011111100010
110111011010010100101101110101110000001100110000001110001000100101100011010010001010001111110011001111110001
101011101101001010010110111010111000000110011000000111010100010010110001101001000101000111111001100111111000
110101110110100101001011011101011100000011001100000011001010001001011000110100100010100011111100110011111100
111010111011010010100101101110101110000001100110000001000101000100101100011010010001010001111110011001111110
111101011101101001010010110111010111000000110011000000000010100010010110001101001000101000111111001100111111
101110101110110100101001011011101011100000011001100000010001010001001011000110100100010100011111100110011111
100111010111011010010100101101110101110000001100110000011000101000100101100011010010001010001111110011001111
100011101011101101001010010110111010111000000110011000011100010100010010110001101001000101000111111001100111
100001110101110110100101001011011101011100000011001100011110001010001001011000110100100010100011111100110011
100000111010111011010010100101101110101110000001100110011111000101000100101100011010010001010001111110011001
100000011101011101101001010010110111010111000000110011011111100010100010010110001101001000101000111111001100
110000001110101110110100101001011011101011100000011001001111110001010001001011000110100100010100011111100110
111000000111010111011010010100101101110101110000001100000111111000101000100101100011010010001010001111110011
101100000011101011101101001010010110111010111000000110010011111100010100010010110001101001000101000111111001
100110000001110101110110100101001011011101011100000011011001111110001010001001011000110100100010100011111100
110011000000111010111011010010100101101110101110000001001100111111000101000100101100011010010001010001111110
111001100000011101011101101001010010110111010111000000000110011111100010100010010110001101001000101000111111
101100110000001110101110110100101001011011101011100000010011001111110001010001001011000110100100010100011111
100110011000000111010111011010010100101101110101110000011001100111111000101000100101100011010010001010001111
100011001100000011101011101101001010010110111010111000011100110011111100010100010010110001101001000101000111
100001100110000001110101110110100101001011011101011100011110011001111110001010001001011000110100100010100011
100000110011000000111010111011010010100101101110101110011111001100111111000101000100101100011010010001010001
100000011001100000011101011101101001010010110111010111011111100110011111100010100010010110001101001000101000
110000001100110000001110101110110100101001011011101011001111110011001111110001010001001011000110100100010100
111000000110011000000111010111011010010100101101110101000111111001100111111000101000100101100011010010001010
111100000011001100000011101011101101001010010110111010000011111100110011111100010100010010110001101001000101
101110000001100110000001110101110110100101001011011101010001111110011001111110001010001001011000110100100010
110111000000110011000000111010111011010010100101101110001000111111001100111111000101000100101100011010010001
101011100000011001100000011101011101101001010010110111010100011111100110011111100010100010010110001101001000
110101110000001100110000001110101110110100101001011011001010001111110011001111110001010001001011000110100100
111010111000000110011000000111010111011010010100101101000101000111111001100111111000101000100101100011010010
111101011100000011001100000011101011101101001010010110000010100011111100110011111100010100010010110001101001
101110101110000001100110000001110101110110100101001011010001010001111110011001111110001010001001011000110100
110111010111000000110011000000111010111011010010100101001000101000111111001100111111000101000100101100011010
111011101011100000011001100000011101011101101001010010000100010100011111100110011111100010100010010110001101
101101110101110000001100110000001110101110110100101001010010001010001111110011001111110001010001001011000110
110110111010111000000110011000000111010111011010010100001001000101000111111001100111111000101000100101100011
101011011101011100000011001100000011101011101101001010010100100010100011111100110011111100010100010010110001
100101101110101110000001100110000001110101110110100101011010010001010001111110011001111110001010001001011000
110010110111010111000000110011000000111010111011010010001101001000101000111111001100111111000101000100101100
