01111111111111111111111111111111111111111111111111111111111111111111111111111111111111111111111111111111
00110100111000111111100010110111011101010010000100110100110111101101010001000100101110000000111000110100
00011010011100011111110001011011101110101001000010011010011011110110101000100010010111000000011100011010
00001101001110001111111000101101110111010100100001001101001101111011010100010001001011100000001110001101
01000110100111000111111100010110111011101010010000100110100110111101101010001000100101110000000111000110
00100011010011100011111110001011011101110101001000010011010011011110110101000100010010111000000011100011
01010001101001110001111111000101101110111010100100001001101001101111011010100010001001011100000001110001
01101000110100111000111111100010110111011101010010000100110100110111101101010001000100101110000000111000
00110100011010011100011111110001011011101110101001000010011010011011110110101000100010010111000000011100
00011010001101001110001111111000101101110111010100100001001101001101111011010100010001001011100000001110
00001101000110100111000111111100010110111011101010010000100110100110111101101010001000100101110000000111
01000110100011010011100011111110001011011101110101001000010011010011011110110101000100010010111000000011
01100011010001101001110001111111000101101110111010100100001001101001101111011010100010001001011100000001
01110001101000110100111000111111100010110111011101010010000100110100110111101101010001000100101110000000
00111000110100011010011100011111110001011011101110101001000010011010011011110110101000100010010111000000
00011100011010001101001110001111111000101101110111010100100001001101001101111011010100010001001011100000
00001110001101000110100111000111111100010110111011101010010000100110100110111101101010001000100101110000
00000111000110100011010011100011111110001011011101110101001000010011010011011110110101000100010010111000
00000011100011010001101001110001111111000101101110111010100100001001101001101111011010100010001001011100
00000001110001101000110100111000111111100010110111011101010010000100110100110111101101010001000100101110
00000000111000110100011010011100011111110001011011101110101001000010011010011011110110101000100010010111
01000000011100011010001101001110001111111000101101110111010100100001001101001101111011010100010001001011
01100000001110001101000110100111000111111100010110111011101010010000100110100110111101101010001000100101
01110000000111000110100011010011100011111110001011011101110101001000010011010011011110110101000100010010
00111000000011100011010001101001110001111111000101101110111010100100001001101001101111011010100010001001
01011100000001110001101000110100111000111111100010110111011101010010000100110100110111101101010001000100
00101110000000111000110100011010011100011111110001011011101110101001000010011010011011110110101000100010
00010111000000011100011010001101001110001111111000101101110111010100100001001101001101111011010100010001
01001011100000001110001101000110100111000111111100010110111011101010010000100110100110111101101010001000
00100101110000000111000110100011010011100011111110001011011101110101001000010011010011011110110101000100
00010010111000000011100011010001101001110001111111000101101110111010100100001001101001101111011010100010
00001001011100000001110001101000110100111000111111100010110111011101010010000100110100110111101101010001
01000100101110000000111000110100011010011100011111110001011011101110101001000010011010011011110110101000
00100010010111000000011100011010001101001110001111111000101101110111010100100001001101001101111011010100
00010001001011100000001110001101000110100111000111111100010110111011101010010000100110100110111101101010
00001000100101110000000111000110100011010011100011111110001011011101110101001000010011010011011110110101
01000100010010111000000011100011010001101001110001111111000101101110111010100100001001101001101111011010
00100010001001011100000001110001101000110100111000111111100010110111011101010010000100110100110111101101
01010001000100101110000000111000110100011010011100011111110001011011101110101001000010011010011011110110
00101000100010010111000000011100011010001101001110001111111000101101110111010100100001001101001101111011
01010100010001001011100000001110001101000110100111000111111100010110111011101010010000100110100110111101
01101010001000100101110000000111000110100011010011100011111110001011011101110101001000010011010011011110
00110101000100010010111000000011100011010001101001110001111111000101101110111010100100001001101001101111
01011010100010001001011100000001110001101000110100111000111111100010110111011101010010000100110100110111
01101101010001000100101110000000111000110100011010011100011111110001011011101110101001000010011010011011
01110110101000100010010111000000011100011010001101001110001111111000101101110111010100100001001101001101
01111011010100010001001011100000001110001101000110100111000111111100010110111011101010010000100110100110
00111101101010001000100101110000000111000110100011010011100011111110001011011101110101001000010011010011
01011110110101000100010010111000000011100011010001101001110001111111000101101110111010100100001001101001
01101111011010100010001001011100000001110001101000110100111000111111100010110111011101010010000100110100
00110111101101010001000100101110000000111000110100011010011100011111110001011011101110101001000010011010
00011011110110101000100010010111000000011100011010001101001110001111111000101101110111010100100001001101
01001101111011010100010001001011100000001110001101000110100111000111111100010110111011101010010000100110
00100110111101101010001000100101110000000111000110100011010011100011111110001011011101110101001000010011
01010011011110110101000100010010111000000011100011010001101001110001111111000101101110111010100100001001
01101001101111011010100010001001011100000001110001101000110100111000111111100010110111011101010010000100
00110100110111101101010001000100101110000000111000110100011010011100011111110001011011101110101001000010
00011010011011110110101000100010010111000000011100011010001101001110001111111000101101110111010100100001
01001101001101111011010100010001001011100000001110001101000110100111000111111100010110111011101010010000
00100110100110111101101010001000100101110000000111000110100011010011100011111110001011011101110101001000
00010011010011011110110101000100010010111000000011100011010001101001110001111111000101101110111010100100
00001001101001101111011010100010001001011100000001110001101000110100111000111111100010110111011101010010
00000100110100110111101101010001000100101110000000111000110100011010011100011111110001011011101110101001
01000010011010011011110110101000100010010111000000011100011010001101001110001111111000101101110111010100
00100001001101001101111011010100010001001011100000001110001101000110100111000111111100010110111011101010
00010000100110100110111101101010001000100101110000000111000110100011010011100011111110001011011101110101
01001000010011010011011110110101000100010010111000000011100011010001101001110001111111000101101110111010
00100100001001101001101111011010100010001001011100000001110001101000110100111000111111100010110111011101
01010010000100110100110111101101010001000100101110000000111000110100011010011100011111110001011011101110
00101001000010011010011011110110101000100010010111000000011100011010001101001110001111111000101101110111
01010100100001001101001101111011010100010001001011100000001110001101000110100111000111111100010110111011
01101010010000100110100110111101101010001000100101110000000111000110100011010011100011111110001011011101
01110101001000010011010011011110110101000100010010111000000011100011010001101001110001111111000101101110
00111010100100001001101001101111011010100010001001011100000001110001101000110100111000111111100010110111
01011101010010000100110100110111101101010001000100101110000000111000110100011010011100011111110001011011
01101110101001000010011010011011110110101000100010010111000000011100011010001101001110001111111000101101
01110111010100100001001101001101111011010100010001001011100000001110001101000110100111000111111100010110
00111011101010010000100110100110111101101010001000100101110000000111000110100011010011100011111110001011
01011101110101001000010011010011011110110101000100010010111000000011100011010001101001110001111111000101
01101110111010100100001001101001101111011010100010001001011100000001110001101000110100111000111111100010
00110111011101010010000100110100110111101101010001000100101110000000111000110100011010011100011111110001
01011011101110101001000010011010011011110110101000100010010111000000011100011010001101001110001111111000
00101101110111010100100001001101001101111011010100010001001011100000001110001101000110100111000111111100
00010110111011101010010000100110100110111101101010001000100101110000000111000110100011010011100011111110
00001011011101110101001000010011010011011110110101000100010010111000000011100011010001101001110001111111
01000101101110111010100100001001101001101111011010100010001001011100000001110001101000110100111000111111
01100010110111011101010010000100110100110111101101010001000100101110000000111000110100011010011100011111
01110001011011101110101001000010011010011011110110101000100010010111000000011100011010001101001110001111
01111000101101110111010100100001001101001101111011010100010001001011100000001110001101000110100111000111
01111100010110111011101010010000100110100110111101101010001000100101110000000111000110100011010011100011
01111110001011011101110101001000010011010011011110110101000100010010111000000011100011010001101001110001
01111111000101101110111010100100001001101001101111011010100010001001011100000001110001101000110100111000
00111111100010110111011101010010000100110100110111101101010001000100101110000000111000110100011010011100
00011111110001011011101110101001000010011010011011110110101000100010010111000000011100011010001101001110
00001111111000101101110111010100100001001101001101111011010100010001001011100000001110001101000110100111
01000111111100010110111011101010010000100110100110111101101010001000100101110000000111000110100011010011
01100011111110001011011101110101001000010011010011011110110101000100010010111000000011100011010001101001
01110001111111000101101110111010100100001001101001101111011010100010001001011100000001110001101000110100
00111000111111100010110111011101010010000100110100110111101101010001000100101110000000111000110100011010
00011100011111110001011011101110101001000010011010011011110110101000100010010111000000011100011010001101
01001110001111111000101101110111010100100001001101001101111011010100010001001011100000001110001101000110
00100111000111111100010110111011101010010000100110100110111101101010001000100101110000000111000110100011
01010011100011111110001011011101110101001000010011010011011110110101000100010010111000000011100011010001
01101001110001111111000101101110111010100100001001101001101111011010100010001001011100000001110001101000
10000000000000000000000000000000000000000000000000000000000000000000000000000000000000000000000000000000
11001011000111000000011101001000100010101101111011001011001000010010101110111011010001111111000111001011
11100101100011100000001110100100010001010110111101100101100100001001010111011101101000111111100011100101
11110010110001110000000111010010001000101011011110110010110010000100101011101110110100011111110001110010
10111001011000111000000011101001000100010101101111011001011001000010010101110111011010001111111000111001
11011100101100011100000001110100100010001010110111101100101100100001001010111011101101000111111100011100
10101110010110001110000000111010010001000101011011110110010110010000100101011101110110100011111110001110
10010111001011000111000000011101001000100010101101111011001011001000010010101110111011010001111111000111
11001011100101100011100000001110100100010001010110111101100101100100001001010111011101101000111111100011
11100101110010110001110000000111010010001000101011011110110010110010000100101011101110110100011111110001
11110010111001011000111000000011101001000100010101101111011001011001000010010101110111011010001111111000
10111001011100101100011100000001110100100010001010110111101100101100100001001010111011101101000111111100
10011100101110010110001110000000111010010001000101011011110110010110010000100101011101110110100011111110
10001110010111001011000111000000011101001000100010101101111011001011001000010010101110111011010001111111
11000111001011100101100011100000001110100100010001010110111101100101100100001001010111011101101000111111
11100011100101110010110001110000000111010010001000101011011110110010110010000100101011101110110100011111
11110001110010111001011000111000000011101001000100010101101111011001011001000010010101110111011010001111
11111000111001011100101100011100000001110100100010001010110111101100101100100001001010111011101101000111
11111100011100101110010110001110000000111010010001000101011011110110010110010000100101011101110110100011
11111110001110010111001011000111000000011101001000100010101101111011001011001000010010101110111011010001
11111111000111001011100101100011100000001110100100010001010110111101100101100100001001010111011101101000
10111111100011100101110010110001110000000111010010001000101011011110110010110010000100101011101110110100
10011111110001110010111001011000111000000011101001000100010101101111011001011001000010010101110111011010
10001111111000111001011100101100011100000001110100100010001010110111101100101100100001001010111011101101
11000111111100011100101110010110001110000000111010010001000101011011110110010110010000100101011101110110
10100011111110001110010111001011000111000000011101001000100010101101111011001011001000010010101110111011
11010001111111000111001011100101100011100000001110100100010001010110111101100101100100001001010111011101
11101000111111100011100101110010110001110000000111010010001000101011011110110010110010000100101011101110
10110100011111110001110010111001011000111000000011101001000100010101101111011001011001000010010101110111
11011010001111111000111001011100101100011100000001110100100010001010110111101100101100100001001010111011
11101101000111111100011100101110010110001110000000111010010001000101011011110110010110010000100101011101
11110110100011111110001110010111001011000111000000011101001000100010101101111011001011001000010010101110
10111011010001111111000111001011100101100011100000001110100100010001010110111101100101100100001001010111
11011101101000111111100011100101110010110001110000000111010010001000101011011110110010110010000100101011
11101110110100011111110001110010111001011000111000000011101001000100010101101111011001011001000010010101
11110111011010001111111000111001011100101100011100000001110100100010001010110111101100101100100001001010
10111011101101000111111100011100101110010110001110000000111010010001000101011011110110010110010000100101
11011101110110100011111110001110010111001011000111000000011101001000100010101101111011001011001000010010
10101110111011010001111111000111001011100101100011100000001110100100010001010110111101100101100100001001
11010111011101101000111111100011100101110010110001110000000111010010001000101011011110110010110010000100
10101011101110110100011111110001110010111001011000111000000011101001000100010101101111011001011001000010
10010101110111011010001111111000111001011100101100011100000001110100100010001010110111101100101100100001
11001010111011101101000111111100011100101110010110001110000000111010010001000101011011110110010110010000
10100101011101110110100011111110001110010111001011000111000000011101001000100010101101111011001011001000
10010010101110111011010001111111000111001011100101100011100000001110100100010001010110111101100101100100
10001001010111011101101000111111100011100101110010110001110000000111010010001000101011011110110010110010
10000100101011101110110100011111110001110010111001011000111000000011101001000100010101101111011001011001
11000010010101110111011010001111111000111001011100101100011100000001110100100010001010110111101100101100
10100001001010111011101101000111111100011100101110010110001110000000111010010001000101011011110110010110
10010000100101011101110110100011111110001110010111001011000111000000011101001000100010101101111011001011
11001000010010101110111011010001111111000111001011100101100011100000001110100100010001010110111101100101
11100100001001010111011101101000111111100011100101110010110001110000000111010010001000101011011110110010
10110010000100101011101110110100011111110001110010111001011000111000000011101001000100010101101111011001
11011001000010010101110111011010001111111000111001011100101100011100000001110100100010001010110111101100
10101100100001001010111011101101000111111100011100101110010110001110000000111010010001000101011011110110
10010110010000100101011101110110100011111110001110010111001011000111000000011101001000100010101101111011
11001011001000010010101110111011010001111111000111001011100101100011100000001110100100010001010110111101
11100101100100001001010111011101101000111111100011100101110010110001110000000111010010001000101011011110
10110010110010000100101011101110110100011111110001110010111001011000111000000011101001000100010101101111
11011001011001000010010101110111011010001111111000111001011100101100011100000001110100100010001010110111
11101100101100100001001010111011101101000111111100011100101110010110001110000000111010010001000101011011
11110110010110010000100101011101110110100011111110001110010111001011000111000000011101001000100010101101
11111011001011001000010010101110111011010001111111000111001011100101100011100000001110100100010001010110
10111101100101100100001001010111011101101000111111100011100101110010110001110000000111010010001000101011
11011110110010110010000100101011101110110100011111110001110010111001011000111000000011101001000100010101
11101111011001011001000010010101110111011010001111111000111001011100101100011100000001110100100010001010
10110111101100101100100001001010111011101101000111111100011100101110010110001110000000111010010001000101
11011011110110010110010000100101011101110110100011111110001110010111001011000111000000011101001000100010
10101101111011001011001000010010101110111011010001111111000111001011100101100011100000001110100100010001
11010110111101100101100100001001010111011101101000111111100011100101110010110001110000000111010010001000
10101011011110110010110010000100101011101110110100011111110001110010111001011000111000000011101001000100
10010101101111011001011001000010010101110111011010001111111000111001011100101100011100000001110100100010
10001010110111101100101100100001001010111011101101000111111100011100101110010110001110000000111010010001
11000101011011110110010110010000100101011101110110100011111110001110010111001011000111000000011101001000
10100010101101111011001011001000010010101110111011010001111111000111001011100101100011100000001110100100
10010001010110111101100101100100001001010111011101101000111111100011100101110010110001110000000111010010
10001000101011011110110010110010000100101011101110110100011111110001110010111001011000111000000011101001
11000100010101101111011001011001000010010101110111011010001111111000111001011100101100011100000001110100
10100010001010110111101100101100100001001010111011101101000111111100011100101110010110001110000000111010
10010001000101011011110110010110010000100101011101110110100011111110001110010111001011000111000000011101
11001000100010101101111011001011001000010010101110111011010001111111000111001011100101100011100000001110
10100100010001010110111101100101100100001001010111011101101000111111100011100101110010110001110000000111
11010010001000101011011110110010110010000100101011101110110100011111110001110010111001011000111000000011
11101001000100010101101111011001011001000010010101110111011010001111111000111001011100101100011100000001
11110100100010001010110111101100101100100001001010111011101101000111111100011100101110010110001110000000
10111010010001000101011011110110010110010000100101011101110110100011111110001110010111001011000111000000
10011101001000100010101101111011001011001000010010101110111011010001111111000111001011100101100011100000
10001110100100010001010110111101100101100100001001010111011101101000111111100011100101110010110001110000
10000111010010001000101011011110110010110010000100101011101110110100011111110001110010111001011000111000
10000011101001000100010101101111011001011001000010010101110111011010001111111000111001011100101100011100
10000001110100100010001010110111101100101100100001001010111011101101000111111100011100101110010110001110
10000000111010010001000101011011110110010110010000100101011101110110100011111110001110010111001011000111
11000000011101001000100010101101111011001011001000010010101110111011010001111111000111001011100101100011
11100000001110100100010001010110111101100101100100001001010111011101101000111111100011100101110010110001
11110000000111010010001000101011011110110010110010000100101011101110110100011111110001110010111001011000
10111000000011101001000100010101101111011001011001000010010101110111011010001111111000111001011100101100
10011100000001110100100010001010110111101100101100100001001010111011101101000111111100011100101110010110
10001110000000111010010001000101011011110110010110010000100101011101110110100011111110001110010111001011
11000111000000011101001000100010101101111011001011001000010010101110111011010001111111000111001011100101
11100011100000001110100100010001010110111101100101100100001001010111011101101000111111100011100101110010
10110001110000000111010010001000101011011110110010110010000100101011101110110100011111110001110010111001
11011000111000000011101001000100010101101111011001011001000010010101110111011010001111111000111001011100
10101100011100000001110100100010001010110111101100101100100001001010111011101101000111111100011100101110
10010110001110000000111010010001000101011011110110010110010000100101011101110110100011111110001110010111
