00000000000000000000
20211021210100110000
10122012120200220000
02021102121010011000
22202120001110121000
12110111211210201000
01012201212020022000
21220222122120102000
11101210002220212000
00202110212101001100
20110101122201111100
10021122002001221100
02220212000111012100
22101200210211122100
12012221120011202100
01211011121121020100
21122002001221100100
11000020211021210100
00101220121202002200
20012211001002112200
10220202211102222200
02122022212212010200
22000010122012120200
12211001002112200200
01110121000222021200
21021112210022101200
11202100120122211200
00020211021210100110
20201202201010210110
10112220111110020110
02011010112220111110
22222001022020221110
12100022202120001110
01002112200200122110
21210100110000202110
11121121020100012110
00222021200011101210
20100012110111211210
10011000020211021210
02210120021021112210
22121111201121222210
12002102111221002210
01201222112001120210
21112210022101200210
11020201202201010210
00121101112112102010
20002122022212212010
10210110202012022010
02112200200122110010
22020221110222220010
12201212020022000010
01100002021102121010
21011020201202201010
11222011111002011010
00010122012120200220
20221110222220010220
10102101102020120220
02001221100100211220
22212212010200021220
12120200220000101220
01022020221110222220
21200011101210002220
11111002011010112220
00212202221221201020
20120220101021011020
10001211011121121020
02200001012201212020
22111022222001022020
12022010102101102020
01221100100211220020
21102121010011000020
11010112220111110020
00111012100022202120
20022000010122012120
10200021220222122120
02102111221002210120
22010102101102020120
12221120011202100120
01120210012012221120
21001201222112001120
11212222102212111120
00002021102121010011
20210012012221120011
10121000222021200011
02020120220101021011
22201111100201101011
12112102010001211011
01011222011111002011
21222210221211112011
11100201101011222011
00201101011222011111
20112122221022121111
10020110101122201111
02222200102202022111
22100221012002102111
12011212222102212111
01210002220212000111
21121020100012110111
11002011010112220111
00100211220020012211
20011202100120122211
10222220010220202211
02121010011000020211
22002001221100100211
12210022101200210211
01112112102010001211
21020100012110111211
11201121222210221211
00022202120001110121
20200220000101220121
10111211210201000121
02010001211011121121
22221022121111201121
12102010001211011121
01001100002021102121
21212121212121212121
11120112122221022121
00221012002102111221
20102000212202221221
10010021122002001221
02212111120112122221
22120102000212202221
12001120210012012221
01200210211122100221
21111201121222210221
11022222001022020221
00120122211200112021
20001110121000222021
10212101001100002021
02111221002210120021
22022212212010200021
12200200122110010021
01102020120220101021
21010011000020211021
11221002210120021021
00012110111211210201
20220101021011020201
10101122201111100201
02000212202221221201
22211200112021001201
12122221022121111201
01021011020201202201
21202002200001012201
11110020110101122201
00211220020012211001
20122211200112021001
10000202110212101001
02202022111022222001
22110010021122002001
12021001201222112001
01220121202002200001
21101112112102010001
11012100022202120001
00110000202110212101
20021021112210022101
10202012022010102101
02101102020120220101
22012120200220000101
12220111110020110101
01122201111100201101
21000222021200011101
11211210201000121101
00001012201212020022
20212000111012100022
10120021021112210022
02022111022222001022
22200102202022111022
12111120112122221022
01010210110202012022
21221201020002122022
11102222200102202022
00200122110010021122
20111110020110101122
10022101200210211122
02221221201020002122
22102212111120112122
12010200021220222122
01212020022000010122
21120011202100120122
11001002112200200122
00102202022111022222
20010220202211102222
10221211112011212222
02120001110121000222
22001022020221110222
12212010200021220222
01111100201101011222
21022121111201121222
11200112021001201222
00021220222122120102
20202211102222200102
10110202012022010102
02012022010102101102
22220010220202211102
12101001100002021102
01000121101112112102
21211112011212222102
11122100221012002102
00220000101220121202
20101021011020201202
10012012221120011202
02211102222200102202
22122120102000212202
12000111012100022202
01202201010210110202
21110222220010220202
11021210100110000202
00122110010021122002
20000101220121202002
10211122100221012002
02110212101001100002
22021200011101210002
12202221221201020002
01101011222011111002
21012002102111221002
11220020012211001002
00011101210002220212
20222122120102000212
10100110000202110212
02002200001012201212
22210221211112011212
12121212121212121212
01020002122022212212
21201020002122022212
11112011212222102212
00210211122100221012
20121202002200001012
10002220212000111012
02201010210110202012
22112001120210012012
12020022000010122012
01222112001120210012
21100100211220020012
11011121121020100012
00112021001201222112
20020012211001002112
10201000121101112112
02100120122211200112
22011111002011010112
12222102212111120112
01121222210221211112
21002210120021021112
11210201000121101112
