011100000101000010100000111011100000101000010100000111011011010001100110001011011000100101110011001110100100
101110000010100001010000011101110000010100001010000011101101101000110011000101101000010010111001100111010010
110111000001010000101000001110111000001010000101000001110110110100011001100010110000001001011100110011101001
111011100000101000010100000111011100000101000010100000011011011010001100110001011100000100101110011001110100
011101110000010100001010000011101110000010100001010000101101101101000110011000101010000010010111001100111010
001110111000001010000101000001110111000001010000101000110110110110100011001100010001000001001011100110011101
000111011100000101000010100000111011100000101000010100011011011011010001100110001100100000100101110011001110
000011101110000010100001010000011101110000010100001010101101101101101000110011000010010000010010111001100111
000001110111000001010000101000001110111000001010000101010110110110110100011001100101001000001001011100110011
100000111011100000101000010100000111011100000101000010001011011011011010001100110110100100000100101110011001
010000011101110000010100001010000011101110000010100001000101101101101101000110011111010010000010010111001100
101000001110111000001010000101000001110111000001010000100010110110110110100011001011101001000001001011100110
010100000111011100000101000010100000111011100000101000110001011011011011010001100001110100100000100101110011
001010000011101110000010100001010000011101110000010100011000101101101101101000110100111010010000010010111001
000101000001110111000001010000101000001110111000001010001100010110110110110100011110011101001000001001011100
000010100000111011100000101000010100000111011100000101100110001011011011011010001011001110100100000100101110
100001010000011101110000010100001010000011101110000010110011000101101101101101000001100111010010000010010111
010000101000001110111000001010000101000001110111000001011001100010110110110110100100110011101001000001001011
101000010100000111011100000101000010100000111011100000001100110001011011011011010110011001110100100000100101
010100001010000011101110000010100001010000011101110000000110011000101101101101101111001100111010010000010010
001010000101000001110111000001010000101000001110111000100011001100010110110110110011100110011101001000001001
000101000010100000111011100000101000010100000111011100010001100110001011011011011101110011001110100100000100
000010100001010000011101110000010100001010000011101110101000110011000101101101101010111001100111010010000010
000001010000101000001110111000001010000101000001110111110100011001100010110110110001011100110011101001000001
100000101000010100000111011100000101000010100000111011011010001100110001011011011100101110011001110100100000
110000010100001010000011101110000010100001010000011101101101000110011000101101101010010111001100111010010000
111000001010000101000001110111000001010000101000001110110110100011001100010110110001001011100110011101001000
100011111010111101011111000011100000101000010100000111111011010001100110001011011011011010001100110001011011
010001111101011110101111100101110000010100001010000011111101101000110011000101101101101101000110011000101101
001000111110101111010111110110111000001010000101000001111110110100011001100010110110110110100011001100010110
000100011111010111101011111111011100000101000010100000011111011010001100110001011011011011010001100110001011
100010001111101011110101111011101110000010100001010000101111101101000110011000101101101101101000110011000101
110001000111110101111010111001110111000001010000101000110111110110100011001100010110110110110100011001100010
111000100011111010111101011000111011100000101000010100011011111011010001100110001011011011011010001100110001
111100010001111101011110101000011101110000010100001010101101111101101000110011000101101101101101000110011000
111110001000111110101111010000001110111000001010000101010110111110110100011001100010110110110110100011001100
011111000100011111010111101100000111011100000101000010001011011111011010001100110001011011011011010001100110
101111100010001111101011110010000011101110000010100001000101101111101101000110011000101101101101101000110011
010111110001000111110101111101000001110111000001010000100010110111110110100011001100010110110110110100011001
101011111000100011111010111010100000111011100000101000110001011011111011010001100110001011011011011010001100
110101111100010001111101011001010000011101110000010100011000101101111101101000110011000101101101101101000110
111010111110001000111110101000101000001110111000001010001100010110111110110100011001100010110110110110100011
111101011111000100011111010000010100000111011100000101100110001011011111011010001100110001011011011011010001
011110101111100010001111101100001010000011101110000010110011000101101111101101000110011000101101101101101000
101111010111110001000111110010000101000001110111000001011001100010110111110110100011001100010110110110110100
010111101011111000100011111101000010100000111011100000001100110001011011111011010001100110001011011011011010
101011110101111100010001111010100001010000011101110000000110011000101101111101101000110011000101101101101101
110101111010111110001000111001010000101000001110111000100011001100010110111110110100011001100010110110110110
111010111101011111000100011000101000010100000111011100010001100110001011011111011010001100110001011011011011
111101011110101111100010001000010100001010000011101110101000110011000101101111101101000110011000101101101101
111110101111010111110001000000001010000101000001110111110100011001100010110111110110100011001100010110110110
011111010111101011111000100100000101000010100000111011011010001100110001011011111011010001100110001011011011
001111101011110101111100010110000010100001010000011101101101000110011000101101111101101000110011000101101101
000111110101111010111110001111000001010000101000001110110110100011001100010110111110110100011001100010110110
100100101110011001110100100000100101110011001110100100011100000101000010100000111100011111010111101011111000
010010010111001100111010010000010010111001100111010010101110000010100001010000011010001111101011110101111100
001001001011100110011101001000001001011100110011101001110111000001010000101000001001000111110101111010111110
100100100101110011001110100100000100101110011001110100111011100000101000010100000000100011111010111101011111
010010010010111001100111010010000010010111001100111010011101110000010100001010000100010001111101011110101111
001001001001011100110011101001000001001011100110011101001110111000001010000101000110001000111110101111010111
100100100100101110011001110100100000100101110011001110000111011100000101000010100111000100011111010111101011
010010010010010111001100111010010000010010111001100111000011101110000010100001010111100010001111101011110101
101001001001001011100110011101001000001001011100110011000001110111000001010000101111110001000111110101111010
110100100100100101110011001110100100000100101110011001100000111011100000101000010011111000100011111010111101
111010010010010010111001100111010010000010010111001100010000011101110000010100001101111100010001111101011110
011101001001001001011100110011101001000001001011100110101000001110111000001010000010111110001000111110101111
001110100100100100101110011001110100100000100101110011010100000111011100000101000101011111000100011111010111
100111010010010010010111001100111010010000010010111001001010000011101110000010100110101111100010001111101011
110011101001001001001011100110011101001000001001011100000101000001110111000001010111010111110001000111110101
011001110100100100100101110011001110100100000100101110000010100000111011100000101111101011111000100011111010
001100111010010010010010111001100111010010000010010111100001010000011101110000010011110101111100010001111101
100110011101001001001001011100110011101001000001001011010000101000001110111000001101111010111110001000111110
110011001110100100100100101110011001110100100000100101101000010100000111011100000010111101011111000100011111
111001100111010010010010010111001100111010010000010010010100001010000011101110000101011110101111100010001111
011100110011101001001001001011100110011101001000001001001010000101000001110111000110101111010111110001000111
101110011001110100100100100101110011001110100100000100000101000010100000111011100111010111101011111000100011
010111001100111010010010010010111001100111010010000010000010100001010000011101110111101011110101111100010001
001011100110011101001001001001011100110011101001000001000001010000101000001110111111110101111010111110001000
100101110011001110100100100100101110011001110100100000100000101000010100000111011011111010111101011111000100
010010111001100111010010010010010111001100111010010000110000010100001010000011101001111101011110101111100010
001001011100110011101001001001001011100110011101001000111000001010000101000001110000111110101111010111110001
111011010001100110001011011100100101110011001110100100011100000101000010100000111011100000101000010100000111
111101101000110011000101101010010010111001100111010010101110000010100001010000011101110000010100001010000011
111110110100011001100010110001001001011100110011101001110111000001010000101000001110111000001010000101000001
011111011010001100110001011100100100101110011001110100111011100000101000010100000111011100000101000010100000
101111101101000110011000101010010010010111001100111010011101110000010100001010000011101110000010100001010000
110111110110100011001100010001001001001011100110011101001110111000001010000101000001110111000001010000101000
011011111011010001100110001100100100100101110011001110000111011100000101000010100000111011100000101000010100
101101111101101000110011000010010010010010111001100111000011101110000010100001010000011101110000010100001010
010110111110110100011001100101001001001001011100110011000001110111000001010000101000001110111000001010000101
001011011111011010001100110110100100100100101110011001100000111011100000101000010100000111011100000101000010
000101101111101101000110011111010010010010010111001100010000011101110000010100001010000011101110000010100001
100010110111110110100011001011101001001001001011100110101000001110111000001010000101000001110111000001010000
110001011011111011010001100001110100100100100101110011010100000111011100000101000010100000111011100000101000
011000101101111101101000110100111010010010010010111001001010000011101110000010100001010000011101110000010100
001100010110111110110100011110011101001001001001011100000101000001110111000001010000101000001110111000001010
100110001011011111011010001011001110100100100100101110000010100000111011100000101000010100000111011100000101
110011000101101111101101000001100111010010010010010111100001010000011101110000010100001010000011101110000010
011001100010110111110110100100110011101001001001001011010000101000001110111000001010000101000001110111000001
001100110001011011111011010110011001110100100100100101101000010100000111011100000101000010100000111011100000
000110011000101101111101101111001100111010010010010010010100001010000011101110000010100001010000011101110000
100011001100010110111110110011100110011101001001001001001010000101000001110111000001010000101000001110111000
010001100110001011011111011101110011001110100100100100000101000010100000111011100000101000010100000111011100
101000110011000101101111101010111001100111010010010010000010100001010000011101110000010100001010000011101110
110100011001100010110111110001011100110011101001001001000001010000101000001110111000001010000101000001110111
011010001100110001011011111100101110011001110100100100100000101000010100000111011100000101000010100000111011
101101000110011000101101111010010111001100111010010010110000010100001010000011101110000010100001010000011101
110110100011001100010110111001001011100110011101001001111000001010000101000001110111000001010000101000001110
100011111010111101011111000100011111010111101011111000100100101110011001110100100111011010001100110001011011
010001111101011110101111100010001111101011110101111100010010010111001100111010010111101101000110011000101101
001000111110101111010111110001000111110101111010111110001001001011100110011101001111110110100011001100010110
000100011111010111101011111000100011111010111101011111100100100101110011001110100011111011010001100110001011
100010001111101011110101111100010001111101011110101111010010010010111001100111010101111101101000110011000101
110001000111110101111010111110001000111110101111010111001001001001011100110011101110111110110100011001100010
111000100011111010111101011111000100011111010111101011100100100100101110011001110011011111011010001100110001
111100010001111101011110101111100010001111101011110101010010010010010111001100111101101111101101000110011000
111110001000111110101111010111110001000111110101111010101001001001001011100110011010110111110110100011001100
011111000100011111010111101011111000100011111010111101110100100100100101110011001001011011111011010001100110
101111100010001111101011110101111100010001111101011110111010010010010010111001100000101101111101101000110011
010111110001000111110101111010111110001000111110101111011101001001001001011100110100010110111110110100011001
101011111000100011111010111101011111000100011111010111001110100100100100101110011110001011011111011010001100
110101111100010001111101011110101111100010001111101011100111010010010010010111001011000101101111101101000110
111010111110001000111110101111010111110001000111110101110011101001001001001011100001100010110111110110100011
111101011111000100011111010111101011111000100011111010011001110100100100100101110100110001011011111011010001
011110101111100010001111101011110101111100010001111101001100111010010010010010111110011000101101111101101000
101111010111110001000111110101111010111110001000111110100110011101001001001001011011001100010110111110110100
010111101011111000100011111010111101011111000100011111110011001110100100100100101001100110001011011111011010
101011110101111100010001111101011110101111100010001111111001100111010010010010010000110011000101101111101101
110101111010111110001000111110101111010111110001000111011100110011101001001001001100011001100010110111110110
111010111101011111000100011111010111101011111000100011101110011001110100100100100010001100110001011011111011
111101011110101111100010001111101011110101111100010001010111001100111010010010010101000110011000101101111101
111110101111010111110001000111110101111010111110001000001011100110011101001001001110100011001100010110111110
011111010111101011111000100011111010111101011111000100100101110011001110100100100011010001100110001011011111
001111101011110101111100010001111101011110101111100010010010111001100111010010010101101000110011000101101111
000111110101111010111110001000111110101111010111110001001001011100110011101001001110110100011001100010110111
011100000101000010100000111100011111010111101011111000000100101110011001110100100100100101110011001110100100
101110000010100001010000011010001111101011110101111100000010010111001100111010010010010010111001100111010010
110111000001010000101000001001000111110101111010111110000001001011100110011101001001001001011100110011101001
111011100000101000010100000000100011111010111101011111100000100101110011001110100100100100101110011001110100
011101110000010100001010000100010001111101011110101111010000010010111001100111010010010010010111001100111010
001110111000001010000101000110001000111110101111010111001000001001011100110011101001001001001011100110011101
000111011100000101000010100111000100011111010111101011100100000100101110011001110100100100100101110011001110
000011101110000010100001010111100010001111101011110101010010000010010111001100111010010010010010111001100111
000001110111000001010000101111110001000111110101111010101001000001001011100110011101001001001001011100110011
100000111011100000101000010011111000100011111010111101110100100000100101110011001110100100100100101110011001
010000011101110000010100001101111100010001111101011110111010010000010010111001100111010010010010010111001100
101000001110111000001010000010111110001000111110101111011101001000001001011100110011101001001001001011100110
010100000111011100000101000101011111000100011111010111001110100100000100101110011001110100100100100101110011
001010000011101110000010100110101111100010001111101011100111010010000010010111001100111010010010010010111001
000101000001110111000001010111010111110001000111110101110011101001000001001011100110011101001001001001011100
000010100000111011100000101111101011111000100011111010011001110100100000100101110011001110100100100100101110
100001010000011101110000010011110101111100010001111101001100111010010000010010111001100111010010010010010111
010000101000001110111000001101111010111110001000111110100110011101001000001001011100110011101001001001001011
101000010100000111011100000010111101011111000100011111110011001110100100000100101110011001110100100100100101
010100001010000011101110000101011110101111100010001111111001100111010010000010010111001100111010010010010010
001010000101000001110111000110101111010111110001000111011100110011101001000001001011100110011101001001001001
000101000010100000111011100111010111101011111000100011101110011001110100100000100101110011001110100100100100
000010100001010000011101110111101011110101111100010001010111001100111010010000010010111001100111010010010010
000001010000101000001110111111110101111010111110001000001011100110011101001000001001011100110011101001001001
100000101000010100000111011011111010111101011111000100100101110011001110100100000100101110011001110100100100
110000010100001010000011101001111101011110101111100010010010111001100111010010000010010111001100111010010010
111000001010000101000001110000111110101111010111110001001001011100110011101001000001001011100110011101001001
011011010001100110001011011111011010001100110001011011100011111010111101011111000011100000101000010100000111
101101101000110011000101101111101101000110011000101101010001111101011110101111100101110000010100001010000011
110110110100011001100010110111110110100011001100010110001000111110101111010111110110111000001010000101000001
011011011010001100110001011011111011010001100110001011000100011111010111101011111111011100000101000010100000
101101101101000110011000101101111101101000110011000101100010001111101011110101111011101110000010100001010000
110110110110100011001100010110111110110100011001100010110001000111110101111010111001110111000001010000101000
011011011011010001100110001011011111011010001100110001111000100011111010111101011000111011100000101000010100
101101101101101000110011000101101111101101000110011000111100010001111101011110101000011101110000010100001010
010110110110110100011001100010110111110110100011001100111110001000111110101111010000001110111000001010000101
001011011011011010001100110001011011111011010001100110011111000100011111010111101100000111011100000101000010
000101101101101101000110011000101101111101101000110011101111100010001111101011110010000011101110000010100001
100010110110110110100011001100010110111110110100011001010111110001000111110101111101000001110111000001010000
110001011011011011010001100110001011011111011010001100101011111000100011111010111010100000111011100000101000
011000101101101101101000110011000101101111101101000110110101111100010001111101011001010000011101110000010100
001100010110110110110100011001100010110111110110100011111010111110001000111110101000101000001110111000001010
100110001011011011011010001100110001011011111011010001111101011111000100011111010000010100000111011100000101
110011000101101101101101000110011000101101111101101000011110101111100010001111101100001010000011101110000010
011001100010110110110110100011001100010110111110110100101111010111110001000111110010000101000001110111000001
001100110001011011011011010001100110001011011111011010010111101011111000100011111101000010100000111011100000
000110011000101101101101101000110011000101101111101101101011110101111100010001111010100001010000011101110000
100011001100010110110110110100011001100010110111110110110101111010111110001000111001010000101000001110111000
010001100110001011011011011010001100110001011011111011111010111101011111000100011000101000010100000111011100
101000110011000101101101101101000110011000101101111101111101011110101111100010001000010100001010000011101110
110100011001100010110110110110100011001100010110111110111110101111010111110001000000001010000101000001110111
011010001100110001011011011011010001100110001011011111011111010111101011111000100100000101000010100000111011
101101000110011000101101101101101000110011000101101111001111101011110101111100010110000010100001010000011101
110110100011001100010110110110110100011001100010110111000111110101111010111110001111000001010000101000001110
000100101110011001110100100011011010001100110001011011100011111010111101011111000100011111010111101011111000
000010010111001100111010010101101101000110011000101101010001111101011110101111100010001111101011110101111100
000001001011100110011101001110110110100011001100010110001000111110101111010111110001000111110101111010111110
100000100101110011001110100011011011010001100110001011000100011111010111101011111000100011111010111101011111
010000010010111001100111010101101101101000110011000101100010001111101011110101111100010001111101011110101111
001000001001011100110011101110110110110100011001100010110001000111110101111010111110001000111110101111010111
100100000100101110011001110011011011011010001100110001111000100011111010111101011111000100011111010111101011
010010000010010111001100111101101101101101000110011000111100010001111101011110101111100010001111101011110101
101001000001001011100110011010110110110110100011001100111110001000111110101111010111110001000111110101111010
110100100000100101110011001001011011011011010001100110011111000100011111010111101011111000100011111010111101
111010010000010010111001100000101101101101101000110011101111100010001111101011110101111100010001111101011110
011101001000001001011100110100010110110110110100011001010111110001000111110101111010111110001000111110101111
001110100100000100101110011110001011011011011010001100101011111000100011111010111101011111000100011111010111
100111010010000010010111001011000101101101101101000110110101111100010001111101011110101111100010001111101011
110011101001000001001011100001100010110110110110100011111010111110001000111110101111010111110001000111110101
011001110100100000100101110100110001011011011011010001111101011111000100011111010111101011111000100011111010
001100111010010000010010111110011000101101101101101000011110101111100010001111101011110101111100010001111101
100110011101001000001001011011001100010110110110110100101111010111110001000111110101111010111110001000111110
110011001110100100000100101001100110001011011011011010010111101011111000100011111010111101011111000100011111
111001100111010010000010010000110011000101101101101101101011110101111100010001111101011110101111100010001111
011100110011101001000001001100011001100010110110110110110101111010111110001000111110101111010111110001000111
101110011001110100100000100010001100110001011011011011111010111101011111000100011111010111101011111000100011
010111001100111010010000010101000110011000101101101101111101011110101111100010001111101011110101111100010001
001011100110011101001000001110100011001100010110110110111110101111010111110001000111110101111010111110001000
100101110011001110100100000011010001100110001011011011011111010111101011111000100011111010111101011111000100
010010111001100111010010000101101000110011000101101101001111101011110101111100010001111101011110101111100010
001001011100110011101001000110110100011001100010110110000111110101111010111110001000111110101111010111110001
