0100100011000100101101000000001011001011101101110100111000111100011101001000110001001011010000000010110010111011011101001110001111000111
1010010001100010010110100000000101000101110110111011011100011110001110100100011000100101101000000001010001011101101110110111000111100011
0101001000110001011011010000000010100010111011011101101110001111000101010010001100010110110100000000101000101110110111011011100011110001
0010100100011000101101101000000001010001011101101111110111000111100000101001000110001011011010000000010100010111011011111101110001111000
1001010010001100010110110100000000101000101110110110111011100011110010010100100011000101101101000000001010001011101101101110111000111100
0100101001000110001011011010000000110100010111011010011101110001111001001010010001100010110110100000001101000101110110100111011100011110
0010010100100011000101101101000000111010001011101100001110111000111100100101001000110001011011010000001110100010111011000011101110001111
0001001010010001100010110110100000011101000101110111000111011100011100010010100100011000101101101000000111010001011101110001110111000111
1000100101001000100001011011010000101110100010111011100011101110001110001001010010001000010110110100001011101000101110111000111011100011
1100010010100100000000101101101000110111010001011101110001110111000111000100101001000000001011011010001101110100010111011100011101110001
0110001001010010000000010110110100011011101000101111111000111011100001100010010100100000000101101101000110111010001011111110001110111000
0011000100101001000000001011011010101101110100010110111100011101110000110001001010010000000010110110101011011101000101101111000111011100
0001100010010100100000000101101101110110111010001010011110001110111000011000100101001000000001011011011101101110100010100111100011101110
1000110001001010010000000010110110111011011101000100001111000111011110001100010010100100000000101101101110110111010001000011110001110111
0100011000100101001000000001011011011101101110100011000111100011101101000110001001010010000000010110110111011011101000110001111000111011
0010001100010010110100000000101101101110110111010001100011110001110100100011000100101101000000001011011011101101110100011000111100011101
1001000110001001011010000000010110010111011011101001110001111000111010010001100010010110100000000101100101110110111010011100011110001110
1001011111111010001001000110001001100011100001110000010111011011101010010111111110100010010001100010011000111000011100000101110110111010
0100101111111101010100100011000100010001110000111000001011101101110101001011111111010101001000110001000100011100001110000010111011011101
0010010111111110101010010001100010001000111000011101000101110110111000100101111111101010100100011000100010001110000111010001011101101110
1001001011111111000101001000110001000100011100001110100010111011011110010010111111110001010010001100010001000111000011101000101110110111
0100100101111111110010100100011000100010001110000111010001011101101101001001011111111100101001000110001000100011100001110100010111011011
1010010010111111101001010010001100110001000111000011101000101110110110100100101111111010010100100011001100010001110000111010001011101101
1101001001011111100100101001000110111000100011100001110100010111011011010010010111111001001010010001101110001000111000011101000101110110
1110100100101111100010010100100011011100010001110000111010001011101111101001001011111000100101001000110111000100011100001110100010111011
1111010010010111110001001010010001001110001000111001011101000101110111110100100101111100010010100100010011100010001110010111010001011101
1111101001001011111000100101001000000111000100011101101110100010111011111010010010111110001001010010000001110001000111011011101000101110
1111110100100101101100010010100100000011100010001110110111010001011111111101001001011011000100101001000000111000100011101101110100010111
1111111010010010100110001001010010100001110001000111011011101000101111111110100100101001100010010100101000011100010001110110111010001011
1111111101001001000011000100101001110000111000100011101101110100010111111111010010010000110001001010011100001110001000111011011101000101
0111111110100100110001100010010100111000011100010001110110111010001001111111101001001100011000100101001110000111000100011101101110100010
1011111111010010001000110001001010011100001110001000111011011101000110111111110100100010001100010010100111000011100010001110110111010001
0101111111101001000100011000100101001110000111000101011101101110100001011111111010010001000110001001010011100001110001010111011011101000
0010111111110100110010001100010010000111000011100010101110110111010000101111111101001100100011000100100001110000111000101011101101110100
1101000100100010101110001111000111010010001100010011001011111111010011010001001000101011100011110001110100100011000100110010111111110100
1110100010010001010111000111100011101001000110001000100101111111101011101000100100010101110001111000111010010001100010001001011111111010
0111010001001000111011100011110001010100100011000100010010111111110101110100010010001110111000111100010101001000110001000100101111111101
1011101000100100011101110001111000001010010001100011001001011111111010111010001001000111011100011110000010100100011000110010010111111110
0101110100010010001110111000111100100101001000110000100100101111111101011101000100100011101110001111001001010010001100001001001011111111
0010111010001001000111011100011110010010100100011001010010010111111100101110100010010001110111000111100100101001000110010100100101111111
0001011101000100100011101110001111001001010010001101101001001011111100010111010001001000111011100011110010010100100011011010010010111111
1000101110100010010001110111000111000100101001000111110100100101111110001011101000100100011101110001110001001010010001111101001001011111
0100010111010001011000111011100011100010010100100011111010010010111101000101110100010110001110111000111000100101001000111110100100101111
0010001011101000111100011101110001110001001010010001111101001001011100100010111010001111000111011100011100010010100100011111010010010111
1001000101110100011110001110111000011000100101001001111110100100101110010001011101000111100011101110000110001001010010011111101001001011
0100100010111010001111000111011100001100010010100101111111010010010101001000101110100011110001110111000011000100101001011111110100100101
0010010001011101000111100011101110000110001001010011111111101001001000100100010111010001111000111011100001100010010100111111111010010010
0001001000101110100011110001110111100011000100101000111111110100100100010010001011101000111100011101111000110001001010001111111101001001
1000100100010111010001111000111011010001100010010101011111111010010010001001000101110100011110001110110100011000100101010111111110100100
0100010010001011111000111100011101001000110001001010101111111101001001000100100010111110001111000111010010001100010010101011111111010010
1010001001000101111100011110001110100100011000100100010111111110100110100010010001011111000111100011101001000110001001000101111111101001
1000111000011100011010001001000101011010000000010110100100011000100110001110000111000110100010010001010110100000000101101001000110001001
0100011100001110011101000100100010101101000000001011010010001100010001000111000011100111010001001000101011010000000010110100100011000100
0010001110000111001110100010010001110110100000000100101001000110001000100011100001110011101000100100011101101000000001001010010001100010
0001000111000011110111010001001000011011010000000010010100100011000100010001110000111101110100010010000110110100000000100101001000110001
1000100011100001101011101000100100101101101000000001001010010001100010001000111000011010111010001001001011011010000000010010100100011000
1100010001110000100101110100010010010110110100000000100101001000110011000100011100001001011101000100100101101101000000001001010010001100
1110001000111000000010111010001001001011011010000000010010100100011011100010001110000000101110100010010010110110100000000100101001000110
0111000100011100010001011101000100000101101101000000001001010010001101110001000111000100010111010001000001011011010000000010010100100011
0011100010001110001000101110100010000010110110100001000100101001000100111000100011100010001011101000100000101101101000010001001010010001
0001110001000111000100010111010001000001011011010001100010010100100000011100010001110001000101110100010000010110110100011000100101001000
0000111000100011110010001011101000000000101101101000110001001010010000001110001000111100100010111010000000001011011010001100010010100100
1000011100010001101001000101110100000000010110110100011000100101001010000111000100011010010001011101000000000101101101000110001001010010
1100001110001000100100100010111010000000001011011010001100010010100111000011100010001001001000101110100000000010110110100011000100101001
1110000111000100000010010001011101100000000101101101000110001001010011100001110001000000100100010111011000000001011011010001100010010100
0111000011100010010001001000101110010000000010110110100011000100101001110000111000100100010010001011100100000000101101101000110001001010
0011100001110001001000100100010111101000000001011010010001100010010100111000011100010010001001000101111010000000010110100100011000100101
0001110000111000110100010010001011110100000000101101001000110001001000011100001110001101000100100010111101000000001011010010001100010010
0100100011000100101101000000001011001011101101110100111000111100011110110111001110110100101111111101001101000100100010110001110000111000
1010010001100010010110100000000101000101110110111011011100011110001101011011100111011010010111111110101110100010010001001000111000011100
0101001000110001011011010000000010100010111011011101101110001111000110101101110011101001001011111111010111010001001000100100011100001110
0010100100011000101101101000000001010001011101101111110111000111100011010110111001110100100101111111101011101000100100000010001110000111
1001010010001100010110110100000000101000101110110110111011100011110001101011011100111010010010111111110101110100010010010001000111000011
0100101001000110001011011010000000110100010111011010011101110001111010110101101110011101001001011111110010111010001001011000100011100001
0010010100100011000101101101000000111010001011101100001110111000111111011010110111001110100100101111110001011101000100111100010001110000
0001001010010001100010110110100000011101000101110111000111011100011111101101011011100111010010010111111000101110100010001110001000111000
1000100101001000100001011011010000101110100010111011100011101110001101110110101101110111101001001011110100010111010001000111000100011100
1100010010100100000000101101101000110111010001011101110001110111000100111011010110111111110100100101110010001011101000100011100010001110
0110001001010010000000010110110100011011101000101111111000111011100010011101101011011111111010010010111001000101110100000001110001000111
0011000100101001000000001011011010101101110100010110111100011101110011001110110101101111111101001001010100100010111010010000111000100011
0001100010010100100000000101101101110110111010001010011110001110111011100111011010110111111110100100100010010001011101011000011100010001
1000110001001010010000000010110110111011011101000100001111000111011101110011101101011011111111010010010001001000101110111100001110001000
0100011000100101001000000001011011011101101110100011000111100011101110111001110110101101111111101001001000100100010111001110000111000100
0010001100010010110100000000101101101110110111010001100011110001110111011100111011010010111111110100100100010010001011100111000011100010
1001000110001001011010000000010110010111011011101001110001111000111001101110011101101001011111111010011010001001000101100011100001110001
1001011111111010001001000110001001100011100001110000010111011011101001101000000001011101101110011101100111000111100011111010001001000101
0100101111111101010100100011000100010001110000111000001011101101110110110100000000101010110111001110111011100011110001111101000100100010
0010010111111110101010010001100010001000111000011101000101110110111011011010000000010101011011100111011101110001111000101110100010010001
1001001011111111000101001000110001000100011100001110100010111011011101101101000000001110101101110011101110111000111100010111010001001000
0100100101111111110010100100011000100010001110000111010001011101101110110110100000000011010110111001110111011100011110001011101000100100
1010010010111111101001010010001100110001000111000011101000101110110101011011010000000101101011011100110011101110001111000101110100010010
1101001001011111100100101001000110111000100011100001110100010111011000101101101000000110110101101110010001110111000111100010111010001001
1110100100101111100010010100100011011100010001110000111010001011101100010110110100000111011010110111001000111011100011110001011101000100
1111010010010111110001001010010001001110001000111001011101000101110100001011011010000011101101011011101100011101110001101000101110100010
1111101001001011111000100101001000000111000100011101101110100010111000000101101101000001110110101101111110001110111000100100010111010001
1111110100100101101100010010100100000011100010001110110111010001011100000010110110100100111011010110111111000111011100010010001011101000
1111111010010010100110001001010010100001110001000111011011101000101100000001011011010110011101101011010111100011101110001001000101110100
1111111101001001000011000100101001110000111000100011101101110100010100000000101101101111001110110101100011110001110111000100100010111010
0111111110100100110001100010010100111000011100010001110110111010001010000000010110110011100111011010110001111000111011100010010001011101
1011111111010010001000110001001010011100001110001000111011011101000101000000001011011101110011101101011000111100011101110001001000101110
0101111111101001000100011000100101001110000111000101011101101110100010100000000101101110111001110110101100011110001110101000100100010111
0010111111110100110010001100010010000111000011100010101110110111010011010000000010110011011100111011011110001111000111010100010010001011
1101000100100010101110001111000111010010001100010011001011111111010000101110110111010100011100001110001011011100111011001101000000001011
1110100010010001010111000111100011101001000110001000100101111111101000010111011011101010001110000111000101101110011101110110100000000101
0111010001001000111011100011110001010100100011000100010010111111110110001011101101110001000111000011101010110111001110111011010000000010
1011101000100100011101110001111000001010010001100011001001011111111001000101110110111000100011100001111101011011100111001101101000000001
0101110100010010001110111000111100100101001000110000100100101111111110100010111011011100010001110000110110101101110011110110110100000000
0010111010001001000111011100011110010010100100011001010010010111111111010001011101101110001000111000011011010110111001101011011010000000
0001011101000100100011101110001111001001010010001101101001001011111111101000101110110111000100011100001101101011011100100101101101000000
1000101110100010010001110111000111000100101001000111110100100101111101110100010111011011100010001110001110110101101110000010110110100000
0100010111010001011000111011100011100010010100100011111010010010111110111010001011101001110001000111000111011010110111000001011011010000
0010001011101000111100011101110001110001001010010001111101001001011111011101000101110000111000100011100011101101011011100000101101101000
1001000101110100011110001110111000011000100101001001111110100100101101101110100010111000011100010001111001110110101101100000010110110100
0100100010111010001111000111011100001100010010100101111111010010010110110111010001011100001110001000111100111011010110100000001011011010
0010010001011101000111100011101110000110001001010011111111101001001011011011101000101110000111000100011110011101101011000000000101101101
0001001000101110100011110001110111100011000100101000111111110100100111101101110100010111000011100010000111001110110101110000000010110110
1000100100010111010001111000111011010001100010010101011111111010010001110110111010001011100001110001001011100111011010101000000001011011
0100010010001011111000111100011101001000110001001010101111111101001010111011011101000001110000111000101101110011101101010100000000101101
1010001001000101111100011110001110100100011000100100010111111110100101011101101110100000111000011100010110111001110110111010000000010110
1000111000011100011010001001000101011010000000010110100100011000100101110001111000111001011101101110101001011111111010010110111001110110
0100011100001110011101000100100010101101000000001011010010001100010010111000111100011000101110110111010100101111111101001011011100111011
0010001110000111001110100010010001110110100000000100101001000110001011011100011110001100010111011011100010010111111110110101101110011101
0001000111000011110111010001001000011011010000000010010100100011000111101110001111000010001011101101111001001011111111011010110111001110
1000100011100001101011101000100100101101101000000001001010010001100001110111000111100101000101110110110100100101111111101101011011100111
1100010001110000100101110100010010010110110100000000100101001000110000111011100011110110100010111011011010010010111111110110101101110011
1110001000111000000010111010001001001011011010000000010010100100011000011101110001111111010001011101101101001001011111111011010110111001
0111000100011100010001011101000100000101101101000000001001010010001110001110111000111011101000101110111110100100101111111101101011011100
0011100010001110001000101110100010000010110110100001000100101001000111000111011100011101110100010111011111010010010111101110110101101110
0001110001000111000100010111010001000001011011010001100010010100100011100011101110001110111010001011101111101001001011100111011010110111
0000111000100011110010001011101000000000101101101000110001001010010011110001110111000011011101000101111111110100100101110011101101011011
1000011100010001101001000101110100000000010110110100011000100101001001111000111011100101101110100010111111111010010010111001110110101101
1100001110001000100100100010111010000000001011011010001100010010100100111100011101110110110111010001011111111101001001011100111011010110
1110000111000100000010010001011101100000000101101101000110001001010000011110001110111111011011101000100111111110100100101110011101101011
0111000011100010010001001000101110010000000010110110100011000100101010001111000111011011101101110100011011111111010010010111001110110101
0011100001110001001000100100010111101000000001011010010001100010010111000111100011101101110110111010000101111111101001011011100111011010
0001110000111000110100010010001011110100000000101101001000110001001011100011110001110010111011011101000010111111110100101101110011101101
1011011100111011010010111111110100110100010010001011000111000011100010110111001110110100101111111101001101000100100010110001110000111000
0101101110011101101001011111111010111010001001000100100011100001110001011011100111011010010111111110101110100010010001001000111000011100
1010110111001110100100101111111101011101000100100010010001110000111010101101110011101001001011111111010111010001001000100100011100001110
1101011011100111010010010111111110101110100010010000001000111000011111010110111001110100100101111111101011101000100100000010001110000111
0110101101110011101001001011111111010111010001001001000100011100001101101011011100111010010010111111110101110100010010010001000111000011
1011010110111001110100100101111111001011101000100101100010001110000110110101101110011101001001011111110010111010001001011000100011100001
1101101011011100111010010010111111000101110100010011110001000111000011011010110111001110100100101111110001011101000100111100010001110000
1110110101101110011101001001011111100010111010001000111000100011100011101101011011100111010010010111111000101110100010001110001000111000
0111011010110111011110100100101111010001011101000100011100010001110001110110101101110111101001001011110100010111010001000111000100011100
0011101101011011111111010010010111001000101110100010001110001000111000111011010110111111110100100101110010001011101000100011100010001110
1001110110101101111111101001001011100100010111010000000111000100011110011101101011011111111010010010111001000101110100000001110001000111
1100111011010110111111110100100101010010001011101001000011100010001111001110110101101111111101001001010100100010111010010000111000100011
1110011101101011011111111010010010001001000101110101100001110001000111100111011010110111111110100100100010010001011101011000011100010001
0111001110110101101111111101001001000100100010111011110000111000100001110011101101011011111111010010010001001000101110111100001110001000
1011100111011010110111111110100100100010010001011100111000011100010010111001110110101101111111101001001000100100010111001110000111000100
1101110011101101001011111111010010010001001000101110011100001110001011011100111011010010111111110100100100010010001011100111000011100010
0110111001110110100101111111101001101000100100010110001110000111000101101110011101101001011111111010011010001001000101100011100001110001
0110100000000101110110111001110110011100011110001111101000100100010101101000000001011101101110011101100111000111100011111010001001000101
1011010000000010101011011100111011101110001111000111110100010010001010110100000000101010110111001110111011100011110001111101000100100010
1101101000000001010101101110011101110111000111100010111010001001000111011010000000010101011011100111011101110001111000101110100010010001
0110110100000000111010110111001110111011100011110001011101000100100001101101000000001110101101110011101110111000111100010111010001001000
1011011010000000001101011011100111011101110001111000101110100010010010110110100000000011010110111001110111011100011110001011101000100100
0101101101000000010110101101110011001110111000111100010111010001001001011011010000000101101011011100110011101110001111000101110100010010
0010110110100000011011010110111001000111011100011110001011101000100100101101101000000110110101101110010001110111000111100010111010001001
0001011011010000011101101011011100100011101110001111000101110100010000010110110100000111011010110111001000111011100011110001011101000100
0000101101101000001110110101101110110001110111000110100010111010001000001011011010000011101101011011101100011101110001101000101110100010
0000010110110100000111011010110111111000111011100010010001011101000100000101101101000001110110101101111110001110111000100100010111010001
0000001011011010010011101101011011111100011101110001001000101110100000000010110110100100111011010110111111000111011100010010001011101000
0000000101101101011001110110101101011110001110111000100100010111010000000001011011010110011101101011010111100011101110001001000101110100
0000000010110110111100111011010110001111000111011100010010001011101000000000101101101111001110110101100011110001110111000100100010111010
1000000001011011001110011101101011000111100011101110001001000101110110000000010110110011100111011010110001111000111011100010010001011101
0100000000101101110111001110110101100011110001110111000100100010111001000000001011011101110011101101011000111100011101110001001000101110
1010000000010110111011100111011010110001111000111010100010010001011110100000000101101110111001110110101100011110001110101000100100010111
1101000000001011001101110011101101111000111100011101010001001000101111010000000010110011011100111011011110001111000111010100010010001011
0010111011011101010001110000111000101101110011101100110100000000101100101110110111010100011100001110001011011100111011001101000000001011
0001011101101110101000111000011100010110111001110111011010000000010100010111011011101010001110000111000101101110011101110110100000000101
1000101110110111000100011100001110101011011100111011101101000000001010001011101101110001000111000011101010110111001110111011010000000010
0100010111011011100010001110000111110101101110011100110110100000000101000101110110111000100011100001111101011011100111001101101000000001
1010001011101101110001000111000011011010110111001111011011010000000010100010111011011100010001110000110110101101110011110110110100000000
1101000101110110111000100011100001101101011011100110101101101000000011010001011101101110001000111000011011010110111001101011011010000000
1110100010111011011100010001110000110110101101110010010110110100000011101000101110110111000100011100001101101011011100100101101101000000
0111010001011101101110001000111000111011010110111000001011011010000001110100010111011011100010001110001110110101101110000010110110100000
1011101000101110100111000100011100011101101011011100000101101101000010111010001011101001110001000111000111011010110111000001011011010000
1101110100010111000011100010001110001110110101101110000010110110100011011101000101110000111000100011100011101101011011100000101101101000
0110111010001011100001110001000111100111011010110110000001011011010001101110100010111000011100010001111001110110101101100000010110110100
1011011101000101110000111000100011110011101101011010000000101101101010110111010001011100001110001000111100111011010110100000001011011010
1101101110100010111000011100010001111001110110101100000000010110110111011011101000101110000111000100011110011101101011000000000101101101
1110110111010001011100001110001000011100111011010111000000001011011011101101110100010111000011100010000111001110110101110000000010110110
0111011011101000101110000111000100101110011101101010100000000101101101110110111010001011100001110001001011100111011010101000000001011011
1011101101110100000111000011100010110111001110110101010000000010110110111011011101000001110000111000101101110011101101010100000000101101
0101110110111010000011100001110001011011100111011011101000000001011001011101101110100000111000011100010110111001110110111010000000010110
0111000111100011100101110110111010100101111111101001011011100111011001110001111000111001011101101110101001011111111010010110111001110110
1011100011110001100010111011011101010010111111110100101101110011101110111000111100011000101110110111010100101111111101001011011100111011
1101110001111000110001011101101110001001011111111011010110111001110111011100011110001100010111011011100010010111111110110101101110011101
1110111000111100001000101110110111100100101111111101101011011100111011101110001111000010001011101101111001001011111111011010110111001110
0111011100011110010100010111011011010010010111111110110101101110011101110111000111100101000101110110110100100101111111101101011011100111
0011101110001111011010001011101101101001001011111111011010110111001100111011100011110110100010111011011010010010111111110110101101110011
0001110111000111111101000101110110110100100101111111101101011011100100011101110001111111010001011101101101001001011111111011010110111001
1000111011100011101110100010111011111010010010111111110110101101110010001110111000111011101000101110111110100100101111111101101011011100
1100011101110001110111010001011101111101001001011110111011010110111011000111011100011101110100010111011111010010010111101110110101101110
1110001110111000111011101000101110111110100100101110011101101011011111100011101110001110111010001011101111101001001011100111011010110111
1111000111011100001101110100010111111111010010010111001110110101101111110001110111000011011101000101111111110100100101110011101101011011
0111100011101110010110111010001011111111101001001011100111011010110101111000111011100101101110100010111111111010010010111001110110101101
0011110001110111011011011101000101111111110100100101110011101101011000111100011101110110110111010001011111111101001001011100111011010110
0001111000111011111101101110100010011111111010010010111001110110101100011110001110111111011011101000100111111110100100101110011101101011
1000111100011101101110110111010001101111111101001001011100111011010110001111000111011011101101110100011011111111010010010111001110110101
1100011110001110110111011011101000010111111110100101101110011101101011000111100011101101110110111010000101111111101001011011100111011010
1110001111000111001011101101110100001011111111010010110111001110110111100011110001110010111011011101000010111111110100101101110011101101
1011011100111011010010111111110100110100010010001011000111000011100001001000110001001011010000000010110010111011011101001110001111000111
0101101110011101101001011111111010111010001001000100100011100001110010100100011000100101101000000001010001011101101110110111000111100011
1010110111001110100100101111111101011101000100100010010001110000111001010010001100010110110100000000101000101110110111011011100011110001
1101011011100111010010010111111110101110100010010000001000111000011100101001000110001011011010000000010100010111011011111101110001111000
0110101101110011101001001011111111010111010001001001000100011100001110010100100011000101101101000000001010001011101101101110111000111100
1011010110111001110100100101111111001011101000100101100010001110000101001010010001100010110110100000001101000101110110100111011100011110
1101101011011100111010010010111111000101110100010011110001000111000000100101001000110001011011010000001110100010111011000011101110001111
1110110101101110011101001001011111100010111010001000111000100011100000010010100100011000101101101000000111010001011101110001110111000111
0111011010110111011110100100101111010001011101000100011100010001110010001001010010001000010110110100001011101000101110111000111011100011
0011101101011011111111010010010111001000101110100010001110001000111011000100101001000000001011011010001101110100010111011100011101110001
1001110110101101111111101001001011100100010111010000000111000100011101100010010100100000000101101101000110111010001011111110001110111000
1100111011010110111111110100100101010010001011101001000011100010001100110001001010010000000010110110101011011101000101101111000111011100
1110011101101011011111111010010010001001000101110101100001110001000100011000100101001000000001011011011101101110100010100111100011101110
0111001110110101101111111101001001000100100010111011110000111000100010001100010010100100000000101101101110110111010001000011110001110111
1011100111011010110111111110100100100010010001011100111000011100010001000110001001010010000000010110110111011011101000110001111000111011
1101110011101101001011111111010010010001001000101110011100001110001000100011000100101101000000001011011011101101110100011000111100011101
0110111001110110100101111111101001101000100100010110001110000111000110010001100010010110100000000101100101110110111010011100011110001110
0110100000000101110110111001110110011100011110001111101000100100010110010111111110100010010001100010011000111000011100000101110110111010
1011010000000010101011011100111011101110001111000111110100010010001001001011111111010101001000110001000100011100001110000010111011011101
1101101000000001010101101110011101110111000111100010111010001001000100100101111111101010100100011000100010001110000111010001011101101110
0110110100000000111010110111001110111011100011110001011101000100100010010010111111110001010010001100010001000111000011101000101110110111
1011011010000000001101011011100111011101110001111000101110100010010001001001011111111100101001000110001000100011100001110100010111011011
0101101101000000010110101101110011001110111000111100010111010001001010100100101111111010010100100011001100010001110000111010001011101101
0010110110100000011011010110111001000111011100011110001011101000100111010010010111111001001010010001101110001000111000011101000101110110
0001011011010000011101101011011100100011101110001111000101110100010011101001001011111000100101001000110111000100011100001110100010111011
0000101101101000001110110101101110110001110111000110100010111010001011110100100101111100010010100100010011100010001110010111010001011101
0000010110110100000111011010110111111000111011100010010001011101000111111010010010111110001001010010000001110001000111011011101000101110
0000001011011010010011101101011011111100011101110001001000101110100011111101001001011011000100101001000000111000100011101101110100010111
0000000101101101011001110110101101011110001110111000100100010111010011111110100100101001100010010100101000011100010001110110111010001011
0000000010110110111100111011010110001111000111011100010010001011101011111111010010010000110001001010011100001110001000111011011101000101
1000000001011011001110011101101011000111100011101110001001000101110101111111101001001100011000100101001110000111000100011101101110100010
0100000000101101110111001110110101100011110001110111000100100010111010111111110100100010001100010010100111000011100010001110110111010001
1010000000010110111011100111011010110001111000111010100010010001011101011111111010010001000110001001010011100001110001010111011011101000
1101000000001011001101110011101101111000111100011101010001001000101100101111111101001100100011000100100001110000111000101011101101110100
0010111011011101010001110000111000101101110011101100110100000000101111010001001000101011100011110001110100100011000100110010111111110100
0001011101101110101000111000011100010110111001110111011010000000010111101000100100010101110001111000111010010001100010001001011111111010
1000101110110111000100011100001110101011011100111011101101000000001001110100010010001110111000111100010101001000110001000100101111111101
0100010111011011100010001110000111110101101110011100110110100000000110111010001001000111011100011110000010100100011000110010010111111110
1010001011101101110001000111000011011010110111001111011011010000000001011101000100100011101110001111001001010010001100001001001011111111
1101000101110110111000100011100001101101011011100110101101101000000000101110100010010001110111000111100100101001000110010100100101111111
1110100010111011011100010001110000110110101101110010010110110100000000010111010001001000111011100011110010010100100011011010010010111111
0111010001011101101110001000111000111011010110111000001011011010000010001011101000100100011101110001110001001010010001111101001001011111
1011101000101110100111000100011100011101101011011100000101101101000001000101110100010110001110111000111000100101001000111110100100101111
1101110100010111000011100010001110001110110101101110000010110110100000100010111010001111000111011100011100010010100100011111010010010111
0110111010001011100001110001000111100111011010110110000001011011010010010001011101000111100011101110000110001001010010011111101001001011
1011011101000101110000111000100011110011101101011010000000101101101001001000101110100011110001110111000011000100101001011111110100100101
1101101110100010111000011100010001111001110110101100000000010110110100100100010111010001111000111011100001100010010100111111111010010010
1110110111010001011100001110001000011100111011010111000000001011011000010010001011101000111100011101111000110001001010001111111101001001
0111011011101000101110000111000100101110011101101010100000000101101110001001000101110100011110001110110100011000100101010111111110100100
1011101101110100000111000011100010110111001110110101010000000010110101000100100010111110001111000111010010001100010010101011111111010010
0101110110111010000011100001110001011011100111011011101000000001011010100010010001011111000111100011101001000110001001000101111111101001
0111000111100011100101110110111010100101111111101001011011100111011010001110000111000110100010010001010110100000000101101001000110001001
1011100011110001100010111011011101010010111111110100101101110011101101000111000011100111010001001000101011010000000010110100100011000100
1101110001111000110001011101101110001001011111111011010110111001110100100011100001110011101000100100011101101000000001001010010001100010
1110111000111100001000101110110111100100101111111101101011011100111000010001110000111101110100010010000110110100000000100101001000110001
0111011100011110010100010111011011010010010111111110110101101110011110001000111000011010111010001001001011011010000000010010100100011000
0011101110001111011010001011101101101001001011111111011010110111001111000100011100001001011101000100100101101101000000001001010010001100
0001110111000111111101000101110110110100100101111111101101011011100111100010001110000000101110100010010010110110100000000100101001000110
1000111011100011101110100010111011111010010010111111110110101101110001110001000111000100010111010001000001011011010000000010010100100011
1100011101110001110111010001011101111101001001011110111011010110111000111000100011100010001011101000100000101101101000010001001010010001
1110001110111000111011101000101110111110100100101110011101101011011100011100010001110001000101110100010000010110110100011000100101001000
1111000111011100001101110100010111111111010010010111001110110101101100001110001000111100100010111010000000001011011010001100010010100100
0111100011101110010110111010001011111111101001001011100111011010110110000111000100011010010001011101000000000101101101000110001001010010
0011110001110111011011011101000101111111110100100101110011101101011011000011100010001001001000101110100000000010110110100011000100101001
0001111000111011111101101110100010011111111010010010111001110110101111100001110001000000100100010111011000000001011011010001100010010100
1000111100011101101110110111010001101111111101001001011100111011010101110000111000100100010010001011100100000000101101101000110001001010
1100011110001110110111011011101000010111111110100101101110011101101000111000011100010010001001000101111010000000010110100100011000100101
1110001111000111001011101101110100001011111111010010110111001110110100011100001110001101000100100010111101000000001011010010001100010010
