0111111001111001011010110011011111100111100101101011001101111110011110010110101100110111111001111001011010110011
1011111000111110101101011001101111100011111010110101100110111110001111101011010110011011111000111110101101011001
1101111100011101010111101100110111110001110101011110110011011111000111010101111011001101111100011101010111101100
1110111110001110101010110110111011111000111010101011011011101111100011101010101101101110111110001110101010110110
1111011111000111010100011011111101111100011101010001101111110111110001110101000110111111011111000111010100011011
1111101111100001101011001101111110111110000110101100110111111011111000011010110011011111101111100001101011001101
1111110011110010110101100110111111001111001011010110011011111100111100101101011001101111110011110010110101100110
1100001011111110011000101101110000101111111001100010110111000010111111100110001011011100001011111110011000101101
1110000101111101001101010110111000010111110100110101011011100001011111010011010101101110000101111101001101010110
0111000110111100100110101011011100011011110010011010101101110001101111001001101010110111000110111100100110101011
0011100111011110010011010101001110011101111001001101010100111001110111100100110101010011100111011110010011010101
0001110111101111001001101010000111011110111100100110101000011101111011110010011010100001110111101111001001101010
0000111111110101100100110101000011111111010110010011010100001111111101011001001101010000111111110101100100110101
1000011111111000110011011010100001111111100011001101101010000111111110001100110110101000011111111000110011011010
1010010011001101111111100001101001001100110111111110000110100100110011011111111000011010010011001101111111100001
0101001101100110111111110000010100110110011011111111000001010011011001101111111100000101001101100110111111110000
1010100110110011011110111000101010011011001101111011100010101001101100110111101110001010100110110011011110111000
0101010011011011101110011100010101001101101110111001110001010100110110111011100111000101010011011011101110011100
0010101001101111110110001110001010100110111111011000111000101010011011111101100011100010101001101111110110001110
1001010100110111111010000111100101010011011111101000011110010101001101111110100001111001010100110111111010000111
0100101110011011111101000011010010111001101111110100001101001011100110111111010000110100101110011011111101000011
1001100101001000111100111111100110010100100011110011111110011001010010001111001111111001100101001000111100111111
0100110010100100011111011111010011001010010001111101111101001100101001000111110111110100110010100100011111011111
0010011101010010001111101111001001110101001000111110111100100111010100100011111011110010011101010010001111101111
1001001010101011000111110111100100101010101100011111011110010010101010110001111101111001001010101011000111110111
1100100001010111100011111011110010000101011110001111101111001000010101111000111110111100100001010111100011111011
0110010100101011110001111101011001010010101111000111110101100101001010111100011111010110010100101011110001111101
0011001010010101111001111110001100101001010111100111111000110010100101011110011111100011001010010101111001111110
0111111001111001011010110011100000011000011010010100110001111110011110010110101100111000000110000110100101001100
1011111000111110101101011001010000011100000101001010011010111110001111101011010110010100000111000001010010100110
1101111100011101010111101100001000001110001010100001001111011111000111010101111011000010000011100010101000010011
1110111110001110101010110110000100000111000101010100100111101111100011101010101101100001000001110001010101001001
1111011111000111010100011011000010000011100010101110010011110111110001110101000110110000100000111000101011100100
1111101111100001101011001101000001000001111001010011001011111011111000011010110011010000010000011110010100110010
1111110011110010110101100110000000110000110100101001100111111100111100101101011001100000001100001101001010011001
1100001011111110011000101101001111010000000110011101001011000010111111100110001011010011110100000001100111010010
1110000101111101001101010110000111101000001011001010100111100001011111010011010101100001111010000010110010101001
0111000110111100100110101011100011100100001101100101010001110001101111001001101010111000111001000011011001010100
0011100111011110010011010101110001100010000110110010101000111001110111100100110101011100011000100001101100101010
0001110111101111001001101010111000100001000011011001010100011101111011110010011010101110001000010000110110010101
0000111111110101100100110101111100000000101001101100101000001111111101011001001101011111000000001010011011001010
1000011111111000110011011010011110000000011100110010010110000111111110001100110110100111100000000111001100100101
1010010011001101111111100001010110110011001000000001111010100100110011011111111000010101101100110010000000011110
0101001101100110111111110000101011001001100100000000111101010011011001101111111100001010110010011001000000001111
1010100110110011011110111000010101100100110010000100011110101001101100110111101110000101011001001100100001000111
0101010011011011101110011100101010110010010001000110001101010100110110111011100111001010101100100100010001100011
0010101001101111110110001110110101011001000000100111000100101010011011111101100011101101010110010000001001110001
1001010100110111111010000111011010101100100000010111100010010101001101111110100001110110101011001000000101111000
0100101110011011111101000011101101000110010000001011110001001011100110111111010000111011010001100100000010111100
1001100101001000111100111111011001101011011100001100000010011001010010001111001111110110011010110111000011000000
0100110010100100011111011111101100110101101110000010000001001100101001000111110111111011001101011011100000100000
0010011101010010001111101111110110001010110111000001000000100111010100100011111011111101100010101101110000010000
1001001010101011000111110111011011010101010011100000100010010010101010110001111101110110110101010100111000001000
1100100001010111100011111011001101111010100001110000010011001000010101111000111110110011011110101000011100000100
0110010100101011110001111101100110101101010000111000001001100101001010111100011111011001101011010100001110000010
0011001010010101111001111110110011010110101000011000000100110010100101011110011111101100110101101010000110000001
0111111001111001011010110011011111100111100101101011001110000001100001101001010011001000000110000110100101001100
1011111000111110101101011001101111100011111010110101100101000001110000010100101001100100000111000001010010100110
1101111100011101010111101100110111110001110101011110110000100000111000101010000100110010000011100010101000010011
1110111110001110101010110110111011111000111010101011011000010000011100010101010010010001000001110001010101001001
1111011111000111010100011011111101111100011101010001101100001000001110001010111001000000100000111000101011100100
1111101111100001101011001101111110111110000110101100110100000100000111100101001100100000010000011110010100110010
1111110011110010110101100110111111001111001011010110011000000011000011010010100110010000001100001101001010011001
1100001011111110011000101101110000101111111001100010110100111101000000011001110100100011110100000001100111010010
1110000101111101001101010110111000010111110100110101011000011110100000101100101010010001111010000010110010101001
0111000110111100100110101011011100011011110010011010101110001110010000110110010101001000111001000011011001010100
0011100111011110010011010101001110011101111001001101010111000110001000011011001010101100011000100001101100101010
0001110111101111001001101010000111011110111100100110101011100010000100001101100101011110001000010000110110010101
0000111111110101100100110101000011111111010110010011010111110000000010100110110010101111000000001010011011001010
1000011111111000110011011010100001111111100011001101101001111000000001110011001001010111100000000111001100100101
1010010011001101111111100001101001001100110111111110000101011011001100100000000111100101101100110010000000011110
0101001101100110111111110000010100110110011011111111000010101100100110010000000011111010110010011001000000001111
1010100110110011011110111000101010011011001101111011100001010110010011001000010001110101011001001100100001000111
0101010011011011101110011100010101001101101110111001110010101011001001000100011000111010101100100100010001100011
0010101001101111110110001110001010100110111111011000111011010101100100000010011100011101010110010000001001110001
1001010100110111111010000111100101010011011111101000011101101010110010000001011110000110101011001000000101111000
0100101110011011111101000011010010111001101111110100001110110100011001000000101111001011010001100100000010111100
1001100101001000111100111111100110010100100011110011111101100110101101110000110000000110011010110111000011000000
0100110010100100011111011111010011001010010001111101111110110011010110111000001000001011001101011011100000100000
0010011101010010001111101111001001110101001000111110111111011000101011011100000100001101100010101101110000010000
1001001010101011000111110111100100101010101100011111011101101101010101001110000010000110110101010100111000001000
1100100001010111100011111011110010000101011110001111101100110111101010000111000001000011011110101000011100000100
0110010100101011110001111101011001010010101111000111110110011010110101000011100000101001101011010100001110000010
0011001010010101111001111110001100101001010111100111111011001101011010100001100000011100110101101010000110000001
0111111001111001011010110011100000011000011010010100110010000001100001101001010011000111111001111001011010110011
1011111000111110101101011001010000011100000101001010011001000001110000010100101001101011111000111110101101011001
1101111100011101010111101100001000001110001010100001001100100000111000101010000100111101111100011101010111101100
1110111110001110101010110110000100000111000101010100100100010000011100010101010010011110111110001110101010110110
1111011111000111010100011011000010000011100010101110010000001000001110001010111001001111011111000111010100011011
1111101111100001101011001101000001000001111001010011001000000100000111100101001100101111101111100001101011001101
1111110011110010110101100110000000110000110100101001100100000011000011010010100110011111110011110010110101100110
1100001011111110011000101101001111010000000110011101001000111101000000011001110100101100001011111110011000101101
1110000101111101001101010110000111101000001011001010100100011110100000101100101010011110000101111101001101010110
0111000110111100100110101011100011100100001101100101010010001110010000110110010101000111000110111100100110101011
0011100111011110010011010101110001100010000110110010101011000110001000011011001010100011100111011110010011010101
0001110111101111001001101010111000100001000011011001010111100010000100001101100101010001110111101111001001101010
0000111111110101100100110101111100000000101001101100101011110000000010100110110010100000111111110101100100110101
1000011111111000110011011010011110000000011100110010010101111000000001110011001001011000011111111000110011011010
1010010011001101111111100001010110110011001000000001111001011011001100100000000111101010010011001101111111100001
0101001101100110111111110000101011001001100100000000111110101100100110010000000011110101001101100110111111110000
1010100110110011011110111000010101100100110010000100011101010110010011001000010001111010100110110011011110111000
0101010011011011101110011100101010110010010001000110001110101011001001000100011000110101010011011011101110011100
0010101001101111110110001110110101011001000000100111000111010101100100000010011100010010101001101111110110001110
1001010100110111111010000111011010101100100000010111100001101010110010000001011110001001010100110111111010000111
0100101110011011111101000011101101000110010000001011110010110100011001000000101111000100101110011011111101000011
1001100101001000111100111111011001101011011100001100000001100110101101110000110000001001100101001000111100111111
0100110010100100011111011111101100110101101110000010000010110011010110111000001000000100110010100100011111011111
0010011101010010001111101111110110001010110111000001000011011000101011011100000100000010011101010010001111101111
1001001010101011000111110111011011010101010011100000100001101101010101001110000010001001001010101011000111110111
1100100001010111100011111011001101111010100001110000010000110111101010000111000001001100100001010111100011111011
0110010100101011110001111101100110101101010000111000001010011010110101000011100000100110010100101011110001111101
0011001010010101111001111110110011010110101000011000000111001101011010100001100000010011001010010101111001111110
1000000110000110100101001100100000011000011010010100110010000001100001101001010011001000000110000110100101001100
0100000111000001010010100110010000011100000101001010011001000001110000010100101001100100000111000001010010100110
0010000011100010101000010011001000001110001010100001001100100000111000101010000100110010000011100010101000010011
0001000001110001010101001001000100000111000101010100100100010000011100010101010010010001000001110001010101001001
0000100000111000101011100100000010000011100010101110010000001000001110001010111001000000100000111000101011100100
0000010000011110010100110010000001000001111001010011001000000100000111100101001100100000010000011110010100110010
0000001100001101001010011001000000110000110100101001100100000011000011010010100110010000001100001101001010011001
0011110100000001100111010010001111010000000110011101001000111101000000011001110100100011110100000001100111010010
0001111010000010110010101001000111101000001011001010100100011110100000101100101010010001111010000010110010101001
1000111001000011011001010100100011100100001101100101010010001110010000110110010101001000111001000011011001010100
1100011000100001101100101010110001100010000110110010101011000110001000011011001010101100011000100001101100101010
1110001000010000110110010101111000100001000011011001010111100010000100001101100101011110001000010000110110010101
1111000000001010011011001010111100000000101001101100101011110000000010100110110010101111000000001010011011001010
0111100000000111001100100101011110000000011100110010010101111000000001110011001001010111100000000111001100100101
0101101100110010000000011110010110110011001000000001111001011011001100100000000111100101101100110010000000011110
1010110010011001000000001111101011001001100100000000111110101100100110010000000011111010110010011001000000001111
0101011001001100100001000111010101100100110010000100011101010110010011001000010001110101011001001100100001000111
1010101100100100010001100011101010110010010001000110001110101011001001000100011000111010101100100100010001100011
1101010110010000001001110001110101011001000000100111000111010101100100000010011100011101010110010000001001110001
0110101011001000000101111000011010101100100000010111100001101010110010000001011110000110101011001000000101111000
1011010001100100000010111100101101000110010000001011110010110100011001000000101111001011010001100100000010111100
0110011010110111000011000000011001101011011100001100000001100110101101110000110000000110011010110111000011000000
1011001101011011100000100000101100110101101110000010000010110011010110111000001000001011001101011011100000100000
1101100010101101110000010000110110001010110111000001000011011000101011011100000100001101100010101101110000010000
0110110101010100111000001000011011010101010011100000100001101101010101001110000010000110110101010100111000001000
0011011110101000011100000100001101111010100001110000010000110111101010000111000001000011011110101000011100000100
1001101011010100001110000010100110101101010000111000001010011010110101000011100000101001101011010100001110000010
1100110101101010000110000001110011010110101000011000000111001101011010100001100000011100110101101010000110000001
1000000110000110100101001100011111100111100101101011001110000001100001101001010011000111111001111001011010110011
0100000111000001010010100110101111100011111010110101100101000001110000010100101001101011111000111110101101011001
0010000011100010101000010011110111110001110101011110110000100000111000101010000100111101111100011101010111101100
0001000001110001010101001001111011111000111010101011011000010000011100010101010010011110111110001110101010110110
0000100000111000101011100100111101111100011101010001101100001000001110001010111001001111011111000111010100011011
0000010000011110010100110010111110111110000110101100110100000100000111100101001100101111101111100001101011001101
0000001100001101001010011001111111001111001011010110011000000011000011010010100110011111110011110010110101100110
0011110100000001100111010010110000101111111001100010110100111101000000011001110100101100001011111110011000101101
0001111010000010110010101001111000010111110100110101011000011110100000101100101010011110000101111101001101010110
1000111001000011011001010100011100011011110010011010101110001110010000110110010101000111000110111100100110101011
1100011000100001101100101010001110011101111001001101010111000110001000011011001010100011100111011110010011010101
1110001000010000110110010101000111011110111100100110101011100010000100001101100101010001110111101111001001101010
1111000000001010011011001010000011111111010110010011010111110000000010100110110010100000111111110101100100110101
0111100000000111001100100101100001111111100011001101101001111000000001110011001001011000011111111000110011011010
0101101100110010000000011110101001001100110111111110000101011011001100100000000111101010010011001101111111100001
1010110010011001000000001111010100110110011011111111000010101100100110010000000011110101001101100110111111110000
0101011001001100100001000111101010011011001101111011100001010110010011001000010001111010100110110011011110111000
1010101100100100010001100011010101001101101110111001110010101011001001000100011000110101010011011011101110011100
1101010110010000001001110001001010100110111111011000111011010101100100000010011100010010101001101111110110001110
0110101011001000000101111000100101010011011111101000011101101010110010000001011110001001010100110111111010000111
1011010001100100000010111100010010111001101111110100001110110100011001000000101111000100101110011011111101000011
0110011010110111000011000000100110010100100011110011111101100110101101110000110000001001100101001000111100111111
1011001101011011100000100000010011001010010001111101111110110011010110111000001000000100110010100100011111011111
1101100010101101110000010000001001110101001000111110111111011000101011011100000100000010011101010010001111101111
0110110101010100111000001000100100101010101100011111011101101101010101001110000010001001001010101011000111110111
0011011110101000011100000100110010000101011110001111101100110111101010000111000001001100100001010111100011111011
1001101011010100001110000010011001010010101111000111110110011010110101000011100000100110010100101011110001111101
1100110101101010000110000001001100101001010111100111111011001101011010100001100000010011001010010101111001111110
1000000110000110100101001100100000011000011010010100110001111110011110010110101100110111111001111001011010110011
0100000111000001010010100110010000011100000101001010011010111110001111101011010110011011111000111110101101011001
0010000011100010101000010011001000001110001010100001001111011111000111010101111011001101111100011101010111101100
0001000001110001010101001001000100000111000101010100100111101111100011101010101101101110111110001110101010110110
0000100000111000101011100100000010000011100010101110010011110111110001110101000110111111011111000111010100011011
0000010000011110010100110010000001000001111001010011001011111011111000011010110011011111101111100001101011001101
0000001100001101001010011001000000110000110100101001100111111100111100101101011001101111110011110010110101100110
0011110100000001100111010010001111010000000110011101001011000010111111100110001011011100001011111110011000101101
0001111010000010110010101001000111101000001011001010100111100001011111010011010101101110000101111101001101010110
1000111001000011011001010100100011100100001101100101010001110001101111001001101010110111000110111100100110101011
1100011000100001101100101010110001100010000110110010101000111001110111100100110101010011100111011110010011010101
1110001000010000110110010101111000100001000011011001010100011101111011110010011010100001110111101111001001101010
1111000000001010011011001010111100000000101001101100101000001111111101011001001101010000111111110101100100110101
0111100000000111001100100101011110000000011100110010010110000111111110001100110110101000011111111000110011011010
0101101100110010000000011110010110110011001000000001111010100100110011011111111000011010010011001101111111100001
1010110010011001000000001111101011001001100100000000111101010011011001101111111100000101001101100110111111110000
0101011001001100100001000111010101100100110010000100011110101001101100110111101110001010100110110011011110111000
1010101100100100010001100011101010110010010001000110001101010100110110111011100111000101010011011011101110011100
1101010110010000001001110001110101011001000000100111000100101010011011111101100011100010101001101111110110001110
0110101011001000000101111000011010101100100000010111100010010101001101111110100001111001010100110111111010000111
1011010001100100000010111100101101000110010000001011110001001011100110111111010000110100101110011011111101000011
0110011010110111000011000000011001101011011100001100000010011001010010001111001111111001100101001000111100111111
1011001101011011100000100000101100110101101110000010000001001100101001000111110111110100110010100100011111011111
1101100010101101110000010000110110001010110111000001000000100111010100100011111011110010011101010010001111101111
0110110101010100111000001000011011010101010011100000100010010010101010110001111101111001001010101011000111110111
0011011110101000011100000100001101111010100001110000010011001000010101111000111110111100100001010111100011111011
1001101011010100001110000010100110101101010000111000001001100101001010111100011111010110010100101011110001111101
1100110101101010000110000001110011010110101000011000000100110010100101011110011111100011001010010101111001111110
1000000110000110100101001100011111100111100101101011001101111110011110010110101100111000000110000110100101001100
0100000111000001010010100110101111100011111010110101100110111110001111101011010110010100000111000001010010100110
0010000011100010101000010011110111110001110101011110110011011111000111010101111011000010000011100010101000010011
0001000001110001010101001001111011111000111010101011011011101111100011101010101101100001000001110001010101001001
0000100000111000101011100100111101111100011101010001101111110111110001110101000110110000100000111000101011100100
0000010000011110010100110010111110111110000110101100110111111011111000011010110011010000010000011110010100110010
0000001100001101001010011001111111001111001011010110011011111100111100101101011001100000001100001101001010011001
0011110100000001100111010010110000101111111001100010110111000010111111100110001011010011110100000001100111010010
0001111010000010110010101001111000010111110100110101011011100001011111010011010101100001111010000010110010101001
1000111001000011011001010100011100011011110010011010101101110001101111001001101010111000111001000011011001010100
1100011000100001101100101010001110011101111001001101010100111001110111100100110101011100011000100001101100101010
1110001000010000110110010101000111011110111100100110101000011101111011110010011010101110001000010000110110010101
1111000000001010011011001010000011111111010110010011010100001111111101011001001101011111000000001010011011001010
0111100000000111001100100101100001111111100011001101101010000111111110001100110110100111100000000111001100100101
0101101100110010000000011110101001001100110111111110000110100100110011011111111000010101101100110010000000011110
1010110010011001000000001111010100110110011011111111000001010011011001101111111100001010110010011001000000001111
0101011001001100100001000111101010011011001101111011100010101001101100110111101110000101011001001100100001000111
1010101100100100010001100011010101001101101110111001110001010100110110111011100111001010101100100100010001100011
1101010110010000001001110001001010100110111111011000111000101010011011111101100011101101010110010000001001110001
0110101011001000000101111000100101010011011111101000011110010101001101111110100001110110101011001000000101111000
1011010001100100000010111100010010111001101111110100001101001011100110111111010000111011010001100100000010111100
0110011010110111000011000000100110010100100011110011111110011001010010001111001111110110011010110111000011000000
1011001101011011100000100000010011001010010001111101111101001100101001000111110111111011001101011011100000100000
1101100010101101110000010000001001110101001000111110111100100111010100100011111011111101100010101101110000010000
0110110101010100111000001000100100101010101100011111011110010010101010110001111101110110110101010100111000001000
0011011110101000011100000100110010000101011110001111101111001000010101111000111110110011011110101000011100000100
1001101011010100001110000010011001010010101111000111110101100101001010111100011111011001101011010100001110000010
1100110101101010000110000001001100101001010111100111111000110010100101011110011111101100110101101010000110000001
