0111111111111111111111111111111111111111111111111111111111111111111101111111111111111111111111111111111111111111111111111111111111111111
0010010100110001111010111111001000101110110000001010000111001101011000100101001100011110101111110010001011101100000010100001110011010110
0001001010011000111101011111100100010111011000000101000011100110101100010010100110001111010111111001000101110110000001010000111001101011
0100100101001100011110101111110010001011101100000010100001110011010101001001010011000111101011111100100010111011000000101000011100110101
0110010010100110001111010111111001000101110110000001010000111001101001100100101001100011110101111110010001011101100000010100001110011010
0011001001010011000111101011111100100010111011000000101000011100110100110010010100110001111010111111001000101110110000001010000111001101
0101100100101001100011110101111110010001011101100000010100001110011001011001001010011000111101011111100100010111011000000101000011100110
0010110010010100110001111010111111001000101110110000001010000111001100101100100101001100011110101111110010001011101100000010100001110011
0101011001001010011000111101011111100100010111011000000101000011100101010110010010100110001111010111111001000101110110000001010000111001
0110101100100101001100011110101111110010001011101100000010100001110001101011001001010011000111101011111100100010111011000000101000011100
0011010110010010100110001111010111111001000101110110000001010000111000110101100100101001100011110101111110010001011101100000010100001110
0001101011001001010011000111101011111100100010111011000000101000011100011010110010010100110001111010111111001000101110110000001010000111
0100110101100100101001100011110101111110010001011101100000010100001101001101011001001010011000111101011111100100010111011000000101000011
0110011010110010010100110001111010111111001000101110110000001010000101100110101100100101001100011110101111110010001011101100000010100001
0111001101011001001010011000111101011111100100010111011000000101000001110011010110010010100110001111010111111001000101110110000001010000
0011100110101100100101001100011110101111110010001011101100000010100000111001101011001001010011000111101011111100100010111011000000101000
0001110011010110010010100110001111010111111001000101110110000001010000011100110101100100101001100011110101111110010001011101100000010100
0000111001101011001001010011000111101011111100100010111011000000101000001110011010110010010100110001111010111111001000101110110000001010
0000011100110101100100101001100011110101111110010001011101100000010100000111001101011001001010011000111101011111100100010111011000000101
0100001110011010110010010100110001111010111111001000101110110000001001000011100110101100100101001100011110101111110010001011101100000010
0010000111001101011001001010011000111101011111100100010111011000000100100001110011010110010010100110001111010111111001000101110110000001
0101000011100110101100100101001100011110101111110010001011101100000001010000111001101011001001010011000111101011111100100010111011000000
0010100001110011010110010010100110001111010111111001000101110110000000101000011100110101100100101001100011110101111110010001011101100000
0001010000111001101011001001010011000111101011111100100010111011000000010100001110011010110010010100110001111010111111001000101110110000
0000101000011100110101100100101001100011110101111110010001011101100000001010000111001101011001001010011000111101011111100100010111011000
0000010100001110011010110010010100110001111010111111001000101110110000000101000011100110101100100101001100011110101111110010001011101100
0000001010000111001101011001001010011000111101011111100100010111011000000010100001110011010110010010100110001111010111111001000101110110
0000000101000011100110101100100101001100011110101111110010001011101100000001010000111001101011001001010011000111101011111100100010111011
0100000010100001110011010110010010100110001111010111111001000101110101000000101000011100110101100100101001100011110101111110010001011101
0110000001010000111001101011001001010011000111101011111100100010111001100000010100001110011010110010010100110001111010111111001000101110
0011000000101000011100110101100100101001100011110101111110010001011100110000001010000111001101011001001010011000111101011111100100010111
0101100000010100001110011010110010010100110001111010111111001000101101011000000101000011100110101100100101001100011110101111110010001011
0110110000001010000111001101011001001010011000111101011111100100010101101100000010100001110011010110010010100110001111010111111001000101
0111011000000101000011100110101100100101001100011110101111110010001001110110000001010000111001101011001001010011000111101011111100100010
0011101100000010100001110011010110010010100110001111010111111001000100111011000000101000011100110101100100101001100011110101111110010001
0101110110000001010000111001101011001001010011000111101011111100100001011101100000010100001110011010110010010100110001111010111111001000
0010111011000000101000011100110101100100101001100011110101111110010000101110110000001010000111001101011001001010011000111101011111100100
0001011101100000010100001110011010110010010100110001111010111111001000010111011000000101000011100110101100100101001100011110101111110010
0000101110110000001010000111001101011001001010011000111101011111100100001011101100000010100001110011010110010010100110001111010111111001
0100010111011000000101000011100110101100100101001100011110101111110001000101110110000001010000111001101011001001010011000111101011111100
0010001011101100000010100001110011010110010010100110001111010111111000100010111011000000101000011100110101100100101001100011110101111110
0001000101110110000001010000111001101011001001010011000111101011111100010001011101100000010100001110011010110010010100110001111010111111
0100100010111011000000101000011100110101100100101001100011110101111101001000101110110000001010000111001101011001001010011000111101011111
0110010001011101100000010100001110011010110010010100110001111010111101100100010111011000000101000011100110101100100101001100011110101111
0111001000101110110000001010000111001101011001001010011000111101011101110010001011101100000010100001110011010110010010100110001111010111
0111100100010111011000000101000011100110101100100101001100011110101101111001000101110110000001010000111001101011001001010011000111101011
0111110010001011101100000010100001110011010110010010100110001111010101111100100010111011000000101000011100110101100100101001100011110101
0111111001000101110110000001010000111001101011001001010011000111101001111110010001011101100000010100001110011010110010010100110001111010
0011111100100010111011000000101000011100110101100100101001100011110100111111001000101110110000001010000111001101011001001010011000111101
0101111110010001011101100000010100001110011010110010010100110001111001011111100100010111011000000101000011100110101100100101001100011110
0010111111001000101110110000001010000111001101011001001010011000111100101111110010001011101100000010100001110011010110010010100110001111
0101011111100100010111011000000101000011100110101100100101001100011101010111111001000101110110000001010000111001101011001001010011000111
0110101111110010001011101100000010100001110011010110010010100110001101101011111100100010111011000000101000011100110101100100101001100011
0111010111111001000101110110000001010000111001101011001001010011000101110101111110010001011101100000010100001110011010110010010100110001
0111101011111100100010111011000000101000011100110101100100101001100001111010111111001000101110110000001010000111001101011001001010011000
0011110101111110010001011101100000010100001110011010110010010100110000111101011111100100010111011000000101000011100110101100100101001100
0001111010111111001000101110110000001010000111001101011001001010011000011110101111110010001011101100000010100001110011010110010010100110
0000111101011111100100010111011000000101000011100110101100100101001100001111010111111001000101110110000001010000111001101011001001010011
0100011110101111110010001011101100000010100001110011010110010010100101000111101011111100100010111011000000101000011100110101100100101001
0110001111010111111001000101110110000001010000111001101011001001010001100011110101111110010001011101100000010100001110011010110010010100
0011000111101011111100100010111011000000101000011100110101100100101000110001111010111111001000101110110000001010000111001101011001001010
0001100011110101111110010001011101100000010100001110011010110010010100011000111101011111100100010111011000000101000011100110101100100101
0100110001111010111111001000101110110000001010000111001101011001001001001100011110101111110010001011101100000010100001110011010110010010
0010011000111101011111100100010111011000000101000011100110101100100100100110001111010111111001000101110110000001010000111001101011001001
0101001100011110101111110010001011101100000010100001110011010110010001010011000111101011111100100010111011000000101000011100110101100100
0010100110001111010111111001000101110110000001010000111001101011001000101001100011110101111110010001011101100000010100001110011010110010
0001010011000111101011111100100010111011000000101000011100110101100100010100110001111010111111001000101110110000001010000111001101011001
0100101001100011110101111110010001011101100000010100001110011010110001001010011000111101011111100100010111011000000101000011100110101100
0111111111111111111111111111111111111111111111111111111111111111111110000000000000000000000000000000000000000000000000000000000000000000
0010010100110001111010111111001000101110110000001010000111001101011011011010110011100001010000001101110100010011111101011110001100101001
0001001010011000111101011111100100010111011000000101000011100110101111101101011001110000101000000110111010001001111110101111000110010100
0100100101001100011110101111110010001011101100000010100001110011010110110110101100111000010100000011011101000100111111010111100011001010
0110010010100110001111010111111001000101110110000001010000111001101010011011010110011100001010000001101110100010011111101011110001100101
0011001001010011000111101011111100100010111011000000101000011100110111001101101011001110000101000000110111010001001111110101111000110010
0101100100101001100011110101111110010001011101100000010100001110011010100110110101100111000010100000011011101000100111111010111100011001
0010110010010100110001111010111111001000101110110000001010000111001111010011011010110011100001010000001101110100010011111101011110001100
0101011001001010011000111101011111100100010111011000000101000011100110101001101101011001110000101000000110111010001001111110101111000110
0110101100100101001100011110101111110010001011101100000010100001110010010100110110101100111000010100000011011101000100111111010111100011
0011010110010010100110001111010111111001000101110110000001010000111011001010011011010110011100001010000001101110100010011111101011110001
0001101011001001010011000111101011111100100010111011000000101000011111100101001101101011001110000101000000110111010001001111110101111000
0100110101100100101001100011110101111110010001011101100000010100001110110010100110110101100111000010100000011011101000100111111010111100
0110011010110010010100110001111010111111001000101110110000001010000110011001010011011010110011100001010000001101110100010011111101011110
0111001101011001001010011000111101011111100100010111011000000101000010001100101001101101011001110000101000000110111010001001111110101111
0011100110101100100101001100011110101111110010001011101100000010100011000110010100110110101100111000010100000011011101000100111111010111
0001110011010110010010100110001111010111111001000101110110000001010011100011001010011011010110011100001010000001101110100010011111101011
0000111001101011001001010011000111101011111100100010111011000000101011110001100101001101101011001110000101000000110111010001001111110101
0000011100110101100100101001100011110101111110010001011101100000010111111000110010100110110101100111000010100000011011101000100111111010
0100001110011010110010010100110001111010111111001000101110110000001010111100011001010011011010110011100001010000001101110100010011111101
0010000111001101011001001010011000111101011111100100010111011000000111011110001100101001101101011001110000101000000110111010001001111110
0101000011100110101100100101001100011110101111110010001011101100000010101111000110010100110110101100111000010100000011011101000100111111
0010100001110011010110010010100110001111010111111001000101110110000011010111100011001010011011010110011100001010000001101110100010011111
0001010000111001101011001001010011000111101011111100100010111011000011101011110001100101001101101011001110000101000000110111010001001111
0000101000011100110101100100101001100011110101111110010001011101100011110101111000110010100110110101100111000010100000011011101000100111
0000010100001110011010110010010100110001111010111111001000101110110011111010111100011001010011011010110011100001010000001101110100010011
0000001010000111001101011001001010011000111101011111100100010111011011111101011110001100101001101101011001110000101000000110111010001001
0000000101000011100110101100100101001100011110101111110010001011101111111110101111000110010100110110101100111000010100000011011101000100
0100000010100001110011010110010010100110001111010111111001000101110110111111010111100011001010011011010110011100001010000001101110100010
0110000001010000111001101011001001010011000111101011111100100010111010011111101011110001100101001101101011001110000101000000110111010001
0011000000101000011100110101100100101001100011110101111110010001011111001111110101111000110010100110110101100111000010100000011011101000
0101100000010100001110011010110010010100110001111010111111001000101110100111111010111100011001010011011010110011100001010000001101110100
0110110000001010000111001101011001001010011000111101011111100100010110010011111101011110001100101001101101011001110000101000000110111010
0111011000000101000011100110101100100101001100011110101111110010001010001001111110101111000110010100110110101100111000010100000011011101
0011101100000010100001110011010110010010100110001111010111111001000111000100111111010111100011001010011011010110011100001010000001101110
0101110110000001010000111001101011001001010011000111101011111100100010100010011111101011110001100101001101101011001110000101000000110111
0010111011000000101000011100110101100100101001100011110101111110010011010001001111110101111000110010100110110101100111000010100000011011
0001011101100000010100001110011010110010010100110001111010111111001011101000100111111010111100011001010011011010110011100001010000001101
0000101110110000001010000111001101011001001010011000111101011111100111110100010011111101011110001100101001101101011001110000101000000110
0100010111011000000101000011100110101100100101001100011110101111110010111010001001111110101111000110010100110110101100111000010100000011
0010001011101100000010100001110011010110010010100110001111010111111011011101000100111111010111100011001010011011010110011100001010000001
0001000101110110000001010000111001101011001001010011000111101011111111101110100010011111101011110001100101001101101011001110000101000000
0100100010111011000000101000011100110101100100101001100011110101111110110111010001001111110101111000110010100110110101100111000010100000
0110010001011101100000010100001110011010110010010100110001111010111110011011101000100111111010111100011001010011011010110011100001010000
0111001000101110110000001010000111001101011001001010011000111101011110001101110100010011111101011110001100101001101101011001110000101000
0111100100010111011000000101000011100110101100100101001100011110101110000110111010001001111110101111000110010100110110101100111000010100
0111110010001011101100000010100001110011010110010010100110001111010110000011011101000100111111010111100011001010011011010110011100001010
0111111001000101110110000001010000111001101011001001010011000111101010000001101110100010011111101011110001100101001101101011001110000101
0011111100100010111011000000101000011100110101100100101001100011110111000000110111010001001111110101111000110010100110110101100111000010
0101111110010001011101100000010100001110011010110010010100110001111010100000011011101000100111111010111100011001010011011010110011100001
0010111111001000101110110000001010000111001101011001001010011000111111010000001101110100010011111101011110001100101001101101011001110000
0101011111100100010111011000000101000011100110101100100101001100011110101000000110111010001001111110101111000110010100110110101100111000
0110101111110010001011101100000010100001110011010110010010100110001110010100000011011101000100111111010111100011001010011011010110011100
0111010111111001000101110110000001010000111001101011001001010011000110001010000001101110100010011111101011110001100101001101101011001110
0111101011111100100010111011000000101000011100110101100100101001100010000101000000110111010001001111110101111000110010100110110101100111
0011110101111110010001011101100000010100001110011010110010010100110011000010100000011011101000100111111010111100011001010011011010110011
0001111010111111001000101110110000001010000111001101011001001010011011100001010000001101110100010011111101011110001100101001101101011001
0000111101011111100100010111011000000101000011100110101100100101001111110000101000000110111010001001111110101111000110010100110110101100
0100011110101111110010001011101100000010100001110011010110010010100110111000010100000011011101000100111111010111100011001010011011010110
0110001111010111111001000101110110000001010000111001101011001001010010011100001010000001101110100010011111101011110001100101001101101011
0011000111101011111100100010111011000000101000011100110101100100101011001110000101000000110111010001001111110101111000110010100110110101
0001100011110101111110010001011101100000010100001110011010110010010111100111000010100000011011101000100111111010111100011001010011011010
0100110001111010111111001000101110110000001010000111001101011001001010110011100001010000001101110100010011111101011110001100101001101101
0010011000111101011111100100010111011000000101000011100110101100100111011001110000101000000110111010001001111110101111000110010100110110
0101001100011110101111110010001011101100000010100001110011010110010010101100111000010100000011011101000100111111010111100011001010011011
0010100110001111010111111001000101110110000001010000111001101011001011010110011100001010000001101110100010011111101011110001100101001101
0001010011000111101011111100100010111011000000101000011100110101100111101011001110000101000000110111010001001111110101111000110010100110
0100101001100011110101111110010001011101100000010100001110011010110010110101100111000010100000011011101000100111111010111100011001010011
1000000000000000000000000000000000000000000000000000000000000000000010000000000000000000000000000000000000000000000000000000000000000000
1101101011001110000101000000110111010001001111110101111000110010100111011010110011100001010000001101110100010011111101011110001100101001
1110110101100111000010100000011011101000100111111010111100011001010011101101011001110000101000000110111010001001111110101111000110010100
1011011010110011100001010000001101110100010011111101011110001100101010110110101100111000010100000011011101000100111111010111100011001010
1001101101011001110000101000000110111010001001111110101111000110010110011011010110011100001010000001101110100010011111101011110001100101
1100110110101100111000010100000011011101000100111111010111100011001011001101101011001110000101000000110111010001001111110101111000110010
1010011011010110011100001010000001101110100010011111101011110001100110100110110101100111000010100000011011101000100111111010111100011001
1101001101101011001110000101000000110111010001001111110101111000110011010011011010110011100001010000001101110100010011111101011110001100
1010100110110101100111000010100000011011101000100111111010111100011010101001101101011001110000101000000110111010001001111110101111000110
1001010011011010110011100001010000001101110100010011111101011110001110010100110110101100111000010100000011011101000100111111010111100011
1100101001101101011001110000101000000110111010001001111110101111000111001010011011010110011100001010000001101110100010011111101011110001
1110010100110110101100111000010100000011011101000100111111010111100011100101001101101011001110000101000000110111010001001111110101111000
1011001010011011010110011100001010000001101110100010011111101011110010110010100110110101100111000010100000011011101000100111111010111100
1001100101001101101011001110000101000000110111010001001111110101111010011001010011011010110011100001010000001101110100010011111101011110
1000110010100110110101100111000010100000011011101000100111111010111110001100101001101101011001110000101000000110111010001001111110101111
1100011001010011011010110011100001010000001101110100010011111101011111000110010100110110101100111000010100000011011101000100111111010111
1110001100101001101101011001110000101000000110111010001001111110101111100011001010011011010110011100001010000001101110100010011111101011
1111000110010100110110101100111000010100000011011101000100111111010111110001100101001101101011001110000101000000110111010001001111110101
1111100011001010011011010110011100001010000001101110100010011111101011111000110010100110110101100111000010100000011011101000100111111010
1011110001100101001101101011001110000101000000110111010001001111110110111100011001010011011010110011100001010000001101110100010011111101
1101111000110010100110110101100111000010100000011011101000100111111011011110001100101001101101011001110000101000000110111010001001111110
1010111100011001010011011010110011100001010000001101110100010011111110101111000110010100110110101100111000010100000011011101000100111111
1101011110001100101001101101011001110000101000000110111010001001111111010111100011001010011011010110011100001010000001101110100010011111
1110101111000110010100110110101100111000010100000011011101000100111111101011110001100101001101101011001110000101000000110111010001001111
1111010111100011001010011011010110011100001010000001101110100010011111110101111000110010100110110101100111000010100000011011101000100111
1111101011110001100101001101101011001110000101000000110111010001001111111010111100011001010011011010110011100001010000001101110100010011
1111110101111000110010100110110101100111000010100000011011101000100111111101011110001100101001101101011001110000101000000110111010001001
1111111010111100011001010011011010110011100001010000001101110100010011111110101111000110010100110110101100111000010100000011011101000100
1011111101011110001100101001101101011001110000101000000110111010001010111111010111100011001010011011010110011100001010000001101110100010
1001111110101111000110010100110110101100111000010100000011011101000110011111101011110001100101001101101011001110000101000000110111010001
1100111111010111100011001010011011010110011100001010000001101110100011001111110101111000110010100110110101100111000010100000011011101000
1010011111101011110001100101001101101011001110000101000000110111010010100111111010111100011001010011011010110011100001010000001101110100
1001001111110101111000110010100110110101100111000010100000011011101010010011111101011110001100101001101101011001110000101000000110111010
1000100111111010111100011001010011011010110011100001010000001101110110001001111110101111000110010100110110101100111000010100000011011101
1100010011111101011110001100101001101101011001110000101000000110111011000100111111010111100011001010011011010110011100001010000001101110
1010001001111110101111000110010100110110101100111000010100000011011110100010011111101011110001100101001101101011001110000101000000110111
1101000100111111010111100011001010011011010110011100001010000001101111010001001111110101111000110010100110110101100111000010100000011011
1110100010011111101011110001100101001101101011001110000101000000110111101000100111111010111100011001010011011010110011100001010000001101
1111010001001111110101111000110010100110110101100111000010100000011011110100010011111101011110001100101001101101011001110000101000000110
1011101000100111111010111100011001010011011010110011100001010000001110111010001001111110101111000110010100110110101100111000010100000011
1101110100010011111101011110001100101001101101011001110000101000000111011101000100111111010111100011001010011011010110011100001010000001
1110111010001001111110101111000110010100110110101100111000010100000011101110100010011111101011110001100101001101101011001110000101000000
1011011101000100111111010111100011001010011011010110011100001010000010110111010001001111110101111000110010100110110101100111000010100000
1001101110100010011111101011110001100101001101101011001110000101000010011011101000100111111010111100011001010011011010110011100001010000
1000110111010001001111110101111000110010100110110101100111000010100010001101110100010011111101011110001100101001101101011001110000101000
1000011011101000100111111010111100011001010011011010110011100001010010000110111010001001111110101111000110010100110110101100111000010100
1000001101110100010011111101011110001100101001101101011001110000101010000011011101000100111111010111100011001010011011010110011100001010
1000000110111010001001111110101111000110010100110110101100111000010110000001101110100010011111101011110001100101001101101011001110000101
1100000011011101000100111111010111100011001010011011010110011100001011000000110111010001001111110101111000110010100110110101100111000010
1010000001101110100010011111101011110001100101001101101011001110000110100000011011101000100111111010111100011001010011011010110011100001
1101000000110111010001001111110101111000110010100110110101100111000011010000001101110100010011111101011110001100101001101101011001110000
1010100000011011101000100111111010111100011001010011011010110011100010101000000110111010001001111110101111000110010100110110101100111000
1001010000001101110100010011111101011110001100101001101101011001110010010100000011011101000100111111010111100011001010011011010110011100
1000101000000110111010001001111110101111000110010100110110101100111010001010000001101110100010011111101011110001100101001101101011001110
1000010100000011011101000100111111010111100011001010011011010110011110000101000000110111010001001111110101111000110010100110110101100111
1100001010000001101110100010011111101011110001100101001101101011001111000010100000011011101000100111111010111100011001010011011010110011
1110000101000000110111010001001111110101111000110010100110110101100111100001010000001101110100010011111101011110001100101001101101011001
1111000010100000011011101000100111111010111100011001010011011010110011110000101000000110111010001001111110101111000110010100110110101100
1011100001010000001101110100010011111101011110001100101001101101011010111000010100000011011101000100111111010111100011001010011011010110
1001110000101000000110111010001001111110101111000110010100110110101110011100001010000001101110100010011111101011110001100101001101101011
1100111000010100000011011101000100111111010111100011001010011011010111001110000101000000110111010001001111110101111000110010100110110101
1110011100001010000001101110100010011111101011110001100101001101101011100111000010100000011011101000100111111010111100011001010011011010
1011001110000101000000110111010001001111110101111000110010100110110110110011100001010000001101110100010011111101011110001100101001101101
1101100111000010100000011011101000100111111010111100011001010011011011011001110000101000000110111010001001111110101111000110010100110110
1010110011100001010000001101110100010011111101011110001100101001101110101100111000010100000011011101000100111111010111100011001010011011
1101011001110000101000000110111010001001111110101111000110010100110111010110011100001010000001101110100010011111101011110001100101001101
1110101100111000010100000011011101000100111111010111100011001010011011101011001110000101000000110111010001001111110101111000110010100110
1011010110011100001010000001101110100010011111101011110001100101001110110101100111000010100000011011101000100111111010111100011001010011
1000000000000000000000000000000000000000000000000000000000000000000001111111111111111111111111111111111111111111111111111111111111111111
1101101011001110000101000000110111010001001111110101111000110010100100100101001100011110101111110010001011101100000010100001110011010110
1110110101100111000010100000011011101000100111111010111100011001010000010010100110001111010111111001000101110110000001010000111001101011
1011011010110011100001010000001101110100010011111101011110001100101001001001010011000111101011111100100010111011000000101000011100110101
1001101101011001110000101000000110111010001001111110101111000110010101100100101001100011110101111110010001011101100000010100001110011010
1100110110101100111000010100000011011101000100111111010111100011001000110010010100110001111010111111001000101110110000001010000111001101
1010011011010110011100001010000001101110100010011111101011110001100101011001001010011000111101011111100100010111011000000101000011100110
1101001101101011001110000101000000110111010001001111110101111000110000101100100101001100011110101111110010001011101100000010100001110011
1010100110110101100111000010100000011011101000100111111010111100011001010110010010100110001111010111111001000101110110000001010000111001
1001010011011010110011100001010000001101110100010011111101011110001101101011001001010011000111101011111100100010111011000000101000011100
1100101001101101011001110000101000000110111010001001111110101111000100110101100100101001100011110101111110010001011101100000010100001110
1110010100110110101100111000010100000011011101000100111111010111100000011010110010010100110001111010111111001000101110110000001010000111
1011001010011011010110011100001010000001101110100010011111101011110001001101011001001010011000111101011111100100010111011000000101000011
1001100101001101101011001110000101000000110111010001001111110101111001100110101100100101001100011110101111110010001011101100000010100001
1000110010100110110101100111000010100000011011101000100111111010111101110011010110010010100110001111010111111001000101110110000001010000
1100011001010011011010110011100001010000001101110100010011111101011100111001101011001001010011000111101011111100100010111011000000101000
1110001100101001101101011001110000101000000110111010001001111110101100011100110101100100101001100011110101111110010001011101100000010100
1111000110010100110110101100111000010100000011011101000100111111010100001110011010110010010100110001111010111111001000101110110000001010
1111100011001010011011010110011100001010000001101110100010011111101000000111001101011001001010011000111101011111100100010111011000000101
1011110001100101001101101011001110000101000000110111010001001111110101000011100110101100100101001100011110101111110010001011101100000010
1101111000110010100110110101100111000010100000011011101000100111111000100001110011010110010010100110001111010111111001000101110110000001
1010111100011001010011011010110011100001010000001101110100010011111101010000111001101011001001010011000111101011111100100010111011000000
1101011110001100101001101101011001110000101000000110111010001001111100101000011100110101100100101001100011110101111110010001011101100000
1110101111000110010100110110101100111000010100000011011101000100111100010100001110011010110010010100110001111010111111001000101110110000
1111010111100011001010011011010110011100001010000001101110100010011100001010000111001101011001001010011000111101011111100100010111011000
1111101011110001100101001101101011001110000101000000110111010001001100000101000011100110101100100101001100011110101111110010001011101100
1111110101111000110010100110110101100111000010100000011011101000100100000010100001110011010110010010100110001111010111111001000101110110
1111111010111100011001010011011010110011100001010000001101110100010000000001010000111001101011001001010011000111101011111100100010111011
1011111101011110001100101001101101011001110000101000000110111010001001000000101000011100110101100100101001100011110101111110010001011101
1001111110101111000110010100110110101100111000010100000011011101000101100000010100001110011010110010010100110001111010111111001000101110
1100111111010111100011001010011011010110011100001010000001101110100000110000001010000111001101011001001010011000111101011111100100010111
1010011111101011110001100101001101101011001110000101000000110111010001011000000101000011100110101100100101001100011110101111110010001011
1001001111110101111000110010100110110101100111000010100000011011101001101100000010100001110011010110010010100110001111010111111001000101
1000100111111010111100011001010011011010110011100001010000001101110101110110000001010000111001101011001001010011000111101011111100100010
1100010011111101011110001100101001101101011001110000101000000110111000111011000000101000011100110101100100101001100011110101111110010001
1010001001111110101111000110010100110110101100111000010100000011011101011101100000010100001110011010110010010100110001111010111111001000
1101000100111111010111100011001010011011010110011100001010000001101100101110110000001010000111001101011001001010011000111101011111100100
1110100010011111101011110001100101001101101011001110000101000000110100010111011000000101000011100110101100100101001100011110101111110010
1111010001001111110101111000110010100110110101100111000010100000011000001011101100000010100001110011010110010010100110001111010111111001
1011101000100111111010111100011001010011011010110011100001010000001101000101110110000001010000111001101011001001010011000111101011111100
1101110100010011111101011110001100101001101101011001110000101000000100100010111011000000101000011100110101100100101001100011110101111110
1110111010001001111110101111000110010100110110101100111000010100000000010001011101100000010100001110011010110010010100110001111010111111
1011011101000100111111010111100011001010011011010110011100001010000001001000101110110000001010000111001101011001001010011000111101011111
1001101110100010011111101011110001100101001101101011001110000101000001100100010111011000000101000011100110101100100101001100011110101111
1000110111010001001111110101111000110010100110110101100111000010100001110010001011101100000010100001110011010110010010100110001111010111
1000011011101000100111111010111100011001010011011010110011100001010001111001000101110110000001010000111001101011001001010011000111101011
1000001101110100010011111101011110001100101001101101011001110000101001111100100010111011000000101000011100110101100100101001100011110101
1000000110111010001001111110101111000110010100110110101100111000010101111110010001011101100000010100001110011010110010010100110001111010
1100000011011101000100111111010111100011001010011011010110011100001000111111001000101110110000001010000111001101011001001010011000111101
1010000001101110100010011111101011110001100101001101101011001110000101011111100100010111011000000101000011100110101100100101001100011110
1101000000110111010001001111110101111000110010100110110101100111000000101111110010001011101100000010100001110011010110010010100110001111
1010100000011011101000100111111010111100011001010011011010110011100001010111111001000101110110000001010000111001101011001001010011000111
1001010000001101110100010011111101011110001100101001101101011001110001101011111100100010111011000000101000011100110101100100101001100011
1000101000000110111010001001111110101111000110010100110110101100111001110101111110010001011101100000010100001110011010110010010100110001
1000010100000011011101000100111111010111100011001010011011010110011101111010111111001000101110110000001010000111001101011001001010011000
1100001010000001101110100010011111101011110001100101001101101011001100111101011111100100010111011000000101000011100110101100100101001100
1110000101000000110111010001001111110101111000110010100110110101100100011110101111110010001011101100000010100001110011010110010010100110
1111000010100000011011101000100111111010111100011001010011011010110000001111010111111001000101110110000001010000111001101011001001010011
1011100001010000001101110100010011111101011110001100101001101101011001000111101011111100100010111011000000101000011100110101100100101001
1001110000101000000110111010001001111110101111000110010100110110101101100011110101111110010001011101100000010100001110011010110010010100
1100111000010100000011011101000100111111010111100011001010011011010100110001111010111111001000101110110000001010000111001101011001001010
1110011100001010000001101110100010011111101011110001100101001101101000011000111101011111100100010111011000000101000011100110101100100101
1011001110000101000000110111010001001111110101111000110010100110110101001100011110101111110010001011101100000010100001110011010110010010
1101100111000010100000011011101000100111111010111100011001010011011000100110001111010111111001000101110110000001010000111001101011001001
1010110011100001010000001101110100010011111101011110001100101001101101010011000111101011111100100010111011000000101000011100110101100100
1101011001110000101000000110111010001001111110101111000110010100110100101001100011110101111110010001011101100000010100001110011010110010
1110101100111000010100000011011101000100111111010111100011001010011000010100110001111010111111001000101110110000001010000111001101011001
1011010110011100001010000001101110100010011111101011110001100101001101001010011000111101011111100100010111011000000101000011100110101100
