0000000000000010000000000000000000000000001000000000000000000000000000100000000000000000000000000010000000000000
0001001111001001010011110010000100111100100101001111001000010011110010010100111100100001001111001001010011110010
0000100111100100101001111001000010011110010010100111100100001001111001001010011110010000100111100100101001111001
0100010011110001010100111100010001001111000101010011110001000100111100010101001111000100010011110001010100111100
0010001001111000101010011110001000100111100010101001111000100010011110001010100111100010001001111000101010011110
0001000100111100010101001111000100010011110001010100111100010001001111000101010011110001000100111100010101001111
0100100010011101001010100111010010001001110100101010011101001000100111010010101001110100100010011101001010100111
0110010001001101100101010011011001000100110110010101001101100100010011011001010100110110010001001101100101010011
0111001000100101110010101001011100100010010111001010100101110010001001011100101010010111001000100101110010101001
0111100100010001111001010100011110010001000111100101010001111001000100011110010101000111100100010001111001010100
0011110010001000111100101010001111001000100011110010101000111100100010001111001010100011110010001000111100101010
0001111001000100011110010101000111100100010001111001010100011110010001000111100101010001111001000100011110010101
0100111100100001001111001010010011110010000100111100101001001111001000010011110010100100111100100001001111001010
0010011110010000100111100101001001111001000010011110010100100111100100001001111001010010011110010000100111100101
1000000000000011111111111111100000000000001111111111111110000000000000111111111111111000000000000011111111111111
0101001111001011101100001101010100111100101110110000110101010011110010111011000011010101001111001011101100001101
0010100111100111110110000110001010011110011111011000011000101001111001111101100001100010100111100111110110000110
0101010011110010111011000011010101001111001011101100001101010100111100101110110000110101010011110010111011000011
0010101001111011011101100001001010100111101101110110000100101010011110110111011000010010101001111011011101100001
0001010100111111101110110000000101010011111110111011000000010101001111111011101100000001010100111111101110110000
0100101010011110110111011000010010101001111011011101100001001010100111101101110110000100101010011110110111011000
0110010101001110011011101100011001010100111001101110110001100101010011100110111011000110010101001110011011101100
0111001010100110001101110110011100101010011000110111011001110010101001100011011101100111001010100110001101110110
0111100101010010000110111011011110010101001000011011101101111001010100100001101110110111100101010010000110111011
0011110010101011000011011101001111001010101100001101110100111100101010110000110111010011110010101011000011011101
0001111001010111100001101110000111100101011110000110111000011110010101111000011011100001111001010111100001101110
0100111100101010110000110111010011110010101011000011011101001111001010101100001101110100111100101010110000110111
0010011110010111011000011011001001111001011101100001101100100111100101110110000110110010011110010111011000011011
0000000000000010000000000000111111111111110111111111111100000000000000100000000000001111111111111101111111111111
0001001111001001010011110010111011000011011010110000110100010011110010010100111100101110110000110110101100001101
0000100111100100101001111001111101100001101101011000011000001001111001001010011110011111011000011011010110000110
0100010011110001010100111100101110110000111010101100001101000100111100010101001111001011101100001110101011000011
0010001001111000101010011110110111011000011101010110000100100010011110001010100111101101110110000111010101100001
0001000100111100010101001111111011101100001110101011000000010001001111000101010011111110111011000011101010110000
0100100010011101001010100111101101110110001011010101100001001000100111010010101001111011011101100010110101011000
0110010001001101100101010011100110111011001001101010110001100100010011011001010100111001101110110010011010101100
0111001000100101110010101001100011011101101000110101011001110010001001011100101010011000110111011010001101010110
0111100100010001111001010100100001101110111000011010101101111001000100011110010101001000011011101110000110101011
0011110010001000111100101010110000110111011100001101010100111100100010001111001010101100001101110111000011010101
0001111001000100011110010101111000011011101110000110101000011110010001000111100101011110000110111011100001101010
0100111100100001001111001010101100001101111011000011010101001111001000010011110010101011000011011110110000110101
0010011110010000100111100101110110000110111101100001101000100111100100001001111001011101100001101111011000011010
1000000000000011111111111111011111111111110000000000000010000000000000111111111111110111111111111100000000000000
0101001111001011101100001101101011000011010001001111001001010011110010111011000011011010110000110100010011110010
0010100111100111110110000110110101100001100000100111100100101001111001111101100001101101011000011000001001111001
0101010011110010111011000011101010110000110100010011110001010100111100101110110000111010101100001101000100111100
0010101001111011011101100001110101011000010010001001111000101010011110110111011000011101010110000100100010011110
0001010100111111101110110000111010101100000001000100111100010101001111111011101100001110101011000000010001001111
0100101010011110110111011000101101010110000100100010011101001010100111101101110110001011010101100001001000100111
0110010101001110011011101100100110101011000110010001001101100101010011100110111011001001101010110001100100010011
0111001010100110001101110110100011010101100111001000100101110010101001100011011101101000110101011001110010001001
0111100101010010000110111011100001101010110111100100010001111001010100100001101110111000011010101101111001000100
0011110010101011000011011101110000110101010011110010001000111100101010110000110111011100001101010100111100100010
0001111001010111100001101110111000011010100001111001000100011110010101111000011011101110000110101000011110010001
0100111100101010110000110111101100001101010100111100100001001111001010101100001101111011000011010101001111001000
0010011110010111011000011011110110000110100010011110010000100111100101110110000110111101100001101000100111100100
0000000000000010000000000000000000000000001000000000000011111111111111011111111111111111111111111101111111111111
0001001111001001010011110010000100111100100101001111001011101100001101101011000011011110110000110110101100001101
0000100111100100101001111001000010011110010010100111100111110110000110110101100001101111011000011011010110000110
0100010011110001010100111100010001001111000101010011110010111011000011101010110000111011101100001110101011000011
0010001001111000101010011110001000100111100010101001111011011101100001110101011000011101110110000111010101100001
0001000100111100010101001111000100010011110001010100111111101110110000111010101100001110111011000011101010110000
0100100010011101001010100111010010001001110100101010011110110111011000101101010110001011011101100010110101011000
0110010001001101100101010011011001000100110110010101001110011011101100100110101011001001101110110010011010101100
0111001000100101110010101001011100100010010111001010100110001101110110100011010101101000110111011010001101010110
0111100100010001111001010100011110010001000111100101010010000110111011100001101010111000011011101110000110101011
0011110010001000111100101010001111001000100011110010101011000011011101110000110101011100001101110111000011010101
0001111001000100011110010101000111100100010001111001010111100001101110111000011010101110000110111011100001101010
0100111100100001001111001010010011110010000100111100101010110000110111101100001101011011000011011110110000110101
0010011110010000100111100101001001111001000010011110010111011000011011110110000110101101100001101111011000011010
1000000000000011111111111111100000000000001111111111111101111111111111000000000000000111111111111100000000000000
0101001111001011101100001101010100111100101110110000110110101100001101000100111100101010110000110100010011110010
0010100111100111110110000110001010011110011111011000011011010110000110000010011110011101011000011000001001111001
0101010011110010111011000011010101001111001011101100001110101011000011010001001111001010101100001101000100111100
0010101001111011011101100001001010100111101101110110000111010101100001001000100111101101010110000100100010011110
0001010100111111101110110000000101010011111110111011000011101010110000000100010011111110101011000000010001001111
0100101010011110110111011000010010101001111011011101100010110101011000010010001001111011010101100001001000100111
0110010101001110011011101100011001010100111001101110110010011010101100011001000100111001101010110001100100010011
0111001010100110001101110110011100101010011000110111011010001101010110011100100010011000110101011001110010001001
0111100101010010000110111011011110010101001000011011101110000110101011011110010001001000011010101101111001000100
0011110010101011000011011101001111001010101100001101110111000011010101001111001000101100001101010100111100100010
0001111001010111100001101110000111100101011110000110111011100001101010000111100100011110000110101000011110010001
0100111100101010110000110111010011110010101011000011011110110000110101010011110010001011000011010101001111001000
0010011110010111011000011011001001111001011101100001101111011000011010001001111001001101100001101000100111100100
0000000000000010000000000000111111111111110111111111111111111111111111011111111111110000000000000010000000000000
0001001111001001010011110010111011000011011010110000110111101100001101101011000011010001001111001001010011110010
0000100111100100101001111001111101100001101101011000011011110110000110110101100001100000100111100100101001111001
0100010011110001010100111100101110110000111010101100001110111011000011101010110000110100010011110001010100111100
0010001001111000101010011110110111011000011101010110000111011101100001110101011000010010001001111000101010011110
0001000100111100010101001111111011101100001110101011000011101110110000111010101100000001000100111100010101001111
0100100010011101001010100111101101110110001011010101100010110111011000101101010110000100100010011101001010100111
0110010001001101100101010011100110111011001001101010110010011011101100100110101011000110010001001101100101010011
0111001000100101110010101001100011011101101000110101011010001101110110100011010101100111001000100101110010101001
0111100100010001111001010100100001101110111000011010101110000110111011100001101010110111100100010001111001010100
0011110010001000111100101010110000110111011100001101010111000011011101110000110101010011110010001000111100101010
0001111001000100011110010101111000011011101110000110101011100001101110111000011010100001111001000100011110010101
0100111100100001001111001010101100001101111011000011010110110000110111101100001101010100111100100001001111001010
0010011110010000100111100101110110000110111101100001101011011000011011110110000110100010011110010000100111100101
1000000000000011111111111111011111111111110000000000000001111111111111000000000000001000000000000011111111111111
0101001111001011101100001101101011000011010001001111001010101100001101000100111100100101001111001011101100001101
0010100111100111110110000110110101100001100000100111100111010110000110000010011110010010100111100111110110000110
0101010011110010111011000011101010110000110100010011110010101011000011010001001111000101010011110010111011000011
0010101001111011011101100001110101011000010010001001111011010101100001001000100111100010101001111011011101100001
0001010100111111101110110000111010101100000001000100111111101010110000000100010011110001010100111111101110110000
0100101010011110110111011000101101010110000100100010011110110101011000010010001001110100101010011110110111011000
0110010101001110011011101100100110101011000110010001001110011010101100011001000100110110010101001110011011101100
0111001010100110001101110110100011010101100111001000100110001101010110011100100010010111001010100110001101110110
0111100101010010000110111011100001101010110111100100010010000110101011011110010001000111100101010010000110111011
0011110010101011000011011101110000110101010011110010001011000011010101001111001000100011110010101011000011011101
0001111001010111100001101110111000011010100001111001000111100001101010000111100100010001111001010111100001101110
0100111100101010110000110111101100001101010100111100100010110000110101010011110010000100111100101010110000110111
0010011110010111011000011011110110000110100010011110010011011000011010001001111001000010011110010111011000011011
1111111111111101111111111111111111111111110111111111111111111111111111011111111111111111111111111101111111111111
1110110000110110101100001101111011000011011010110000110111101100001101101011000011011110110000110110101100001101
1111011000011011010110000110111101100001101101011000011011110110000110110101100001101111011000011011010110000110
1011101100001110101011000011101110110000111010101100001110111011000011101010110000111011101100001110101011000011
1101110110000111010101100001110111011000011101010110000111011101100001110101011000011101110110000111010101100001
1110111011000011101010110000111011101100001110101011000011101110110000111010101100001110111011000011101010110000
1011011101100010110101011000101101110110001011010101100010110111011000101101010110001011011101100010110101011000
1001101110110010011010101100100110111011001001101010110010011011101100100110101011001001101110110010011010101100
1000110111011010001101010110100011011101101000110101011010001101110110100011010101101000110111011010001101010110
1000011011101110000110101011100001101110111000011010101110000110111011100001101010111000011011101110000110101011
1100001101110111000011010101110000110111011100001101010111000011011101110000110101011100001101110111000011010101
1110000110111011100001101010111000011011101110000110101011100001101110111000011010101110000110111011100001101010
1011000011011110110000110101101100001101111011000011010110110000110111101100001101011011000011011110110000110101
1101100001101111011000011010110110000110111101100001101011011000011011110110000110101101100001101111011000011010
0111111111111100000000000000011111111111110000000000000001111111111111000000000000000111111111111100000000000000
1010110000110100010011110010101011000011010001001111001010101100001101000100111100101010110000110100010011110010
1101011000011000001001111001110101100001100000100111100111010110000110000010011110011101011000011000001001111001
1010101100001101000100111100101010110000110100010011110010101011000011010001001111001010101100001101000100111100
1101010110000100100010011110110101011000010010001001111011010101100001001000100111101101010110000100100010011110
1110101011000000010001001111111010101100000001000100111111101010110000000100010011111110101011000000010001001111
1011010101100001001000100111101101010110000100100010011110110101011000010010001001111011010101100001001000100111
1001101010110001100100010011100110101011000110010001001110011010101100011001000100111001101010110001100100010011
1000110101011001110010001001100011010101100111001000100110001101010110011100100010011000110101011001110010001001
1000011010101101111001000100100001101010110111100100010010000110101011011110010001001000011010101101111001000100
1100001101010100111100100010110000110101010011110010001011000011010101001111001000101100001101010100111100100010
1110000110101000011110010001111000011010100001111001000111100001101010000111100100011110000110101000011110010001
1011000011010101001111001000101100001101010100111100100010110000110101010011110010001011000011010101001111001000
1101100001101000100111100100110110000110100010011110010011011000011010001001111001001101100001101000100111100100
1111111111111101111111111111000000000000001000000000000011111111111111011111111111110000000000000010000000000000
1110110000110110101100001101000100111100100101001111001011101100001101101011000011010001001111001001010011110010
1111011000011011010110000110000010011110010010100111100111110110000110110101100001100000100111100100101001111001
1011101100001110101011000011010001001111000101010011110010111011000011101010110000110100010011110001010100111100
1101110110000111010101100001001000100111100010101001111011011101100001110101011000010010001001111000101010011110
1110111011000011101010110000000100010011110001010100111111101110110000111010101100000001000100111100010101001111
1011011101100010110101011000010010001001110100101010011110110111011000101101010110000100100010011101001010100111
1001101110110010011010101100011001000100110110010101001110011011101100100110101011000110010001001101100101010011
1000110111011010001101010110011100100010010111001010100110001101110110100011010101100111001000100101110010101001
1000011011101110000110101011011110010001000111100101010010000110111011100001101010110111100100010001111001010100
1100001101110111000011010101001111001000100011110010101011000011011101110000110101010011110010001000111100101010
1110000110111011100001101010000111100100010001111001010111100001101110111000011010100001111001000100011110010101
1011000011011110110000110101010011110010000100111100101010110000110111101100001101010100111100100001001111001010
1101100001101111011000011010001001111001000010011110010111011000011011110110000110100010011110010000100111100101
0111111111111100000000000000100000000000001111111111111101111111111111000000000000001000000000000011111111111111
1010110000110100010011110010010100111100101110110000110110101100001101000100111100100101001111001011101100001101
1101011000011000001001111001001010011110011111011000011011010110000110000010011110010010100111100111110110000110
1010101100001101000100111100010101001111001011101100001110101011000011010001001111000101010011110010111011000011
1101010110000100100010011110001010100111101101110110000111010101100001001000100111100010101001111011011101100001
1110101011000000010001001111000101010011111110111011000011101010110000000100010011110001010100111111101110110000
1011010101100001001000100111010010101001111011011101100010110101011000010010001001110100101010011110110111011000
1001101010110001100100010011011001010100111001101110110010011010101100011001000100110110010101001110011011101100
1000110101011001110010001001011100101010011000110111011010001101010110011100100010010111001010100110001101110110
1000011010101101111001000100011110010101001000011011101110000110101011011110010001000111100101010010000110111011
1100001101010100111100100010001111001010101100001101110111000011010101001111001000100011110010101011000011011101
1110000110101000011110010001000111100101011110000110111011100001101010000111100100010001111001010111100001101110
1011000011010101001111001000010011110010101011000011011110110000110101010011110010000100111100101010110000110111
1101100001101000100111100100001001111001011101100001101111011000011010001001111001000010011110010111011000011011
1111111111111101111111111111111111111111110111111111111100000000000000100000000000000000000000000010000000000000
1110110000110110101100001101111011000011011010110000110100010011110010010100111100100001001111001001010011110010
1111011000011011010110000110111101100001101101011000011000001001111001001010011110010000100111100100101001111001
1011101100001110101011000011101110110000111010101100001101000100111100010101001111000100010011110001010100111100
1101110110000111010101100001110111011000011101010110000100100010011110001010100111100010001001111000101010011110
1110111011000011101010110000111011101100001110101011000000010001001111000101010011110001000100111100010101001111
1011011101100010110101011000101101110110001011010101100001001000100111010010101001110100100010011101001010100111
1001101110110010011010101100100110111011001001101010110001100100010011011001010100110110010001001101100101010011
1000110111011010001101010110100011011101101000110101011001110010001001011100101010010111001000100101110010101001
1000011011101110000110101011100001101110111000011010101101111001000100011110010101000111100100010001111001010100
1100001101110111000011010101110000110111011100001101010100111100100010001111001010100011110010001000111100101010
1110000110111011100001101010111000011011101110000110101000011110010001000111100101010001111001000100011110010101
1011000011011110110000110101101100001101111011000011010101001111001000010011110010100100111100100001001111001010
1101100001101111011000011010110110000110111101100001101000100111100100001001111001010010011110010000100111100101
0111111111111100000000000000011111111111110000000000000010000000000000111111111111111000000000000011111111111111
1010110000110100010011110010101011000011010001001111001001010011110010111011000011010101001111001011101100001101
1101011000011000001001111001110101100001100000100111100100101001111001111101100001100010100111100111110110000110
1010101100001101000100111100101010110000110100010011110001010100111100101110110000110101010011110010111011000011
1101010110000100100010011110110101011000010010001001111000101010011110110111011000010010101001111011011101100001
1110101011000000010001001111111010101100000001000100111100010101001111111011101100000001010100111111101110110000
1011010101100001001000100111101101010110000100100010011101001010100111101101110110000100101010011110110111011000
1001101010110001100100010011100110101011000110010001001101100101010011100110111011000110010101001110011011101100
1000110101011001110010001001100011010101100111001000100101110010101001100011011101100111001010100110001101110110
1000011010101101111001000100100001101010110111100100010001111001010100100001101110110111100101010010000110111011
1100001101010100111100100010110000110101010011110010001000111100101010110000110111010011110010101011000011011101
1110000110101000011110010001111000011010100001111001000100011110010101111000011011100001111001010111100001101110
1011000011010101001111001000101100001101010100111100100001001111001010101100001101110100111100101010110000110111
1101100001101000100111100100110110000110100010011110010000100111100101110110000110110010011110010111011000011011
1111111111111101111111111111000000000000001000000000000000000000000000100000000000001111111111111101111111111111
1110110000110110101100001101000100111100100101001111001000010011110010010100111100101110110000110110101100001101
1111011000011011010110000110000010011110010010100111100100001001111001001010011110011111011000011011010110000110
1011101100001110101011000011010001001111000101010011110001000100111100010101001111001011101100001110101011000011
1101110110000111010101100001001000100111100010101001111000100010011110001010100111101101110110000111010101100001
1110111011000011101010110000000100010011110001010100111100010001001111000101010011111110111011000011101010110000
1011011101100010110101011000010010001001110100101010011101001000100111010010101001111011011101100010110101011000
1001101110110010011010101100011001000100110110010101001101100100010011011001010100111001101110110010011010101100
1000110111011010001101010110011100100010010111001010100101110010001001011100101010011000110111011010001101010110
1000011011101110000110101011011110010001000111100101010001111001000100011110010101001000011011101110000110101011
1100001101110111000011010101001111001000100011110010101000111100100010001111001010101100001101110111000011010101
1110000110111011100001101010000111100100010001111001010100011110010001000111100101011110000110111011100001101010
1011000011011110110000110101010011110010000100111100101001001111001000010011110010101011000011011110110000110101
1101100001101111011000011010001001111001000010011110010100100111100100001001111001011101100001101111011000011010
0111111111111100000000000000100000000000001111111111111110000000000000111111111111110111111111111100000000000000
1010110000110100010011110010010100111100101110110000110101010011110010111011000011011010110000110100010011110010
1101011000011000001001111001001010011110011111011000011000101001111001111101100001101101011000011000001001111001
1010101100001101000100111100010101001111001011101100001101010100111100101110110000111010101100001101000100111100
1101010110000100100010011110001010100111101101110110000100101010011110110111011000011101010110000100100010011110
1110101011000000010001001111000101010011111110111011000000010101001111111011101100001110101011000000010001001111
1011010101100001001000100111010010101001111011011101100001001010100111101101110110001011010101100001001000100111
1001101010110001100100010011011001010100111001101110110001100101010011100110111011001001101010110001100100010011
1000110101011001110010001001011100101010011000110111011001110010101001100011011101101000110101011001110010001001
1000011010101101111001000100011110010101001000011011101101111001010100100001101110111000011010101101111001000100
1100001101010100111100100010001111001010101100001101110100111100101010110000110111011100001101010100111100100010
1110000110101000011110010001000111100101011110000110111000011110010101111000011011101110000110101000011110010001
1011000011010101001111001000010011110010101011000011011101001111001010101100001101111011000011010101001111001000
1101100001101000100111100100001001111001011101100001101100100111100101110110000110111101100001101000100111100100
