0010101111001101100001101100111101010001010111100110110000110110011110101000001000010110111000011101101000010000111011110100100011110001001011110111
0001010111100110110000110110011110101000101011110011011000011011001111010100000100001011011100001110110100001001011101111010010001111000100101111011
1000101011110011011000011011001111010100010101111001101100001101100111101000000010000101101110000111011010000101101110111101001000111100010010111101
0100010101111001101100001101100111101010001010111100110110000110110011110100000001000010110111000011101101000011110111011110100100011110001001011110
1010001010111100110110000110110011110101000101011110011011000011011001111010000000100001011011100001110110100000111011101111010010001111000100101111
0101000101011110011011000011011001111010100010101111001101100001101100111101000000010000101101110000111011010001011101110111101001000111100010010111
1010100010101111001101100001101100111101010001010111100110110000110110011100100000001000010110111000011101101001101110111011110100100011110001001011
1101010001010111100110110000110110011110101000101011110011011000011011001100010000000100001011011100001110110101110111011101111010010001111000100101
1110101000101011110011011000011011001111010100010101111001101100001101100100001000000010000101101110000111011011111011101110111101001000111100010010
1111010100010101111001101100001101100111101010001010111100110110000110110010000100000001000010110111000011101100111101110111011110100100011110001001
0111101010001010111100110110000110110011110101000101011110011011000011011001000010000000100001011011100001110111011110111011101111010010001111000100
0011110101000101011110011011000011011001111010100010101111001101100001101110100001000000010000101101110000111010101111011101110111101001000111100010
1001111010100010101111001101100001101100111101010001010111100110110000110111010000100000001000010110111000011100010111101110111011110100100011110001
1100111101010001010111100110110000110110011110101000101011110011011000011001101000010000000100001011011100001111001011110111011101111010010001111000
0110011110101000101011110011011000011011001111010100010101111001101100001110110100001000000010000101101110000110100101111011101110111101001000111100
1011001111010100010101111001101100001101100111101010001010111100110110000111011010000100000001000010110111000010010010111101110111011110100100011110
1101100111101010001010111100110110000110110011110101000101011110011011000011101101000010000000100001011011100000001001011110111011101111010010001111
0110110011110101000101011110011011000011011001111010100010101111001101100001110110100001000000010000101101110001000100101111011101110111101001000111
0011011001111010100010101111001101100001101100111101010001010111100110110000111011010000100000001000010110111001100010010111101110111011110100100011
0001101100111101010001010111100110110000110110011110101000101011110011011000011101101000010000000100001011011101110001001011110111011101111010010001
0000110110011110101000101011110011011000011011001111010100010101111001101100001110110100001000000010000101101111111000100101111011101110111101001000
1000011011001111010100010101111001101100001101100111101010001010111100110110000111011010000100000001000010110110111100010010111101110111011110100100
1100001101100111101010001010111100110110000110110011110101000101011110011011000011101101000010000000100001011010011110001001011110111011101111010010
0110000110110011110101000101011110011011000011011001111010100010101111001111100001110110100001000000010000101100001111000100101111011101110111101001
1011000011011001111010100010101111001101100001101100111101010001010111100101110000111011010000100000001000010111000111100010010111101110111011110100
1101100001101100111101010001010111100110110000110110011110101000101011110010111000011101101000010000000100001010100011110001001011110111011101111010
0110110000110110011110101000101011110011011000011011001111010100010101111011011100001110110100001000000010000100010001111000100101111011101110111101
0011011000011011001111010100010101111001101100001101100111101010001010111101101110000111011010000100000001000011001000111100010010111101110111011110
1001101100001101100111101010001010111100110110000110110011110101000101011110110111000011101101000010000000100000100100011110001001011110111011101111
1100110110000110110011110101000101011110011011000011011001111010100010101101011011100001110110100001000000010001010010001111000100101111011101110111
1110011011000011011001111010100010101111001101100001101100111101010001010100101101110000111011010000100000001001101001000111100010010111101110111011
1111001101100001101100111101010001010111100110110000110110011110101000101000010110111000011101101000010000000101110100100011110001001011110111011101
0111100110110000110110011110101000101011110011011000011011001111010100010100001011011100001110110100001000000011111010010001111000100101111011101110
1011110011011000011011001111010100010101111001101100001101100111101010001010000101101110000111011010000100000000111101001000111100010010111101110111
0101111001101100001101100111101010001010111100110110000110110011110101000101000010110111000011101101000010000001011110100100011110001001011110111011
1010111100110110000110110011110101000101011110011011000011011001111010100000100001011011100001110110100001000001101111010010001111000100101111011101
0101011110011011000011011001111010100010101111001101100001101100111101010000010000101101110000111011010000100001110111101001000111100010010111101110
1101010000110010011110010011000010101001010111100110110000110110011110101010001000010110111000011101101000010000000100001011011100001110110100001000
1110101000011001001111001001100001010000101011110011011000011011001111010101000100001011011100001110110100001000000010000101101110000111011010000100
0111010100001100100111100100110000101100010101111001101100001101100111101000100010000101101110000111011010000100000001000010110111000011101101000010
1011101010000110010011110010011000010010001010111100110110000110110011110100010001000010110111000011101101000010000000100001011011100001110110100001
0101110101000011001001111001001100001101000101011110011011000011011001111010001000100001011011100001110110100001000000010000101101110000111011010000
1010111010100001100100111100100110000010100010101111001101100001101100111101000100010000101101110000111011010000100000001000010110111000011101101000
0101011101010000110010011110010011000101010001010111100110110000110110011100100010001000010110111000011101101000010000000100001011011100001110110100
0010101110101000011001001111001001100110101000101011110011011000011011001100010001000100001011011100001110110100001000000010000101101110000111011010
0001010111010100001100100111100100110111010100010101111001101100001101100100001000100010000101101110000111011010000100000001000010110111000011101101
0000101011101010000110010011110010011111101010001010111100110110000110110010000100010001000010110111000011101101000010000000100001011011100001110110
1000010101110101000011001001111001001011110101000101011110011011000011011001000010001000100001011011100001110110100001000000010000101101110000111011
1100001010111010100001100100111100100001111010100010101111001101100001101110100001000100010000101101110000111011010000100000001000010110111000011101
0110000101011101010000110010011110010100111101010001010111100110110000110111010000100010001000010110111000011101101000010000000100001011011100001110
0011000010101110101000011001001111001110011110101000101011110011011000011001101000010001000100001011011100001110110100001000000010000101101110000111
1001100001010111010100001100100111100011001111010100010101111001101100001110110100001000100010000101101110000111011010000100000001000010110111000011
0100110000101011101010000110010011110101100111101010001010111100110110000111011010000100010001000010110111000011101101000010000000100001011011100001
0010011000010101110101000011001001111110110011110101000101011110011011000011101101000010001000100001011011100001110110100001000000010000101101110000
1001001100001010111010100001100100111011011001111010100010101111001101100001110110100001000100010000101101110000111011010000100000001000010110111000
1100100110000101011101010000110010011001101100111101010001010111100110110000111011010000100010001000010110111000011101101000010000000100001011011100
1110010011000010101110101000011001001000110110011110101000101011110011011000011101101000010001000100001011011100001110110100001000000010000101101110
1111001001100001010111010100001100100000011011001111010100010101111001101100001110110100001000100010000101101110000111011010000100000001000010110111
0111100100110000101011101010000110010100001101100111101010001010111100110110000111011010000100010001000010110111000011101101000010000000100001011011
0011110010011000010101110101000011001110000110110011110101000101011110011011000011101101000010001000100001011011100001110110100001000000010000101101
1001111001001100001010111010100001100011000011011001111010100010101111001111100001110110100001000100010000101101110000111011010000100000001000010110
0100111100100110000101011101010000110101100001101100111101010001010111100101110000111011010000100010001000010110111000011101101000010000000100001011
0010011110010011000010101110101000011110110000110110011110101000101011110010111000011101101000010001000100001011011100001110110100001000000010000101
1001001111001001100001010111010100001011011000011011001111010100010101111011011100001110110100001000100010000101101110000111011010000100000001000010
1100100111100100110000101011101010000001101100001101100111101010001010111101101110000111011010000100010001000010110111000011101101000010000000100001
0110010011110010011000010101110101000100110110000110110011110101000101011110110111000011101101000010001000100001011011100001110110100001000000010000
0011001001111001001100001010111010100110011011000011011001111010100010101101011011100001110110100001000100010000101101110000111011010000100000001000
0001100100111100100110000101011101010111001101100001101100111101010001010100101101110000111011010000100010001000010110111000011101101000010000000100
0000110010011110010011000010101110101111100110110000110110011110101000101000010110111000011101101000010001000100001011011100001110110100001000000010
1000011001001111001001100001010111010011110011011000011011001111010100010100001011011100001110110100001000100010000101101110000111011010000100000001
0100001100100111100100110000101011101101111001101100001101100111101010001010000101101110000111011010000100010001000010110111000011101101000010000000
1010000110010011110010011000010101110010111100110110000110110011110101000101000010110111000011101101000010001000100001011011100001110110100001000000
0101000011001001111001001100001010111101011110011011000011011001111010100000100001011011100001110110100001000100010000101101110000111011010000100000
1010100001100100111100100110000101011010101111001101100001101100111101010000010000101101110000111011010000100010001000010110111000011101101000010000
1111011110100100011110001001011110111011101111010010001111000100101111011100101011110011011000011011001111010101101010000110010011110010011000010101
1111101111010010001111000100101111011101110111101001000111100010010111101100010101111001101100001101100111101011110101000011001001111001001100001010
1111110111101001000111100010010111101110111011110100100011110001001011110110001010111100110110000110110011110100111010100001100100111100100110000101
1111111011110100100011110001001011110111011101111010010001111000100101111001000101011110011011000011011001111011011101010000110010011110010011000010
0111111101111010010001111000100101111011101110111101001000111100010010111110100010101111001101100001101100111100101110101000011001001111001001100001
1011111110111101001000111100010010111101110111011110100100011110001001011101010001010111100110110000110110011111010111010100001100100111100100110000
1101111111011110100100011110001001011110111011101111010010001111000100101110101000101011110011011000011011001110101011101010000110010011110010011000
1110111111101111010010001111000100101111011101110111101001000111100010010111010100010101111001101100001101100110010101110101000011001001111001001100
1111011111110111101001000111100010010111101110111011110100100011110001001011101010001010111100110110000110110010001010111010100001100100111100100110
0111101111111011110100100011110001001011110111011101111010010001111000100111110101000101011110011011000011011000000101011101010000110010011110010011
1011110111111101111010010001111000100101111011101110111101001000111100010001111010100010101111001101100001101101000010101110101000011001001111001001
0101111011111110111101001000111100010010111101110111011110100100011110001000111101010001010111100110110000110111100001010111010100001100100111100100
0010111101111111011110100100011110001001011110111011101111010010001111000110011110101000101011110011011000011010110000101011101010000110010011110010
1001011110111111101111010010001111000100101111011101110111101001000111100011001111010100010101111001101100001100011000010101110101000011001001111001
0100101111011111110111101001000111100010010111101110111011110100100011110001100111101010001010111100110110000111001100001010111010100001100100111100
0010010111101111111011110100100011110001001011110111011101111010010001111010110011110101000101011110011011000010100110000101011101010000110010011110
0001001011110111111101111010010001111000100101111011101110111101001000111111011001111010100010101111001101100000010011000010101110101000011001001111
1000100101111011111110111101001000111100010010111101110111011110100100011101101100111101010001010111100110110001001001100001010111010100001100100111
1100010010111101111111011110100100011110001001011110111011101111010010001100110110011110101000101011110011011001100100110000101011101010000110010011
1110001001011110111111101111010010001111000100101111011101110111101001000100011011001111010100010101111001101101110010011000010101110101000011001001
1111000100101111011111110111101001000111100010010111101110111011110100100000001101100111101010001010111100110111111001001100001010111010100001100100
0111100010010111101111111011110100100011110001001011110111011101111010010010000110110011110101000101011110011010111100100110000101011101010000110010
0011110001001011110111111101111010010001111000100101111011101110111101001011000011011001111010100010101111001100011110010011000010101110101000011001
0001111000100101111011111110111101001000111100010010111101110111011110100101100001101100111101010001010111100111001111001001100001010111010100001100
1000111100010010111101111111011110100100011110001001011110111011101111010010110000110110011110101000101011110010100111100100110000101011101010000110
0100011110001001011110111111101111010010001111000100101111011101110111101011011000011011001111010100010101111000010011110010011000010101110101000011
0010001111000100101111011111110111101001000111100010010111101110111011110101101100001101100111101010001010111101001001111001001100001010111010100001
1001000111100010010111101111111011110100100011110001001011110111011101111000110110000110110011110101000101011111100100111100100110000101011101010000
0100100011110001001011110111111101111010010001111000100101111011101110111110011011000011011001111010100010101110110010011110010011000010101110101000
1010010001111000100101111011111110111101001000111100010010111101110111011111001101100001101100111101010001010110011001001111001001100001010111010100
1101001000111100010010111101111111011110100100011110001001011110111011101111100110110000110110011110101000101010001100100111100100110000101011101010
1110100100011110001001011110111111101111010010001111000100101111011101110111110011011000011011001111010100010100000110010011110010011000010101110101
1111010010001111000100101111011111110111101001000111100010010111101110111001111001101100001101100111101010001011000011001001111001001100001010111010
0111101001000111100010010111101111111011110100100011110001001011110111011110111100110110000110110011110101000100100001100100111100100110000101011101
1011110100100011110001001011110111111101111010010001111000100101111011101101011110011011000011011001111010100011010000110010011110010011000010101110
1101111010010001111000100101111011111110111101001000111100010010111101110110101111001101100001101100111101010000101000011001001111001001100001010111
1110111101001000111100010010111101111111011110100100011110001001011110111001010111100110110000110110011110101001010100001100100111100100110000101011
1000100001011011100001110110100001000111101111010010001111000100101111011100101011110011011000011011001111010100010101111001101100001101100111101010
0100010000101101110000111011010000100111110111101001000111100010010111101100010101111001101100001101100111101010001010111100110110000110110011110101
0010001000010110111000011101101000010111111011110100100011110001001011110110001010111100110110000110110011110101000101011110011011000011011001111010
0001000100001011011100001110110100001111111101111010010001111000100101111001000101011110011011000011011001111010100010101111001101100001101100111101
1000100010000101101110000111011010000011111110111101001000111100010010111110100010101111001101100001101100111101010001010111100110110000110110011110
0100010001000010110111000011101101000101111111011110100100011110001001011101010001010111100110110000110110011110101000101011110011011000011011001111
0010001000100001011011100001110110100110111111101111010010001111000100101110101000101011110011011000011011001111010100010101111001101100001101100111
0001000100010000101101110000111011010111011111110111101001000111100010010111010100010101111001101100001101100111101010001010111100110110000110110011
0000100010001000010110111000011101101111101111111011110100100011110001001011101010001010111100110110000110110011110101000101011110011011000011011001
1000010001000100001011011100001110110011110111111101111010010001111000100111110101000101011110011011000011011001111010100010101111001101100001101100
0100001000100010000101101110000111011101111011111110111101001000111100010001111010100010101111001101100001101100111101010001010111100110110000110110
1010000100010001000010110111000011101010111101111111011110100100011110001000111101010001010111100110110000110110011110101000101011110011011000011011
1101000010001000100001011011100001110001011110111111101111010010001111000110011110101000101011110011011000011011001111010100010101111001101100001101
0110100001000100010000101101110000111100101111011111110111101001000111100011001111010100010101111001101100001101100111101010001010111100110110000110
1011010000100010001000010110111000011010010111101111111011110100100011110001100111101010001010111100110110000110110011110101000101011110011011000011
1101101000010001000100001011011100001001001011110111111101111010010001111010110011110101000101011110011011000011011001111010100010101111001101100001
1110110100001000100010000101101110000000100101111011111110111101001000111111011001111010100010101111001101100001101100111101010001010111100110110000
0111011010000100010001000010110111000100010010111101111111011110100100011101101100111101010001010111100110110000110110011110101000101011110011011000
0011101101000010001000100001011011100110001001011110111111101111010010001100110110011110101000101011110011011000011011001111010100010101111001101100
0001110110100001000100010000101101110111000100101111011111110111101001000100011011001111010100010101111001101100001101100111101010001010111100110110
0000111011010000100010001000010110111111100010010111101111111011110100100000001101100111101010001010111100110110000110110011110101000101011110011011
1000011101101000010001000100001011011011110001001011110111111101111010010010000110110011110101000101011110011011000011011001111010100010101111001101
1100001110110100001000100010000101101001111000100101111011111110111101001011000011011001111010100010101111001101100001101100111101010001010111100110
1110000111011010000100010001000010110000111100010010111101111111011110100101100001101100111101010001010111100110110000110110011110101000101011110011
0111000011101101000010001000100001011100011110001001011110111111101111010010110000110110011110101000101011110011011000011011001111010100010101111001
1011100001110110100001000100010000101010001111000100101111011111110111101011011000011011001111010100010101111001101100001101100111101010001010111100
1101110000111011010000100010001000010001000111100010010111101111111011110101101100001101100111101010001010111100110110000110110011110101000101011110
0110111000011101101000010001000100001100100011110001001011110111111101111000110110000110110011110101000101011110011011000011011001111010100010101111
1011011100001110110100001000100010000010010001111000100101111011111110111110011011000011011001111010100010101111001101100001101100111101010001010111
0101101110000111011010000100010001000101001000111100010010111101111111011111001101100001101100111101010001010111100110110000110110011110101000101011
0010110111000011101101000010001000100110100100011110001001011110111111101111100110110000110110011110101000101011110011011000011011001111010100010101
0001011011100001110110100001000100010111010010001111000100101111011111110111110011011000011011001111010100010101111001101100001101100111101010001010
0000101101110000111011010000100010001111101001000111100010010111101111111001111001101100001101100111101010001010111100110110000110110011110101000101
1000010110111000011101101000010001000011110100100011110001001011110111111110111100110110000110110011110101000101011110011011000011011001111010100010
0100001011011100001110110100001000100101111010010001111000100101111011111101011110011011000011011001111010100010101111001101100001101100111101010001
0010000101101110000111011010000100010110111101001000111100010010111101111110101111001101100001101100111101010001010111100110110000110110011110101000
0001000010110111000011101101000010001111011110100100011110001001011110111101010111100110110000110110011110101000101011110011011000011011001111010100
1101010000110010011110010011000010101110101000011001001111001001100001010111110111101001000111100010010111101111000100001011011100001110110100001000
1110101000011001001111001001100001010111010100001100100111100100110000101011111011110100100011110001001011110110100010000101101110000111011010000100
0111010100001100100111100100110000101011101010000110010011110010011000010111111101111010010001111000100101111010010001000010110111000011101101000010
1011101010000110010011110010011000010101110101000011001001111001001100001011111110111101001000111100010010111100001000100001011011100001110110100001
0101110101000011001001111001001100001010111010100001100100111100100110000101111111011110100100011110001001011111000100010000101101110000111011010000
1010111010100001100100111100100110000101011101010000110010011110010011000010111111101111010010001111000100101110100010001000010110111000011101101000
0101011101010000110010011110010011000010101110101000011001001111001001100011011111110111101001000111100010010110010001000100001011011100001110110100
0010101110101000011001001111001001100001010111010100001100100111100100110011101111111011110100100011110001001010001000100010000101101110000111011010
0001010111010100001100100111100100110000101011101010000110010011110010011011110111111101111010010001111000100100000100010001000010110111000011101101
0000101011101010000110010011110010011000010101110101000011001001111001001101111011111110111101001000111100010011000010001000100001011011100001110110
1000010101110101000011001001111001001100001010111010100001100100111100100110111101111111011110100100011110001000100001000100010000101101110000111011
1100001010111010100001100100111100100110000101011101010000110010011110010001011110111111101111010010001111000101010000100010001000010110111000011101
0110000101011101010000110010011110010011000010101110101000011001001111001000101111011111110111101001000111100011101000010001000100001011011100001110
0011000010101110101000011001001111001001100001010111010100001100100111100110010111101111111011110100100011110000110100001000100010000101101110000111
1001100001010111010100001100100111100100110000101011101010000110010011110001001011110111111101111010010001111001011010000100010001000010110111000011
0100110000101011101010000110010011110010011000010101110101000011001001111000100101111011111110111101001000111101101101000010001000100001011011100001
0010011000010101110101000011001001111001001100001010111010100001100100111100010010111101111111011110100100011111110110100001000100010000101101110000
1001001100001010111010100001100100111100100110000101011101010000110010011110001001011110111111101111010010001110111011010000100010001000010110111000
1100100110000101011101010000110010011110010011000010101110101000011001001111000100101111011111110111101001000110011101101000010001000100001011011100
1110010011000010101110101000011001001111001001100001010111010100001100100111100010010111101111111011110100100010001110110100001000100010000101101110
1111001001100001010111010100001100100111100100110000101011101010000110010011110001001011110111111101111010010000000111011010000100010001000010110111
0111100100110000101011101010000110010011110010011000010101110101000011001001111000100101111011111110111101001001000011101101000010001000100001011011
0011110010011000010101110101000011001001111001001100001010111010100001100100111100010010111101111111011110100101100001110110100001000100010000101101
1001111001001100001010111010100001100100111100100110000101011101010000110000011110001001011110111111101111010011110000111011010000100010001000010110
0100111100100110000101011101010000110010011110010011000010101110101000011010001111000100101111011111110111101000111000011101101000010001000100001011
0010011110010011000010101110101000011001001111001001100001010111010100001101000111100010010111101111111011110101011100001110110100001000100010000101
1001001111001001100001010111010100001100100111100100110000101011101010000100100011110001001011110111111101111011101110000111011010000100010001000010
1100100111100100110000101011101010000110010011110010011000010101110101000010010001111000100101111011111110111100110111000011101101000010001000100001
0110010011110010011000010101110101000011001001111001001100001010111010100001001000111100010010111101111111011111011011100001110110100001000100010000
0011001001111001001100001010111010100001100100111100100110000101011101010010100100011110001001011110111111101110101101110000111011010000100010001000
0001100100111100100110000101011101010000110010011110010011000010101110101011010010001111000100101111011111110110010110111000011101101000010001000100
0000110010011110010011000010101110101000011001001111001001100001010111010111101001000111100010010111101111111010001011011100001110110100001000100010
1000011001001111001001100001010111010100001100100111100100110000101011101011110100100011110001001011110111111100000101101110000111011010000100010001
0100001100100111100100110000101011101010000110010011110010011000010101110101111010010001111000100101111011111111000010110111000011101101000010001000
1010000110010011110010011000010101110101000011001001111001001100001010111010111101001000111100010010111101111110100001011011100001110110100001000100
0101000011001001111001001100001010111010100001100100111100100110000101011111011110100100011110001001011110111110010000101101110000111011010000100010
1010100001100100111100100110000101011101010000110010011110010011000010101111101111010010001111000100101111011110001000010110111000011101101000010001
0010101111001101100001101100111101010110101000011001001111001001100001010101110111101001000111100010010111101111111011110100100011110001001011110111
0001010111100110110000110110011110101111010100001100100111100100110000101010111011110100100011110001001011110111111101111010010001111000100101111011
1000101011110011011000011011001111010011101010000110010011110010011000010111011101111010010001111000100101111011111110111101001000111100010010111101
0100010101111001101100001101100111101101110101000011001001111001001100001011101110111101001000111100010010111101111111011110100100011110001001011110
1010001010111100110110000110110011110010111010100001100100111100100110000101110111011110100100011110001001011110111111101111010010001111000100101111
0101000101011110011011000011011001111101011101010000110010011110010011000010111011101111010010001111000100101111011111110111101001000111100010010111
1010100010101111001101100001101100111010101110101000011001001111001001100011011101110111101001000111100010010111101111111011110100100011110001001011
1101010001010111100110110000110110011001010111010100001100100111100100110011101110111011110100100011110001001011110111111101111010010001111000100101
1110101000101011110011011000011011001000101011101010000110010011110010011011110111011101111010010001111000100101111011111110111101001000111100010010
1111010100010101111001101100001101100000010101110101000011001001111001001101111011101110111101001000111100010010111101111111011110100100011110001001
0111101010001010111100110110000110110100001010111010100001100100111100100110111101110111011110100100011110001001011110111111101111010010001111000100
0011110101000101011110011011000011011110000101011101010000110010011110010001011110111011101111010010001111000100101111011111110111101001000111100010
1001111010100010101111001101100001101011000010101110101000011001001111001000101111011101110111101001000111100010010111101111111011110100100011110001
1100111101010001010111100110110000110001100001010111010100001100100111100110010111101110111011110100100011110001001011110111111101111010010001111000
0110011110101000101011110011011000011100110000101011101010000110010011110001001011110111011101111010010001111000100101111011111110111101001000111100
1011001111010100010101111001101100001010011000010101110101000011001001111000100101111011101110111101001000111100010010111101111111011110100100011110
1101100111101010001010111100110110000001001100001010111010100001100100111100010010111101110111011110100100011110001001011110111111101111010010001111
0110110011110101000101011110011011000100100110000101011101010000110010011110001001011110111011101111010010001111000100101111011111110111101001000111
0011011001111010100010101111001101100110010011000010101110101000011001001111000100101111011101110111101001000111100010010111101111111011110100100011
0001101100111101010001010111100110110111001001100001010111010100001100100111100010010111101110111011110100100011110001001011110111111101111010010001
0000110110011110101000101011110011011111100100110000101011101010000110010011110001001011110111011101111010010001111000100101111011111110111101001000
1000011011001111010100010101111001101011110010011000010101110101000011001001111000100101111011101110111101001000111100010010111101111111011110100100
1100001101100111101010001010111100110001111001001100001010111010100001100100111100010010111101110111011110100100011110001001011110111111101111010010
0110000110110011110101000101011110011100111100100110000101011101010000110000011110001001011110111011101111010010001111000100101111011111110111101001
1011000011011001111010100010101111001010011110010011000010101110101000011010001111000100101111011101110111101001000111100010010111101111111011110100
1101100001101100111101010001010111100001001111001001100001010111010100001101000111100010010111101110111011110100100011110001001011110111111101111010
0110110000110110011110101000101011110100100111100100110000101011101010000100100011110001001011110111011101111010010001111000100101111011111110111101
0011011000011011001111010100010101111110010011110010011000010101110101000010010001111000100101111011101110111101001000111100010010111101111111011110
1001101100001101100111101010001010111011001001111001001100001010111010100001001000111100010010111101110111011110100100011110001001011110111111101111
1100110110000110110011110101000101011001100100111100100110000101011101010010100100011110001001011110111011101111010010001111000100101111011111110111
1110011011000011011001111010100010101000110010011110010011000010101110101011010010001111000100101111011101110111101001000111100010010111101111111011
1111001101100001101100111101010001010000011001001111001001100001010111010111101001000111100010010111101110111011110100100011110001001011110111111101
0111100110110000110110011110101000101100001100100111100100110000101011101011110100100011110001001011110111011101111010010001111000100101111011111110
1011110011011000011011001111010100010010000110010011110010011000010101110101111010010001111000100101111011101110111101001000111100010010111101111111
0101111001101100001101100111101010001101000011001001111001001100001010111010111101001000111100010010111101110111011110100100011110001001011110111111
1010111100110110000110110011110101000010100001100100111100100110000101011111011110100100011110001001011110111011101111010010001111000100101111011111
0101011110011011000011011001111010100101010000110010011110010011000010101111101111010010001111000100101111011101110111101001000111100010010111101111
0000100001011011100001110110100001000100010000101101110000111011010000100011010100001100100111100100110000101010010101111001101100001101100111101010
0000010000101101110000111011010000100010001000010110111000011101101000010011101010000110010011110010011000010100001010111100110110000110110011110101
0000001000010110111000011101101000010001000100001011011100001110110100001001110101000011001001111001001100001011000101011110011011000011011001111010
0000000100001011011100001110110100001000100010000101101110000111011010000110111010100001100100111100100110000100100010101111001101100001101100111101
1000000010000101101110000111011010000100010001000010110111000011101101000001011101010000110010011110010011000011010001010111100110110000110110011110
0100000001000010110111000011101101000010001000100001011011100001110110100010101110101000011001001111001001100000101000101011110011011000011011001111
0010000000100001011011100001110110100001000100010000101101110000111011010001010111010100001100100111100100110001010100010101111001101100001101100111
0001000000010000101101110000111011010000100010001000010110111000011101101000101011101010000110010011110010011001101010001010111100110110000110110011
0000100000001000010110111000011101101000010001000100001011011100001110110100010101110101000011001001111001001101110101000101011110011011000011011001
1000010000000100001011011100001110110100001000100010000101101110000111011000001010111010100001100100111100100111111010100010101111001101100001101100
0100001000000010000101101110000111011010000100010001000010110111000011101110000101011101010000110010011110010010111101010001010111100110110000110110
1010000100000001000010110111000011101101000010001000100001011011100001110111000010101110101000011001001111001000011110101000101011110011011000011011
1101000010000000100001011011100001110110100001000100010000101101110000111001100001010111010100001100100111100101001111010100010101111001101100001101
0110100001000000010000101101110000111011010000100010001000010110111000011100110000101011101010000110010011110011100111101010001010111100110110000110
1011010000100000001000010110111000011101101000010001000100001011011100001110011000010101110101000011001001111000110011110101000101011110011011000011
1101101000010000000100001011011100001110110100001000100010000101101110000101001100001010111010100001100100111101011001111010100010101111001101100001
1110110100001000000010000101101110000111011010000100010001000010110111000000100110000101011101010000110010011111101100111101010001010111100110110000
0111011010000100000001000010110111000011101101000010001000100001011011100010010011000010101110101000011001001110110110011110101000101011110011011000
0011101101000010000000100001011011100001110110100001000100010000101101110011001001100001010111010100001100100110011011001111010100010101111001101100
0001110110100001000000010000101101110000111011010000100010001000010110111011100100110000101011101010000110010010001101100111101010001010111100110110
0000111011010000100000001000010110111000011101101000010001000100001011011111110010011000010101110101000011001000000110110011110101000101011110011011
1000011101101000010000000100001011011100001110110100001000100010000101101101111001001100001010111010100001100101000011011001111010100010101111001101
1100001110110100001000000010000101101110000111011010000100010001000010110100111100100110000101011101010000110011100001101100111101010001010111100110
1110000111011010000100000001000010110111000011101101000010001000100001011010011110010011000010101110101000011000110000110110011110101000101011110011
0111000011101101000010000000100001011011100001110110100001000100010000101101001111001001100001010111010100001101011000011011001111010100010101111001
1011100001110110100001000000010000101101110000111011010000100010001000010100100111100100110000101011101010000111101100001101100111101010001010111100
1101110000111011010000100000001000010110111000011101101000010001000100001010010011110010011000010101110101000010110110000110110011110101000101011110
0110111000011101101000010000000100001011011100001110110100001000100010000111001001111001001100001010111010100000011011000011011001111010100010101111
1011011100001110110100001000000010000101101110000111011010000100010001000001100100111100100110000101011101010001001101100001101100111101010001010111
0101101110000111011010000100000001000010110111000011101101000010001000100000110010011110010011000010101110101001100110110000110110011110101000101011
0010110111000011101101000010000000100001011011100001110110100001000100010000011001001111001001100001010111010101110011011000011011001111010100010101
0001011011100001110110100001000000010000101101110000111011010000100010001000001100100111100100110000101011101011111001101100001101100111101010001010
0000101101110000111011010000100000001000010110111000011101101000010001000110000110010011110010011000010101110100111100110110000110110011110101000101
1000010110111000011101101000010000000100001011011100001110110100001000100001000011001001111001001100001010111011011110011011000011011001111010100010
0100001011011100001110110100001000000010000101101110000111011010000100010010100001100100111100100110000101011100101111001101100001101100111101010001
0010000101101110000111011010000100000001000010110111000011101101000010001001010000110010011110010011000010101111010111100110110000110110011110101000
0001000010110111000011101101000010000000100001011011100001110110100001000110101000011001001111001001100001010110101011110011011000011011001111010100
0111011110100100011110001001011110111000010000101101110000111011010000100011010100001100100111100100110000101011101010000110010011110010011000010101
1011101111010010001111000100101111011000001000010110111000011101101000010011101010000110010011110010011000010101110101000011001001111001001100001010
1101110111101001000111100010010111101000000100001011011100001110110100001001110101000011001001111001001100001010111010100001100100111100100110000101
1110111011110100100011110001001011110000000010000101101110000111011010000110111010100001100100111100100110000101011101010000110010011110010011000010
0111011101111010010001111000100101111100000001000010110111000011101101000001011101010000110010011110010011000010101110101000011001001111001001100001
1011101110111101001000111100010010111010000000100001011011100001110110100010101110101000011001001111001001100001010111010100001100100111100100110000
1101110111011110100100011110001001011001000000010000101101110000111011010001010111010100001100100111100100110000101011101010000110010011110010011000
1110111011101111010010001111000100101000100000001000010110111000011101101000101011101010000110010011110010011000010101110101000011001001111001001100
1111011101110111101001000111100010010000010000000100001011011100001110110100010101110101000011001001111001001100001010111010100001100100111100100110
0111101110111011110100100011110001001100001000000010000101101110000111011000001010111010100001100100111100100110000101011101010000110010011110010011
1011110111011101111010010001111000100010000100000001000010110111000011101110000101011101010000110010011110010011000010101110101000011001001111001001
0101111011101110111101001000111100010101000010000000100001011011100001110111000010101110101000011001001111001001100001010111010100001100100111100100
0010111101110111011110100100011110001110100001000000010000101101110000111001100001010111010100001100100111100100110000101011101010000110010011110010
1001011110111011101111010010001111000011010000100000001000010110111000011100110000101011101010000110010011110010011000010101110101000011001001111001
0100101111011101110111101001000111100101101000010000000100001011011100001110011000010101110101000011001001111001001100001010111010100001100100111100
0010010111101110111011110100100011110110110100001000000010000101101110000101001100001010111010100001100100111100100110000101011101010000110010011110
0001001011110111011101111010010001111111011010000100000001000010110111000000100110000101011101010000110010011110010011000010101110101000011001001111
1000100101111011101110111101001000111011101101000010000000100001011011100010010011000010101110101000011001001111001001100001010111010100001100100111
1100010010111101110111011110100100011001110110100001000000010000101101110011001001100001010111010100001100100111100100110000101011101010000110010011
1110001001011110111011101111010010001000111011010000100000001000010110111011100100110000101011101010000110010011110010011000010101110101000011001001
1111000100101111011101110111101001000000011101101000010000000100001011011111110010011000010101110101000011001001111001001100001010111010100001100100
0111100010010111101110111011110100100100001110110100001000000010000101101101111001001100001010111010100001100100111100100110000101011101010000110010
0011110001001011110111011101111010010110000111011010000100000001000010110100111100100110000101011101010000110010011110010011000010101110101000011001
0001111000100101111011101110111101001111000011101101000010000000100001011010011110010011000010101110101000011001001111001001100001010111010100001100
1000111100010010111101110111011110100011100001110110100001000000010000101101001111001001100001010111010100001100100111100100110000101011101010000110
0100011110001001011110111011101111010101110000111011010000100000001000010100100111100100110000101011101010000110010011110010011000010101110101000011
0010001111000100101111011101110111101110111000011101101000010000000100001010010011110010011000010101110101000011001001111001001100001010111010100001
1001000111100010010111101110111011110011011100001110110100001000000010000111001001111001001100001010111010100001100100111100100110000101011101010000
0100100011110001001011110111011101111101101110000111011010000100000001000001100100111100100110000101011101010000110010011110010011000010101110101000
1010010001111000100101111011101110111010110111000011101101000010000000100000110010011110010011000010101110101000011001001111001001100001010111010100
1101001000111100010010111101110111011001011011100001110110100001000000010000011001001111001001100001010111010100001100100111100100110000101011101010
1110100100011110001001011110111011101000101101110000111011010000100000001000001100100111100100110000101011101010000110010011110010011000010101110101
1111010010001111000100101111011101110000010110111000011101101000010000000110000110010011110010011000010101110101000011001001111001001100001010111010
0111101001000111100010010111101110111100001011011100001110110100001000000001000011001001111001001100001010111010100001100100111100100110000101011101
1011110100100011110001001011110111011010000101101110000111011010000100000010100001100100111100100110000101011101010000110010011110010011000010101110
1101111010010001111000100101111011101001000010110111000011101101000010000001010000110010011110010011000010101110101000011001001111001001100001010111
1110111101001000111100010010111101110000100001011011100001110110100001000010101000011001001111001001100001010111010100001100100111100100110000101011
