01011110110111100111000011101011110000001101110011101100000011110101110111000110000100100001010110110100011111011101110011010010001010110111001101101000111110111011111001011011101010010001
00101111011011110011100001110101111000000110111111011000000111101011101110001100001001000010101101101000111110111011100110100100010101101110011011010001111101110111110010110111010100100010
10010111101101111001110000111010111100000011011110110000001111010111011100011000010010000101011011010001111101110111001101001000101011011100110110100011111011101111100101101110101001000101
11001011110110111100111000011101011110000001101101100000011110101110111000110000100100001010110110100011111011101110011010010001010110111001101101000111110111011111001011011101010010001011
11100101111011011110011100001110101111000000110011000000111101011101110001100001001000010101111101000111110111011100110100100010101101110011011010001111101110111110010110111010100100010110
01110010111101101111001110000111010111100000011110000001111010111011100011000010010000101011101010001111101110111001101001000101011011100110110100011111011101111100101101110101001000101101
10111001011110110111100111000011101011110000001100000011110101110111000110000100100001010111010100011111011101110011010010001010110111001101101000111110111011111001011011101010010001011011
11011100101111011011110011100001110101111000000000000111101011101110001100001001000010101110111000111110111011100110100100010101101110011011010001111101110111110010110111010100100010110110
01101110010111101101111001110000111010111100000000001111010111011100011000010010000101011101100001111101110111001101001000101011011100110110100011111011101111100101101110101001000101101101
00110111001011110110111100111000011101011110000000011110101110111000110000100100001010111011000011111011101110011010010001010110111001101101000111110111011111001011011101010010001011011010
00011011100101111011011110011100001110101111000000111101011101110001100001001000010101110110000111110111011100110100100010101101110011011010001111101110111110010110111010100100010110110100
00001101110010111101101111001110000111010111100001111010111011100011000010010000101011101100001111101110111001101001000101011011100110110100011111011101111100101101110101001000101101101000
00000110111001011110110111100111000011101011110011110101110111000110000100100001010111011000001111011101110011010010001010110111001101101000111110111011111001011011101010010001011011010001
00000011011100101111011011110011100001110101111111101011101110001100001001000010101110110000001110111011100110100100010101101110011011010001111101110111110010110111010100100010110110100011
10000001101110010111101101111001110000111010111111010111011100011000010010000101011101100000011101110111001101001000101011011100110110100011111011101111100101101110101001000101101101000111
11000000110111001011110110111100111000011101011110101110111000110000100100001010111011000000111011101110011010010001010110111001101101000111110111011111001011011101010010001011011010001111
11100000011011100101111011011110011100001110101101011101110001100001001000010101110110000001110111011100110100100010101101110011011010001111101110111110010110111010100100010110110100011111
11110000001101110010111101101111001110000111010010111011100011000010010000101011101100000011111110111001101001000101011011100110110100011111011101111100101101110101001000101101101000111110
01111000000110111001011110110111100111000011101101110111000110000100100001010111011000000111101101110011010010001010110111001101101000111110111011111001011011101010010001011011010001111101
10111100000011011100101111011011110011100001110011101110001100001001000010101110110000001111011011100110100100010101101110011011010001111101110111110010110111010100100010110110100011111011
01011110000001101110010111101101111001110000111111011100011000010010000101011101100000011110100111001101001000101011011100110110100011111011101111100101101110101001000101101101000111110111
10101111000000110111001011110110111100111000011110111000110000100100001010111011000000111101011110011010010001010110111001101101000111110111011111001011011101010010001011011010001111101110
11010111100000011011100101111011011110011100001101110001100001001000010101110110000001111010111100110100100010101101110011011010001111101110111110010110111010100100010110110100011111011101
11101011110000001101110010111101101111001110000011100011000010010000101011101100000011110101111001101001000101011011100110110100011111011101111100101101110101001000101101101000111110111011
01110101111000000110111001011110110111100111000111000110000100100001010111011000000111101011100011010010001010110111001101101000111110111011111001011011101010010001011011010001111101110111
00111010111100000011011100101111011011110011100110001100001001000010101110110000001111010111010110100100010101101110011011010001111101110111010010110111010100100010110110100011111011101111
00011101011110000001101110010111101101111001110100011000010010000101011101100000011110101110111101001000101011011100110110100011111011101110000101101110101001000101101101000111110111011111
00001110101111000000110111001011110110111100111000110000100100001010111011000000111101011101111010010001010110111001101101000111110111011100101011011101010010001011011010001111101110111110
10000111010111100000011011100101111011011110011001100001001000010101110110000001111010111011100100100010101101110011011010001111101110111001110110111010100100010110110100011111011101111100
11000011101011110000001101110010111101101111001011000010010000101011101100000011110101110111001001000101011011100110110100011111011101110011001101110101001000101101101000111110111011111001
11100001110101111000000110111001011110110111100110000100100001010111011000000111101011101110000010001010110111001101101000111110111011100110111011101010010001011011010001111101110111110010
01110000111010111100000011011100101111011011110100001001000010101110110000001111010111011100010100010101101110011011010001111101110111001101010111010100100010110110100011111011101111100101
00111000011101011110000001101110010111101101111000010010000101011101100000011110101110111000111000101011011100110110100011111011101110011010001110101001000101101101000111110111011111001011
10011100001110101111000000110111001011110110111000100100001010111011000000111101011101110001100001010110111001101101000111110111011100110100111101010010001011011010001111101110111110010110
11001110000111010111100000011011100101111011011001001000010101110110000001111010111011100011000010101101110011011010001111101110111001101001011010100100010110110100011111011101111100101101
11100111000011101011110000001101110010111101101010010000101011101100000011110101110111000110000101011011100110110100011111011101110011010010010101001000101101101000111110111011111001011011
11110011100001110101111000000110111001011110110100100001010111011000000111101011101110001100001010110111001101101000111110111011100110100100001010010001011011010001111101110111110010110111
01111001110000111010111100000011011100101111011001000010101110110000001111010111011100011000010101101110011011010001111101110111001101001000110100100010110110100011111011101111100101101110
10111100111000011101011110000001101110010111101010000101011101100000011110101110111000110000101011011100110110100011111011101110011010010001001001000101101101000111110111011111001011011101
11011110011100001110101111000000110111001011110100001010111011000000111101011101110001100001000110111001101101000111110111011100110100100010110010001011011010001111101110111110010110111010
01101111001110000111010111100000011011100101111000010101110110000001111010111011100011000010011101110011011010001111101110111001101001000101000100010110110100011111011101111100101101110101
10110111100111000011101011110000001101110010111000101011101100000011110101110111000110000100101011100110110100011111011101110011010010001010101000101101101000111110111011111001011011101010
11011011110011100001110101111000000110111001011001010111011000000111101011101110001100001001000111001101101000111110111011100110100100010101110001011011010001111101110111110010110111010100
11101101111001110000111010111100000011011100101010101110110000001111010111011100011000010010001110011011010001111101110111001101001000101011000010110110100011111011101111100101101110101001
11110110111100111000011101011110000001101110010101011101100000011110101110111000110000100100001100110110100011111011101110011010010001010110100101101101000111110111011111001011011101010010
01111011011110011100001110101111000000110111001010111011000000111101011101110001100001001000011001101101000111110111011100110100100010101101101011011010001111101110111110010110111010100100
10111101101111001110000111010111100000011011100101110110000001111010111011100011000010010000100011011010001111101110111001101001000101011011110110110100011111011101111100101101110101001000
10001001111110000101000100011100111101101111010010111101101111001110000111010111100000011011101110110101000100101100000100010000011101001001011101101010001001011001110111011111000101101100
00010011111100001010001000111001111011011110101001011110110111100111000011101011110000001101111101101010001001011000001000100000111010010010111011010100010010110011101110111110001011011001
00100111111000010100010001110011110110111101010100101111011011110011100001110101111000000110111011010100010010110000010001000001110100100101110110101000100101100111011101111100010110110011
01001111110000101000100011100111101101111010100110010111101101111001110000111010111100000011010110101000100101100000100010000011101001001011101101010001001011001110111011111000101101100111
10011111100001010001000111001111011011110101000111001011110110111100111000011101011110000001101101010001001011000001000100000111010010010111011010100010010110011101110111110001011011001110
00111111000010100010001110011110110111101010001011100101111011011110011100001110101111000000111010100010010110000010001000001110100100101110110101000100101100111011101111100010110110011101
01111110000101000100011100111101101111010100010101110010111101101111001110000111010111100000010101000100101100000100010000011101001001011101101010001001011001110111011111000101101100111011
11111100001010001000111001111011011110101000100110111001011110110111100111000011101011110000001010001001011000001000100000111010010010111011010100010010110011101110111110001011011001110110
11111000010100010001110011110110111101010001001011011100101111011011110011100001110101111000000100010010110000010001000001110100100101110110101000100101100111011101111100010110110011101101
11110000101000100011100111101101111010100010011001101110010111101101111001110000111010111100001000100101100000100010000011101001001011101101010001001011001110111011111000101101100111011010
11100001010001000111001111011011110101000100111000110111001011110110111100111000011101011110000001001011000001000100000111010010010111011010100010010110011101110111110001011011001110110101
11000010100010001110011110110111101010001001111000011011100101111011011110011100001110101111000010010110000010001000001110100100101110110101000100101100111011101111100010110110011101101010
10000101000100011100111101101111010100010011111000001101110010111101101111001110000111010111100100101100000100010000011101001001011101101010001001011001110111011111000101101100111011010100
00001010001000111001111011011110101000100111111000000110111001011110110111100111000011101011111001011000001000100000111010010010111011010100010010110011101110111110001011011001110110101000
00010100010001110011110110111101010001001111110100000011011100101111011011110011100001110101110010110000010001000001110100100101110110101000100101100111011101111100010110110011101101010001
00101000100011100111101101111010100010011111100110000001101110010111101101111001110000111010110101100000100010000011101001001011101101010001001011001110111011111000101101100111011010100010
01010001000111001111011011110101000100111111000111000000110111001011110110111100111000011101011011000001000100000111010010010111011010100010010110011101110111110001011011001110110101000100
10100010001110011110110111101010001001111110000111100000011011100101111011011110011100001110100110000010001000001110100100101110110101000100101100111011101111100010110110011101101010001001
01000100011100111101101111010100010011111100001011110000001101110010111101101111001110000111011100000100010000011101001001011101101010001001011001110111011111000101101100111011010100010010
10001000111001111011011110101000100111111000010101111000000110111001011110110111100111000011101000001000100000111010010010111011010100010010110011101110111110001011011001110110101000100101
00010001110011110110111101010001001111110000101010111100000011011100101111011011110011100001110000010001000001110100100101110110101000100101100111011101111100010110110011101101010001001011
00100011100111101101111010100010011111100001010101011110000001101110010111101101111001110000110000100010000011101001001011101101010001001011001110111011111000101101100111011010100010010110
01000111001111011011110101000100111111000010100110101111000000110111001011110110111100111000010001000100000111010010010111011010100010010110011101110111110001011011001110110101000100101100
10001110011110110111101010001001111110000101000111010111100000011011100101111011011110011100000010001000001110100100101110110101000100101100011011101111100010110110011101101010001001011001
00011100111101101111010100010011111100001010001011101011110000001101110010111101101111001110000100010000011101001001011101101010001001011000010111011111000101101100111011010100010010110011
00111001111011011110101000100111111000010100010001110101111000000110111001011110110111100111001000100000111010010010111011010100010010110000001110111110001011011001110110101000100101100111
01110011110110111101010001001111110000101000100000111010111100000011011100101111011011110011100001000001110100100101110110101000100101100000111101111100010110110011101101010001001011001110
11100111101101111010100010011111100001010001000000011101011110000001101110010111101101111001110010000011101001001011101101010001001011000001011011111000101101100111011010100010010110011101
11001111011011110101000100111111000010100010001100001110101111000000110111001011110110111100110100000111010010010111011010100010010110000010010111110001011011001110110101000100101100111011
10011110110111101010001001111110000101000100011110000111010111100000011011100101111011011110011000001110100100101110110101000100101100000100001111100010110110011101101010001001011001110111
00111101101111010100010011111100001010001000111111000011101011110000001101110010111101101111000000011101001001011101101010001001011000001000111111000101101100111011010100010010110011101110
01111011011110101000100111111000010100010001110011100001110101111000000110111001011110110111100000111010010010111011010100010010110000010001011110001011011001110110101000100101100111011101
11110110111101010001001111110000101000100011100001110000111010111100000011011100101111011011110001110100100101110110101000100101100000100010011100010110110011101101010001001011001110111011
11101101111010100010011111100001010001000111001100111000011101011110000001101110010111101101110011101001001011101101010001001011000001000100011000101101100111011010100010010110011101110111
11011011110101000100111111000010100010001110011110011100001110101111000000110111001011110110110111010010010111011010100010010110000010001000010001011011001110110101000100101100111011101111
10110111101010001001111110000101000100011100111111001110000111010111100000011011100101111011011110100100101110110101000100101100000100010000000010110110011101101010001001011001110111011111
01101111010100010011111100001010001000111001111111100111000011101011110000001101110010111101101101001001011101101010001001011000001000100000100101101100111011010100010010110011101110111110
11011110101000100111111000010100010001110011110011110011100001110101111000000110111001011110111010010010111011010100010010110000010001000001101011011001110110101000100101100111011101111100
10111101010001001111110000101000100011100111101101111001110000111010111100000011011100101111010100100101110110101000100101100000100010000011110110110011101101010001001011001110111011111000
01111010100010011111100001010001000111001111011110111100111000011101011110000001101110010111101001001011101101010001001011000001000100000111001101100111011010100010010110011101110111110001
11110101000100111111000010100010001110011110110011011110011100001110101111000000110111001011110010010111011010100010010110000010001000001110111011001110110101000100101100111011101111100010
11101010001001111110000101000100011100111101101101101111001110000111010111100000011011100101110100101110110101000100101100000100010000011101010110011101101010001001011001110111011111000101
11010100010011111100001010001000111001111011011110110111100111000011101011110000001101110010111001011101101010001001011000001000100000111010001100111011010100010010110011101110111110001011
10101000100111111000010100010001110011110110111111011011110011100001110101111000000110111001010010111011010100010010110000010001000001110100111001110110101000100101100111011101111100010110
01010001001111110000101000100011100111101101111111101101111001110000111010111100000011011100100101110110101000100101100000100010000011101001010011101101010001001011001110111011111000101101
10100010011111100001010001000111001111011011110011110110111100111000011101011110000001101110011011101101010001001011000001000100000111010010000111011010100010010110011101110111110001011011
01000100111111000010100010001110011110110111101101111011011110011100001110101111000000110111000111011010100010010110000010001000001110100100101110110101000100101100111011101111100010110110
10010010111000001000100011001011011101010010001000100101011101101001111101110111110001011011010101111011011110011100001110101111000000110111010111101101111001110001000101000011111100100010
00100101110000010001000110010110111010100100011001001010111011010011111011101111100010110110100010111101101111001110000111010111100000011011101111011011110011100010001010000111111001000101
01001011100000100010001100101101110101001000110010010101110110100111110111011111000101101101001001011110110111100111000011101011110000001101111110110111100111000100010100001111110010001010
10010111000001000100011001011011101010010001100100101011101101001111101110111110001011011010001100101111011011110011100001110101111000000110111101101111001110001000101000011111100100010101
00101110000010001000110010110111010100100011001001010111011010011111011101111100010110110100011110010111101101111001110000111010111100000011011011011110011100010001010000111111001000101011
01011100000100010001100101101110101001000110010010101110110100111110111011111000101101101000100111001011110110111100111000011101011110000001110110111100111000100010100001111110010001010111
10111000001000100011001011011101010010001100100101011101101001111101110111110001011011010001001011100101111011011110011100001110101111000000101101111001110001000101000011111100100010101111
01110000010001000110010110111010100100011001001010111011010011111011101111100010110110100010011101110010111101101111001110000111010111100000011011110011100010001010000111111001000101011110
11100000100010001100101101110101001000110010010101110110100111110111011111000101101101000100100110111001011110110111100111000011101011110000010111100111000100010100001111110010001010111101
11000001000100011001011011101010010001100100101011101101001111101110111110001011011010001001010011011100101111011011110011100001110101111000001111001110001000101000011111100100010101111011
10000010001000110010110111010100100011001001011111011010011111011101111100010110110100010010100001101110010111101101111001110000111010111100011110011100010001010000111111001000101011110110
00000100010001100101101110101001000110010010111110110100111110111011111000101101101000100101010000110111001011110110111100111000011101011110011100111000100010100001111110010001010111101101
00001000100011001011011101010010001100100101110101101001111101110111110001011011010001001010110000011011100101111011011110011100001110101111011001110001000101000011111100100010101111011011
00010001000110010110111010100100011001001011100011010011111011101111100010110110100010010101110000001101110010111101101111001110000111010111110011100010001010000111111001000101011110110111
00100010001100101101110101001000110010010111000110100111110111011111000101101101000100101011101000000110111001011110110111100111000011101011100111000100010100001111110010001010111101101111
01000100011001011011101010010001100100101110000101001111101110111110001011011010001001010111011100000011011100101111011011110011100001110101101110001000101000011111100100010101111011011110
10001000110010110111010100100011001001011100000010011111011101111100010110110100010010101110111110000001101110010111101101111001110000111010111100010001010000111111001000101011110110111100
00010001100101101110101001000110010010111000001100111110111011111000101101101000100101011101101111000000110111001011110110111100111000011101011000100010100001111110010001010111101101111001
00100011001011011101010010001100100101110000010001111101110111110001011011010001001010111011010111100000011011100101111011011110011100001110110001000101000011111100100010101111011011110011
01000110010110111010100100011001001011100000100011111011101111100010110110100010010101110110101011110000001101110010111101101111001110000111000010001010000111111001000101011110110111100111
10001100101101110101001000110010010111000001000111110111011111000101101101000100101011101101000101111000000110111001011110110111100111000011100100010100001111110010001010111101101111001110
00011001011011101010010001100100101110000010001111101110111110001011011010001001010111011010011010111100000011011100101111011011110011100001101000101000011111100100010101111011011110011100
00110010110111010100100011001001011100000100010111011101111100010110110100010010101110110100111101011110000001101110010111101101111001110000110001010000111111001000101011110110111100111000
01100101101110101001000110010010111000001000100110111011111000101101101000100101011101101001111110101111000000110111001011110110111100111000000010100001111110010001010111101101111001110001
11001011011101010010001100100101110000010001000101110111110001011011010001001010111011010011110111010111100000011011100101111011011110011100000101000011111100100010101111011011110011100010
10010110111010100100011001001011100000100010001011101111100010110110100010010101110110100111110011101011110000001101110010111101101111001110001010000111111001000101011110110111100111000100
00101101110101001000110010010111000001000100011111011111000101101101000100101011101101001111100001110101111000000110111001011110110111100111010100001111110010001010111101101111001110001000
01011011101010010001100100101110000010001000110110111110001011011010001001010111011010011111010000111010111100000011011100101111011011110011101000011111100100010101111011011110011100010001
10110111010100100011001001011100000100010001100101111100010110110100010010101110110100111110111000011101011110000001101110010111101101111001110000111111001000101011110110111100111000100010
01101110101001000110010010111000001000100011001011111000101101101000100101011101101001111101111100001110101111000000110111001011110110111100100001111110010001010111101101111001110001000101
11011101010010001100100101110000010001000110010111110001011011010001001010111011010011111011101110000111010111100000011011100101111011011110000011111100100010101111011011110011100010001010
10111010100100011001001011100000100010001100101111100010110110100010010101110110100111110111010111000011101011110000001101110010111101101111000111111001000101011110110111100111000100010100
01110101001000110010010111000001000100011001011111000101101101000100101011101101001111101110110011100001110101111000000110111001011110110111101111110010001010111101101111001110001000101000
11101010010001100100101110000010001000110010110110001011011010001001010111011010011111011101111001110000111010111100000011011100101111011011111111100100010101111011011110011100010001010000
11010100100011001001011100000100010001100101101100010110110100010010101110110100111110111011111100111000011101011110000001101110010111101101111111001000101011110110111100111000100010100001
10101001000110010010111000001000100011001011011000101101101000100101011101101001111101110111111110011100001110101111000000110111001011110110111110010001010111101101111001110001000101000011
01010010001100100101110000010001000110010110111001011011010001001010111011010011111011101111101111001110000111010111100000011011100101111011011100100010101111011011110011100010001010000111
10100100011001001011100000100010001100101101110010110110100010010101110110100111110111011111000111100111000011101011110000001101110010111101111001000101011110110111100111000100010100001111
01001000110010010111000001000100011001011011101101101101000100101011101101001111101110111110001011110011100001110101111000000110111001011110110010001010111101101111001110001000101000011111
10010001100100101110000010001000110010110111010011011010001001010111011010011111011101111100011101111001110000111010111100000011011100101111000100010101111011011110011100010001010000111111
00100011001001011100000100010001100101101110101110110100010010101110110100111110111011111000100110111100111000011101011110000001101110010111101000101011110110111100111000100010100001111110
01000110010010111000001000100011001011011101010101101000100101011101101001111101110111110001011011011110011100001110101111000000110111001011110001010111101101111001110001000101000011111100
10001100100101110000010001000110010110111010100011010001001010111011010011111011101111100010111101101111001110000111010111100000011011100101100010101111011011110011100010001010000111111001
00011001001011100000100010001100101101110101001110100010010101110110100111110111011111000101101110110111100111000011101011110000001101110010100101011110110111100111000100010100001111110010
00110010010111000001000100011001011011101010010101000100101011101101001111101110111110001011011111011011110011100001110101111000000110111001001010111101101111001110001000101000011111100100
01100100101110000010001000110010110111010100100010001001010111011010011111011101111100010110110111101101111001110000111010111100000011011100110101111011011110011100010001010000111111001000
11001001011100000100010001100101101110101001000100010010101110110100111110111011111000101101101011110110111100111000011101011110000001101110001011110110111100111000100010100001111110010001
10010010111000001000100000110100100010101101110000100101011101101001100010001000001110100100110100001001000011000111011101011110000001101110101011110110111100111000011101011110000001101110
00100101110000010001000001101001000101011011101001001010111011010011000100010000011101001001101000010010000110001110111010111100000011011101000101111011011110011100001110101111000000110111
01001011100000100010000011010010001010110111010010010101110110100110001000100000111010010011000000100100001100011101110101111000000110111010110010111101101111001110000111010111100000011011
10010111000001000100000110100100010101101110100100101011101101001100010001000001110100100110000001001000011000111011101011110000001101110101011001011110110111100111000011101011110000001101
00101110000010001000001101001000101011011101001001010111011010011000100010000011101001001100010010010000110001110111010111100000011011101010011100101111011011110011100001110101111000000110
01011100000100010000011010010001010110111010010010101110110100110001000100000111010010011000100100100001100011101110101111000000110111010100001110010111101101111001110000111010111100000011
10111000001000100000110100100010101101110100100101011101101001100010001000001110100100110001001001000011000111011101011110000001101110101000010111001011110110111100111000011101011110000001
01110000010001000001101001000101011011101001001010111011010011000100010000011101001001100010010010000110001110111010111100000011011101010000111011100101111011011110011100001110101111000000
11100000100010000011010010001010110111010010010101110110100110001000100000111010010011000100100100001100011101110101111000000110111010100001001101110010111101101111001110000111010111100000
11000001000100000110100100010101101110100100101011101101001100010001000001110100100110001001011000011000111011101011110000001101110101000010000110111001011110110111100111000011101011110000
10000010001000001101001000101011011101001001011111011010011000100010000011101001001100010010100000110001110111010111100000011011101010000100100011011100101111011011110011100001110101111000
00000100010000011010010001010110111010010010111110110100110001000100000111010010011000100101010001100011101110101111000000110111010100001001000001101110010111101101111001110000111010111100
00001000100000110100100010101101110100100101110101101001100010001000001110100100110001001010110011000111011101011110000001101110101000010010000000110111001011110110111100111000011101011110
00010001000001101001000101011011101001001011100011010011000100010000011101001001100010010101110110001110111010111100000011011101010000100100000000011011100101111011011110011100001110101111
00100010000011010010001010110111010010010111000110100110001000100000111010010011000100101011101100011101110101111000000110111010100001001000010000001101110010111101101111001110000111010111
01000100000110100100010101101110100100101110000101001100010001000001110100100110001001010111011000111011101011110000001101110101000010010000111000000110111001011110110111100111000011101011
10001000001101001000101011011101001001011100000010011000100010000011101001001100010010101110110001110111010111100000011011101010000100100001111100000011011100101111011011110011100001110101
00010000011010010001010110111010010010111000001100110001000100000111010010011000100101011101100011101110101111000000110111010100001001000011011110000001101110010111101101111001110000111010
00100000110100100010101101110100100101110000010001100010001000001110100100110001001010111011010111011101011110000001101110101000010010000110001111000000110111001011110110111100111000011101
01000001101001000101011011101001001011100000100011000100010000011101001001100010010101110110101110111010111100000011011101010000100100001100010111100000011011100101111011011110011100001110
10000011010010001010110111010010010111000001000110001000100000111010010011000100101011101101001101110101111000000110111010100001001000011000101011110000001101110010111101101111001110000111
00000110100100010101101110100100101110000010001100010001000001110100100110001001010111011010011011101011110000001101110101000010010000110001110101111000000110111001011110110111100111000011
00001101001000101011011101001001011100000100010000100010000011101001001100010010101110110100110111010111100000011011101010000100100001100011111010111100000011011100101111011011110011100001
00011010010001010110111010010010111000001000100001000100000111010010011000100101011101101001101110101111000000110111010100001001000011000111011101011110000001101110010111101101111001110000
00110100100010101101110100100101110000010001000010001000001110100100110001001010111011010011001101011110000001101110101000010010000110001110101110101111000000110111001011110110111100111000
01101001000101011011101001001011100000100010000100010000011101001001100010010101110110100110001010111100000011011101010000100100001100011101100111010111100000011011100101111011011110011100
11010010001010110111010010010111000001000100000000100000111010010011000100101011101101001100010101111000000110111010100001001000011000111011100011101011110000001101110010111101101111001110
10100100010101101110100100101110000010001000001001000001110100100110001001010111011010011000101011110000001101110101000010010000110001110111000001110101111000000110111001011110110111100111
01001000101011011101001001011100000100010000011010000011101001001100010010101110110100110001000111100000011011101010000100100001100011101110110000111010111100000011011100101111011011110011
10010001010110111010010010111000001000100000110100000111010010011000100101011101101001100010001111000000110111010100001001000011000111011101011000011101011110000001101110010111101101111001
00100010101101110100100101110000010001000001101000001110100100110001001010111011010011000100011110000001101110101000010010000110001110111010111100001110101111000000110111001011110110111100
01000101011011101001001011100000100010000011010000011101001001100010010101110110100110001000101100000011011101010000100100001100011101110101101110000111010111100000011011100101111011011110
10001010110111010010010111000001000100000110100000111010010011000100101011101101001100010001001000000110111010100001001000011000111011101011100111000011101011110000001101110010111101101111
00010101101110100100101110000010001000001101001001110100100110001001010111011010011000100010000000001101110101000010010000110001110111010111110011100001110101111000000110111001011110110111
00101011011101001001011100000100010000011010010011101001001100010010101110110100110001000100000000011011101010000100100001100011101110101111011001110000111010111100000011011100101111011011
01010110111010010010111000001000100000110100100111010010011000100101011101101001100010001000000000110111010100001001000011000111011101011110011100111000011101011110000001101110010111101101
10101101110100100101110000010001000001101001000110100100110001001010111011010011000100010000010001101110101000010010000110001110111010111100011110011100001110101111000000110111001011110110
01011011101001001011100000100010000011010010001101001001100010010101110110100110001000100000110011011101010000100100001100011101110101111000001111001110000111010111100000011011100101111011
10110111010010010111000001000100000110100100010010010011000100101011101101001100010001000001110110111010100001001000011000111011101011110000010111100111000011101011110000001101110010111101
01101110100100101110000010001000001101001000101100100110001001010111011010011000100010000011101101110101000010010000110001110111010111100000011011110011100001110101111000000110111001011110
11011101001001011100000100010000011010010001010001001100010010101110110100110001000100000111011011101010000100100001100011101110101111000000101101111001110000111010111100000011011100101111
10111010010010111000001000100000110100100010101010011000100101011101101001100010001000001110100111010100001001000011000111011101011110000001110110111100111000011101011110000001101110010111
01110100100101110000010001000001101001000101011100110001001010111011010011000100010000011101001110101000010010000110001110111010111100000011011011011110011100001110101111000000110111001011
11101001001011100000100010000011010010001010110001100010010101110110100110001000100000111010011101010000100100001100011101110101111000000110111101101111001110000111010111100000011011100101
11010010010111000001000100000110100100010101101011000100101011101101001100010001000001110100101010100001001000011000111011101011110000001101111110110111100111000011101011110000001101110010
10100100101110000010001000001101001000101011011110001001010111011010011000100010000011101001000101000010010000110001110111010111100000011011101111011011110011100001110101111000000110111001
01001001011100000100010000011010010001010110111100010010101110110100110001000100000111010010011010000100100001100011101110101111000000110111010111101101111001110000111010111100000011011100
10100001001000011000111100010100001111110010001100010011111100001010001000111001111011011110101001001011100000100010001100101101110101001000110010010111000001000100000110100100010101101110
11010000100100001100011110001010000111111001000000100111111000010100010001110011110110111101010010010111000001000100011001011011101010010001100100101110000010001000001101001000101011011101
01101000010010000110001111000101000011111100100001001111110000101000100011100111101101111010100100101110000010001000110010110111010100100011001001011100000100010000011010010001010110111010
00110100001001000011000111100010100001111110010010011111100001010001000111001111011011110101001001011100000100010001100101101110101001000110010010111000001000100000110100100010101101110100
00011010000100100001100011110001010000111111001100111111000010100010001110011110110111101010000010111000001000100011001011011101010010001100100101110000010001000001101001000101011011101001
10001101000010010000110001111000101000011111100001111110000101000100011100111101101111010100010101110000010001000110010110111010100100011001001011100000100010000011010010001010110111010010
01000110100001001000011000111100010100001111110011111100001010001000111001111011011110101000101011100000100010001100101101110101001000110010010111000001000100000110100100010101101110100100
00100011010000100100001100011110001010000111111111111000010100010001110011110110111101010001000111000001000100011001011011101010010001100100101110000010001000001101001000101011011101001001
10010001101000010010000110001111000101000011111111110000101000100011100111101101111010100010011110000010001000110010110111010100100011001001011100000100010000011010010001010110111010010010
11001000110100001001000011000111100010100001111111100001010001000111001111011011110101000100111100000100010001100101101110101001000110010010111000001000100000110100100010101101110100100101
11100100011010000100100001100011110001010000111111000010100010001110011110110111101010001001111000001000100011001011011101010010001100100101110000010001000001101001000101011011101001001011
11110010001101000010010000110001111000101000011110000101000100011100111101101111010100010011110000010001000110010110111010100100011001001011100000100010000011010010001010110111010010010111
11111001000110100001001000011000111100010100001100001010001000111001111011011110101000100111110000100010001100101101110101001000110010010111000001000100000110100100010101101110100100101110
11111100100011010000100100001100011110001010000000010100010001110011110110111101010001001111110001000100011001011011101010010001100100101110000010001000001101001000101011011101001001011100
01111110010001101000010010000110001111000101000000101000100011100111101101111010100010011111100010001000110010110111010100100011001001011100000100010000011010010001010110111010010010111000
00111111001000110100001001000011000111100010100001010001000111001111011011110101000100111111000100010001100101101110101001000110010010111000001000100000110100100010101101110100100101110000
00011111100100011010000100100001100011110001010010100010001110011110110111101010001001111110001000100011001011011101010010001100100101110000010001000001101001000101011011101001001011100000
00001111110010001101000010010000110001111000101101000100011100111101101111010100010011111100000001000110010110111010100100011001001011100000100010000011010010001010110111010010010111000001
10000111111001000110100001001000011000111100010010001000111001111011011110101000100111111000010010001100101101110101001000110010010111000001000100000110100100010101101110100100101110000010
01000011111100100011010000100100001100011110001100010001110011110110111101010001001111110000100100011001011011101010010001100100101110000010001000001101001000101011011101001001011100000100
10100001111110010001101000010010000110001111000000100011100111101101111010100010011111100001011000110010110111010100100011001001011100000100010000011010010001010110111010010010111000001000
01010000111111001000110100001001000011000111100001000111001111011011110101000100111111000010100001100101101110101001000110010010111000001000100000110100100010101101110100100101110000010001
00101000011111100100011010000100100001100011110010001110011110110111101010001001111110000101000011001011011101010010001100100101110000010001000001101001000101011011101001001011100000100010
00010100001111110010001101000010010000110001111100011100111101101111010100010011111100001010000110010110111010100100011001001011100000100010000011010010001010110111010010010111000001000100
10001010000111111001000110100001001000011000111000111001111011011110101000100111111000010100011100101101110101001000110010010111000001000100000110100100010101101110100100101110000010001000
11000101000011111100100011010000100100001100011001110011110110111101010001001111110000101000101001011011101010010001100100101110000010001000101101001000101011011101001001011100000100010000
11100010100001111110010001101000010010000110001011100111101101111010100010011111100001010001000010110111010100100011001001011100000100010001111010010001010110111010010010111000001000100000
11110001010000111111001000110100001001000011000111001111011011110101000100111111000010100010000101101110101001000110010010111000001000100011010100100010101101110100100101110000010001000001
01111000101000011111100100011010000100100001100110011110110111101010001001111110000101000100011011011101010010001100100101110000010001000110001001000101011011101001001011100000100010000011
00111100010100001111110010001101000010010000110100111101101111010100010011111100001010001000110110111010100100011001001011100000100010001100110010001010110111010010010111000001000100000110
00011110001010000111111001000110100001001000011001111011011110101000100111111000010100010001111101110101001000110010010111000001000100011001000100010101101110100100101110000010001000001101
10001111000101000011111100100011010000100100001011110110111101010001001111110000101000100011101011101010010001100100101110000010001000110010101000101011011101001001011100000100010000011010
11000111100010100001111110010001101000010010000111101101111010100010011111100001010001000111000111010100100011001001011100000100010001100101110001010110111010010010111000001000100000110100
01100011110001010000111111001000110100001001000111011011110101000100111111000010100010001110011110101001000110010010111000001000100011001011000010101101110100100101110000010001000001101001
00110001111000101000011111100100011010000100100110110111101010001001111110000101000100011100111101010010001100100101110000010001000110010110100101011011101001001011100000100010000011010010
00011000111100010100001111110010001101000010010101101111010100010011111100001010001000111001111010100100011001001011100000100010001100101101101010110111010010010111000001000100000110100100
00001100011110001010000111111001000110100001001011011110101000100111111000010100010001110011110101001000110010010111000001000100011001011011110101101110100100101110000010001000001101001000
10000110001111000101000011111100100011010000100110111101010001001111110000101000100011100111101010010001100100101110000010001000110010110111001011011101001001011100000100010000011010010001
01000011000111100010100001111110010001101000010101111010100010011111100001010001000111001111010100100011001001011100000100010001100101101110110110111010010010111000001000100000110100100010
00100001100011110001010000111111001000110100001011110101000100111111000010100010001110011110111001000110010010111000001000100011001011011101001101110100100101110000010001000001101001000101
10010000110001111000101000011111100100011010000111101010001001111110000101000100011100111101100010001100100101110000010001000110010110111010111011101001001011100000100010000011010010001010
01001000011000111100010100001111110010001101000111010100010011111100001010001000111001111011010100011001001011100000100010001100101101110101010111010010010111000001000100000110100100010101
00100100001100011110001010000111111001000110100110101000100111111000010100010001110011110110111000110010010111000001000100011001011011101010001110100100101110000010001000001101001000101011
00010010000110001111000101000011111100100011010101010001001111110000101000100011100111101101110001100100101110000010001000110010110111010100111101001001011100000100010000011010010001010110
00001001000011000111100010100001111110010001101010100010011111100001010001000111001111011011110011001001011100000100010001100101101110101001011010010010111000001000100000110100100010101101
10000100100001100011110001010000111111001000110101000100111111000010100010001110011110110111100110010010111000001000100011001011011101010010010100100101110000010001000001101001000101011011
01000010010000110001111000101000011111100100011010001001111110000101000100011100111101101111011100100101110000010001000110010110111010100100001001001011100000100010000011010010001010110111
01110110000001111010111011100011000010010000101101000010010000110001111000101000011111100100010001001010111011010011111011101111100010110110100010010101110110100110001000100000111010010011
11101100000011110101110111000110000100100001010110100001001000011000111100010100001111110010000010010101110110100111110111011111000101101101000100101011101101001100010001000001110100100110
11011000000111101011101110001100001001000010101011010000100100001100011110001010000111111001000100101011101101001111101110111110001011011010001001010111011010011000100010000011101001001100
10110000001111010111011100011000010010000101011001101000010010000110001111000101000011111100101001010111011010011111011101111100010110110100010010101110110100110001000100000111010010011000
01100000011110101110111000110000100100001010111000110100001001000011000111100010100001111110010010101110110100111110111011111000101101101000100101011101101001100010001000001110100100110001
11000000111101011101110001100001001000010101110100011010000100100001100011110001010000111111000101011101101001111101110111110001011011010001001010111011010011000100010000011101001001100010
10000001111010111011100011000010010000101011101010001101000010010000110001111000101000011111101010111011010011111011101111100010110110100010010101110110100110001000100000111010010011000100
00000011110101110111000110000100100001010111011001000110100001001000011000111100010100001111110101110110100111110111011111000101101101000100101011101101001100010001000001110100100110001001
00000111101011101110001100001001000010101110110100100011010000100100001100011110001010000111111011101101001111101110111110001011011010001001010111011010011000100010000011101001001100010010
00001111010111011100011000010010000101011101100110010001101000010010000110001111000101000011110111011010011111011101111100010110110100010010101110110100110001000100000111010010011000100101
00011110101110111000110000100100001010111011000111001000110100001001000011000111100010100001111110110100111110111011111000101101101000100101011101101001100010001000001110100100110001001010
00111101011101110001100001001000010101110110000111100100011010000100100001100011110001010000111101101001111101110111110001011011010001001010111011010011000100010000011101001001100010010101
01111010111011100011000010010000101011101100000111110010001101000010010000110001111000101000011011010011111011101111100010110110100010010101110110100110001000100000111010010011000100101011
11110101110111000110000100100001010111011000000111111001000110100001001000011000111100010100000110100111110111011111000101101101000100101011101101001100010001000001110100100110001001010111
11101011101110001100001001000010101110110000001011111100100011010000100100001100011110001010001101001111101110111110001011011010001001010111011010011000100010000011101001001100010010101110
11010111011100011000010010000101011101100000011001111110010001101000010010000110001111000101001010011111011101111100010110110100010010101110110100110001000100000111010010011000100101011101
10101110111000110000100100001010111011000000111000111111001000110100001001000011000111100010100100111110111011111000101101101000100101011101101001100010001000001110100100110001001010111011
01011101110001100001001000010101110110000001111000011111100100011010000100100001100011110001011001111101110111110001011011010001001010111011010011000100010000011101001001100010010101110110
10111011100011000010010000101011101100000011110100001111110010001101000010010000110001111000100011111011101111100010110110100010010101110110100110001000100000111010010011000100101011101101
01110111000110000100100001010111011000000111101010000111111001000110100001001000011000111100010111110111011111000101101101000100101011101101001100010001000001110100100110001001010111011010
11101110001100001001000010101110110000001111010101000011111100100011010000100100001100011110001111101110111110001011011010001001010111011010011000100010000011101001001100010010101110110100
11011100011000010010000101011101100000011110101010100001111110010001101000010010000110001111001111011101111100010110110100010010101110110100110001000100000111010010011000100101011101101001
10111000110000100100001010111011000000111101011001010000111111001000110100001001000011000111101110111011111000101101101000100101011101101001100010001000001110100100110001001010111011010011
01110001100001001000010101110110000001111010111000101000011111100100011010000100100001100011111101110111110001011011010001001010111011010011100100010000011101001001100010010101110110100110
11100011000010010000101011101100000011110101110100010100001111110010001101000010010000110001111011101111100010110110100010010101110110100111101000100000111010010011000100101011101101001100
11000110000100100001010111011000000111101011101110001010000111111001000110100001001000011000110111011111000101101101000100101011101101001111110001000001110100100110001001010111011010011000
10001100001001000010101110110000001111010111011111000101000011111100100011010000100100001100011110111110001011011010001001010111011010011111000010000011101001001100010010101110110100110001
00011000010010000101011101100000011110101110111111100010100001111110010001101000010010000110001101111100010110110100010010101110110100111110100100000111010010011000100101011101101001100010
00110000100100001010111011000000111101011101110011110001010000111111001000110100001001000011001011111000101101101000100101011101101001111101101000001110100100110001001010111011010011000100
01100001001000010101110110000001111010111011100001111000101000011111100100011010000100100001100111110001011011010001001010111011010011111011110000011101001001100010010101110110100110001000
11000010010000101011101100000011110101110111000000111100010100001111110010001101000010010000111111100010110110100010010101110110100111110111000000111010010011000100101011101101001100010001
10000100100001010111011000000111101011101110001100011110001010000111111001000110100001001000011111000101101101000100101011101101001111101110100001110100100110001001010111011010011000100010
00001001000010101110110000001111010111011100011110001111000101000011111100100011010000100100001110001011011010001001010111011010011111011101100011101001001100010010101110110100110001000100
00010010000101011101100000011110101110111000110011000111100010100001111110010001101000010010001100010110110100010010101110110100111110111011100111010010011000100101011101101001100010001000
00100100001010111011000000111101011101110001100001100011110001010000111111001000110100001001001000101101101000100101011101101001111101110111101110100100110001001010111011010011000100010000
01001000010101110110000001111010111011100011000000110001111000101000011111100100011010000100100001011011010001001010111011010011111011101111111101001001100010010101110110100110001000100000
10010000101011101100000011110101110111000110000000011000111100010100001111110010001101000010010010110110100010010101110110100111110111011111011010010011000100101011101101001100010001000001
00100001010111011000000111101011101110001100001100001100011110001010000111111001000110100001000101101101000100101011101101001111101110111110010100100110001001010111011010011000100010000011
01000010101110110000001111010111011100011000010010000110001111000101000011111100100011010000101011011010001001010111011010011111011101111100001001001100010010101110110100110001000100000111
10000101011101100000011110101110111000110000100001000011000111100010100001111110010001101000010110110100010010101110110100111110111011111000110010011000100101011101101001100010001000001110
00001010111011000000111101011101110001100001001100100001100011110001010000111111001000110100001101101000100101011101101001111101110111110001000100110001001010111011010011000100010000011101
00010101110110000001111010111011100011000010010010010000110001111000101000011111100100011010001011010001001010111011010011111011101111100010101001100010010101110110100110001000100000111010
00101011101100000011110101110111000110000100100001001000011000111100010100001111110010001101000110100010010101110110100111110111011111000101110011000100101011101101001100010001000001110100
01010111011000000111101011101110001100001001000000100100001100011110001010000111111001000110101101000100101011101101001111101110111110001011000110001001010111011010011000100010000011101001
10101110110000001111010111011100011000010010000000010010000110001111000101000011111100100011011010001001010111011010011111011101111100010110101100010010101110110100110001000100000111010010
01011101100000011110101110111000110000100100001100001001000011000111100010100001111110010001100100010010101110110100111110111011111000101101111000100101011101101001100010001000001110100100
10111011000000111101011101110001100001001000010010000100100001100011110001010000111111001000111000100101011101101001111101110111110001011011010001001010111011010011000100010000011101001001
01101101000111110111011100110100100010101101110111011010100010010110000010001000001110100100101010000100100001100011110001010000111111001000101000010010000110001110111010111100000011011101
11011010001111101110111001101001000101011011100110110101000100101100000100010000011101001001011101000010010000110001111000101000011111100100010000100100001100011101110101111000000110111010
10110100011111011101110011010010001010110111001101101010001001011000001000100000111010010010110110100001001000011000111100010100001111110010000001001000011000111011101011110000001101110101
01101000111110111011100110100100010101101110011011010100010010110000010001000001110100100101110011010000100100001100011110001010000111111001000010010000110001110111010111100000011011101010
11010001111101110111001101001000101011011100110110101000100101100000100010000011101001001011100001101000010010000110001111000101000011111100100100100001100011101110101111000000110111010100
10100011111011101110011010010001010110111001101101010001001011000001000100000111010010010111011000110100001001000011000111100010100001111110001001000011000111011101011110000001101110101000
01000111110111011100110100100010101101110011011010100010010110000010001000001110100100101110110100011010000100100001100011110001010000111111010010000110001110111010111100000011011101010000
10001111101110111001101001000101011011100110110101000100101100000100010000011101001001011101100010001101000010010000110001111000101000011111100100001100011101110101111000000110111010100001
00011111011101110011010010001010110111001101101010001001011000001000100000111010010010111011011001000110100001001000011000111100010100001111101000011000111011101011110000001101110101000010
00111110111011100110100100010101101110011011010100010010110000010001000001110100100101110110101100100011010000100100001100011110001010000111110000110001110111010111100000011011101010000100
01111101110111001101001000101011011100110110100000100101100000100010000011101001001011101101011110010001101000010010000110001111000101000011100001100011101110101111000000110111010100001001
11111011101110011010010001010110111001101101000001001011000001000100000111010010010111011010101111001000110100001001000011000111100010100001100011000111011101011110000001101110101000010010
11110111011100110100100010101101110011011010001010010110000010001000001110100100101110110101001111100100011010000100100001100011110001010000100110001110111010111100000011011101010000100100
11101110111001101001000101011011100110110100011100101100000100010000011101001001011101101010001111110010001101000010010000110001111000101000001100011101110101111000000110111010100001001000
11011101110011010010001010110111001101101000111001011000001000100000111010010010111011010100010111111001000110100001001000011000111100010100011000111011101011110000001101110101000010010000
10111011100110100100010101101110011011010001111010110000010001000001110100100101110110101000100011111100100011010000100100001100011110001010010001110111010111100000011011101010000100100001
01110111001101001000101011011100110110100011111101100000100010000011101001001011101101010001000001111110010001101000010010000110001111000101000011101110101111000000110111010100001001000011
11101110011010010001010110111001101101000111110011000001000100000111010010010111011010100010010000111111001000110100001001000011000111100010100111011101011110000001101110101000010010000110
11011100110100100010101101110011011010001111101110000010001000001110100100101110110101000100101000011111100100011010000100100001100011110001001110111010111100000011011101010000100100001100
10111001101001000101011011100110110100011111011100000100010000011101001001011101101010001001010100001111110010001101000010010000110001111000111101110101111000000110111010100001001000011000
01110011010010001010110111001101101000111110111000001000100000111010010010111011010100010010111010000111111001000110100001001000011000111100011011101011110000001101110101000010010000110001
11100110100100010101101110011011010001111101110000010001000001110100100101110110101000100101100101000011111100100011010000100100001100011110010111010111100000011011101010000100100001100011
11001101001000101011011100110110100011111011101000100010000011101001001011101101010001001011000010100001111110010001101000010010000110001111001110101111000000110111010100001001000011000111
10011010010001010110111001101101000111110111011001000100000111010010010111011010100010010110000001010000111111001000110100001001000011000111111101011110000001101110101000010010000110001110
00110100100010101101110011011010001111101110111010001000001110100100101110110101000100101100001000101000011111100100011010000100100001100011111010111100000011011101010000100100001100011101
01101001000101011011100110110100011111011101110100010000011101001001011101101010001001011000001100010100001111110010001101000010010000110001110101111000000110111010100001001000011000111011
11010010001010110111001101101000111110111011100000100000111010010010111011010100010010110000011110001010000111111001000110100001001000011000101011110000001101110101000010010000110001110111
10100100010101101110011011010001111101110111001001000001110100100101110110101000100101100000101111000101000011111100100011010000100100001100010111100000011011101010000100100001100011101110
01001000101011011100110110100011111011101110011010000011101001001011101101010001001011000001000111100010100001111110010001101000010010000110001111000000110111010100001001000011000111011101
10010001010110111001101101000111110111011100110100000111010010010111011010100010010110000010000011110001010000111111001000110100001001000011011110000001101110101000010010000110001110111010
00100010101101110011011010001111101110111001101000001110100100101110110101000100101100000100010001111000101000011111100100011010000100100001111100000011011101010000100100001100011101110101
01000101011011100110110100011111011101110011010000011101001001011101101010001001011000001000101000111100010100001111110010001101000010010000111000000110111010100001001000011000111011101011
10001010110111001101101000111110111011100110100000111010010010111011010100010010110000010001001100011110001010000111111001000110100001001000010000001101110101000010010000110001110111010111
00010101101110011011010001111101110111001101001001110100100101110110101000100101100000100010000110001111000101000011111100100011010000100100000000011011101010000100100001100011101110101111
00101011011100110110100011111011101110011010010011101001001011101101010001001011000001000100000011000111100010100001111110010001101000010010000000110111010100001001000011000111011101011110
01010110111001101101000111110111011100110100100111010010010111011010100010010110000010001000000001100011110001010000111111001000110100001001000001101110101000010010000110001110111010111100
10101101110011011010001111101110111001101001000110100100101110110101000100101100000100010000010000110001111000101000011111100100011010000100100011011101010000100100001100011101110101111000
01011011100110110100011111011101110011010010001101001001011101101010001001011000001000100000111000011000111100010100001111110010001101000010000110111010100001001000011000111011101011110000
10110111001101101000111110111011100110100100010010010010111011010100010010110000010001000001110100001100011110001010000111111001000110100001001101110101000010010000110001110111010111100000
01101110011011010001111101110111001101001000101100100101110110101000100101100000100010000011100010000110001111000101000011111100100011010000111011101010000100100001100011101110101111000000
11011100110110100011111011101110011010010001010001001011101101010001001011000001000100000111011001000011000111100010100001111110010001101000010111010100001001000011000111011101011110000001
10111001101101000111110111011100110100100010101010010111011010100010010110000010001000001110100100100001100011110001010000111111001000110100001110101000010010000110001110111010111100000011
01110011011010001111101110111001101001000101011100101110110101000100101100000100010000011101000010010000110001111000101000011111100100011010011101010000100100001100011101110101111000000110
11100110110100011111011101110011010010001010110001011101101010001001011000001000100000111010010001001000011000111100010100001111110010001101011010100001001000011000111011101011110000001101
11001101101000111110111011100110100100010101101010111011010100010010110000010001000001110100100000100100001100011110001010000111111001000110110101000010010000110001110111010111100000011011
10011011010001111101110111001101001000101011011101110110101000100101100000100010000011101001001000010010000110001111000101000011111100100011001010000100100001100011101110101111000000110111
00110110100011111011101110011010010001010110111011101101010001001011000001000100000111010010010100001001000011000111100010100001111110010001110100001001000011000111011101011110000001101110
01101101000111110111011111001011011101010010001111011010100010010110011101110111110001011011001011110110111100111000100010100001111110010001010100001001000011000111100010100001111110010001
11011010001111101110111110010110111010100100010110110101000100101100111011101111100010110110010111101101111001110001000101000011111100100010111010000100100001100011110001010000111111001000
10110100011111011101111100101101110101001000101101101010001001011001110111011111000101101100111111011011110011100010001010000111111001000101001101000010010000110001111000101000011111100100
01101000111110111011111001011011101010010001011011010100010010110011101110111110001011011001111110110111100111000100010100001111110010001010100110100001001000011000111100010100001111110010
11010001111101110111110010110111010100100010110110101000100101100111011101111100010110110011101101101111001110001000101000011111100100010101100011010000100100001100011110001010000111111001
10100011111011101111100101101110101001000101101101010001001011001110111011111000101101100111011011011110011100010001010000111111001000101011110001101000010010000110001111000101000011111100
01000111110111011111001011011101010010001011011010100010010110011101110111110001011011001110110110111100111000100010100001111110010001010111101000110100001001000011000111100010100001111110
10001111101110111110010110111010100100010110110101000100101100111011101111100010110110011101101101111001110001000101000011111100100010101111000100011010000100100001100011110001010000111111
00011111011101111100101101110101001000101101101010001001011001110111011111000101101100111011011011110011100010001010000111111001000101011110110010001101000010010000110001111000101000011111
00111110111011111001011011101010010001011011010100010010110011101110111110001011011001110110100111100111000100010100001111110010001010111101111001000110100001001000011000111100010100001111
01111101110111110010110111010100100010110110100000100101100111011101111100010110110011101101011111001110001000101000011111100100010101111011011100100011010000100100001100011110001010000111
11111011101111100101101110101001000101101101000001001011001110111011111000101101100111011010101110011100010001010000111111001000101011110110111110010001101000010010000110001111000101000011
11110111011111001011011101010010001011011010001010010110011101110111110001011011001110110101001100111000100010100001111110010001010111101101111111001000110100001001000011000111100010100001
11101110111110010110111010100100010110110100011100101100111011101111100010110110011101101010001001110001000101000011111100100010101111011011111111100100011010000100100001100011110001010000
11011101111100101101110101001000101101101000111001011001110111011111000101101100111011010100010011100010001010000111111001000101011110110111101111110010001101000010010000110001111000101000
10111011111001011011101010010001011011010001111010110011101110111110001011011001110110101000100111000100010100001111110010001010111101101111000111111001000110100001001000011000111100010100
01110111110010110111010100100010110110100011111101100111011101111100010110110011101101010001001110001000101000011111100100010101111011011110000011111100100011010000100100001100011110001010
11101111100101101110101001000101101101000111110011001110111011111000101101100111011010100010011100010001010000111111001000101011110110111100100001111110010001101000010010000110001111000101
11011111001011011101010010001011011010001111101110011101110111110001011011001110110101000100101000100010100001111110010001010111101101111001110000111111001000110100001001000011000111100010
10111110010110111010100100010110110100011111011100111011101111100010110110011101101010001001010001000101000011111100100010101111011011110011101000011111100100011010000100100001100011110001
01111100101101110101001000101101101000111110111001110111011111000101101100111011010100010010110010001010000111111001000101011110110111100111010100001111110010001101000010010000110001111000
11111001011011101010010001011011010001111101110011101110111110001011011001110110101000100101100100010100001111110010001010111101101111001110001010000111111001000110100001001000011000111100
11110010110111010100100010110110100011111011101111011101111100010110110011101101010001001011001000101000011111100100010101111011011110011100000101000011111100100011010000100100001100011110
11100101101110101001000101101101000111110111011110111011111000101101100111011010100010010110010001010000111111001000101011110110111100111000100010100001111110010001101000010010000110001111
11001011011101010010001011011010001111101110111101110111110001011011001110110101000100101100110010100001111110010001010111101101111001110001010001010000111111001000110100001001000011000111
10010110111010100100010110110100011111011101111011101111100010110110011101101010001001011001110101000011111100100010101111011011110011100010011000101000011111100100011010000100100001100011
00101101110101001000101101101000111110111011111111011111000101101100111011010100010010110011101010000111111001000101011110110111100111000100011100010100001111110010001101000010010000110001
01011011101010010001011011010001111101110111110110111110001011011001110110101000100101100111010100001111110010001010111101101111001110001000111110001010000111111001000110100001001000011000
10110111010100100010110110100011111011101111100101111100010110110011101101010001001011001110111000011111100100010101111011011110011100010001001111000101000011111100100011010000100100001100
01101110101001000101101101000111110111011111001011111000101101100111011010100010010110011101110000111111001000101011110110111100111000100010100111100010100001111110010001101000010010000110
11011101010010001011011010001111101110111110010111110001011011001110110101000100101100111011100001111110010001010111101101111001110001000101000011110001010000111111001000110100001001000011
10111010100100010110110100011111011101111100101111100010110110011101101010001001011001110111010011111100100010101111011011110011100010001010010001111000101000011111100100011010000100100001
01110101001000101101101000111110111011111001011111000101101100111011010100010010110011101110110111111001000101011110110111100111000100010100011000111100010100001111110010001101000010010000
11101010010001011011010001111101110111110010110110001011011001110110101000100101100111011101111111110010001010111101101111001110001000101000001100011110001010000111111001000110100001001000
11010100100010110110100011111011101111100101101100010110110011101101010001001011001110111011111111100100010101111011011110011100010001010000100110001111000101000011111100100011010000100100
10101001000101101101000111110111011111001011011000101101100111011010100010010110011101110111111111001000101011110110111100111000100010100001100011000111100010100001111110010001101000010010
01010010001011011010001111101110111110010110111001011011001110110101000100101100111011101111101110010001010111101101111001110001000101000011100001100011110001010000111111001000110100001001
10100100010110110100011111011101111100101101110010110110011101101010001001011001110111011111001100100010101111011011110011100010001010000111110000110001111000101000011111100100011010000100
01001000101101101000111110111011111001011011101101101100111011010100010010110011101110111110001001000101011110110111100111000100010100001111101000011000111100010100001111110010001101000010
10010001011011010001111101110111110010110111010011011001110110101000100101100111011101111100010010001010111101101111001110001000101000011111100100001100011110001010000111111001000110100001
00100010110110100011111011101111100101101110101110110011101101010001001011001110111011111000100100010101111011011110011100010001010000111111010010000110001111000101000011111100100011010000
01000101101101000111110111011111001011011101010101100111011010100010010110011101110111110001011000101011110110111100111000100010100001111110001001000011000111100010100001111110010001101000
10001011011010001111101110111110010110111010100011001110110101000100101100111011101111100010110001010111101101111001110001000101000011111100100100100001100011110001010000111111001000110100
00010110110100011111011101111100101101110101001110011101101010001001011001110111011111000101100010101111011011110011100010001010000111111001000010010000110001111000101000011111100100011010
00101101101000111110111011111001011011101010010100111011010100010010110011101110111110001011010101011110110111100111000100010100001111110010000001001000011000111100010100001111110010001101
01011011010001111101110111110010110111010100100001110110101000100101100111011101111100010110111010111101101111001110001000101000011111100100010000100100001100011110001010000111111001000110
10110110100011111011101111100101101110101001000011101101010001001011001110111011111000101101100101111011011110011100010001010000111111001000101000010010000110001111000101000011111100100011
