0111111111111111111111111111111111111111111111111111111111111111111111111111111101111111111111111111111111111111111111111111111111111111111111111111111111111111
0011011001111010010111111011000011000101010101110011110010000001011010000110010000110110011110100101111110110000110001010101011100111100100000010110100001100100
0001101100111101001011111101100001100010101010111001111001000000101101000011001000011011001111010010111111011000011000101010101110011110010000001011010000110010
0000110110011110100101111110110000110001010101011100111100100000010110100001100100001101100111101001011111101100001100010101010111001111001000000101101000011001
0100011011001111010010111111011000011000101010101110011110010000001011010000110001000110110011110100101111110110000110001010101011100111100100000010110100001100
0010001101100111101001011111101100001100010101010111001111001000000101101000011000100011011001111010010111111011000011000101010101110011110010000001011010000110
0001000110110011110100101111110110000110001010101011100111100100000010110100001100010001101100111101001011111101100001100010101010111001111001000000101101000011
0100100011011001111010010111111011000011000101010101110011110010000001011010000101001000110110011110100101111110110000110001010101011100111100100000010110100001
0110010001101100111101001011111101100001100010101010111001111001000000101101000001100100011011001111010010111111011000011000101010101110011110010000001011010000
0011001000110110011110100101111110110000110001010101011100111100100000010110100000110010001101100111101001011111101100001100010101010111001111001000000101101000
0001100100011011001111010010111111011000011000101010101110011110010000001011010000011001000110110011110100101111110110000110001010101011100111100100000010110100
0000110010001101100111101001011111101100001100010101010111001111001000000101101000001100100011011001111010010111111011000011000101010101110011110010000001011010
0000011001000110110011110100101111110110000110001010101011100111100100000010110100000110010001101100111101001011111101100001100010101010111001111001000000101101
0100001100100011011001111010010111111011000011000101010101110011110010000001011001000011001000110110011110100101111110110000110001010101011100111100100000010110
0010000110010001101100111101001011111101100001100010101010111001111001000000101100100001100100011011001111010010111111011000011000101010101110011110010000001011
0101000011001000110110011110100101111110110000110001010101011100111100100000010101010000110010001101100111101001011111101100001100010101010111001111001000000101
0110100001100100011011001111010010111111011000011000101010101110011110010000001001101000011001000110110011110100101111110110000110001010101011100111100100000010
0011010000110010001101100111101001011111101100001100010101010111001111001000000100110100001100100011011001111010010111111011000011000101010101110011110010000001
0101101000011001000110110011110100101111110110000110001010101011100111100100000001011010000110010001101100111101001011111101100001100010101010111001111001000000
0010110100001100100011011001111010010111111011000011000101010101110011110010000000101101000011001000110110011110100101111110110000110001010101011100111100100000
0001011010000110010001101100111101001011111101100001100010101010111001111001000000010110100001100100011011001111010010111111011000011000101010101110011110010000
0000101101000011001000110110011110100101111110110000110001010101011100111100100000001011010000110010001101100111101001011111101100001100010101010111001111001000
0000010110100001100100011011001111010010111111011000011000101010101110011110010000000101101000011001000110110011110100101111110110000110001010101011100111100100
0000001011010000110010001101100111101001011111101100001100010101010111001111001000000010110100001100100011011001111010010111111011000011000101010101110011110010
0000000101101000011001000110110011110100101111110110000110001010101011100111100100000001011010000110010001101100111101001011111101100001100010101010111001111001
0100000010110100001100100011011001111010010111111011000011000101010101110011110001000000101101000011001000110110011110100101111110110000110001010101011100111100
0010000001011010000110010001101100111101001011111101100001100010101010111001111000100000010110100001100100011011001111010010111111011000011000101010101110011110
0001000000101101000011001000110110011110100101111110110000110001010101011100111100010000001011010000110010001101100111101001011111101100001100010101010111001111
0100100000010110100001100100011011001111010010111111011000011000101010101110011101001000000101101000011001000110110011110100101111110110000110001010101011100111
0110010000001011010000110010001101100111101001011111101100001100010101010111001101100100000010110100001100100011011001111010010111111011000011000101010101110011
0111001000000101101000011001000110110011110100101111110110000110001010101011100101110010000001011010000110010001101100111101001011111101100001100010101010111001
0111100100000010110100001100100011011001111010010111111011000011000101010101110001111001000000101101000011001000110110011110100101111110110000110001010101011100
0011110010000001011010000110010001101100111101001011111101100001100010101010111000111100100000010110100001100100011011001111010010111111011000011000101010101110
0001111001000000101101000011001000110110011110100101111110110000110001010101011100011110010000001011010000110010001101100111101001011111101100001100010101010111
0100111100100000010110100001100100011011001111010010111111011000011000101010101101001111001000000101101000011001000110110011110100101111110110000110001010101011
0110011110010000001011010000110010001101100111101001011111101100001100010101010101100111100100000010110100001100100011011001111010010111111011000011000101010101
0111001111001000000101101000011001000110110011110100101111110110000110001010101001110011110010000001011010000110010001101100111101001011111101100001100010101010
0011100111100100000010110100001100100011011001111010010111111011000011000101010100111001111001000000101101000011001000110110011110100101111110110000110001010101
0101110011110010000001011010000110010001101100111101001011111101100001100010101001011100111100100000010110100001100100011011001111010010111111011000011000101010
0010111001111001000000101101000011001000110110011110100101111110110000110001010100101110011110010000001011010000110010001101100111101001011111101100001100010101
0101011100111100100000010110100001100100011011001111010010111111011000011000101001010111001111001000000101101000011001000110110011110100101111110110000110001010
0010101110011110010000001011010000110010001101100111101001011111101100001100010100101011100111100100000010110100001100100011011001111010010111111011000011000101
0101010111001111001000000101101000011001000110110011110100101111110110000110001001010101110011110010000001011010000110010001101100111101001011111101100001100010
0010101011100111100100000010110100001100100011011001111010010111111011000011000100101010111001111001000000101101000011001000110110011110100101111110110000110001
0101010101110011110010000001011010000110010001101100111101001011111101100001100001010101011100111100100000010110100001100100011011001111010010111111011000011000
0010101010111001111001000000101101000011001000110110011110100101111110110000110000101010101110011110010000001011010000110010001101100111101001011111101100001100
0001010101011100111100100000010110100001100100011011001111010010111111011000011000010101010111001111001000000101101000011001000110110011110100101111110110000110
0000101010101110011110010000001011010000110010001101100111101001011111101100001100001010101011100111100100000010110100001100100011011001111010010111111011000011
0100010101010111001111001000000101101000011001000110110011110100101111110110000101000101010101110011110010000001011010000110010001101100111101001011111101100001
0110001010101011100111100100000010110100001100100011011001111010010111111011000001100010101010111001111001000000101101000011001000110110011110100101111110110000
0011000101010101110011110010000001011010000110010001101100111101001011111101100000110001010101011100111100100000010110100001100100011011001111010010111111011000
0001100010101010111001111001000000101101000011001000110110011110100101111110110000011000101010101110011110010000001011010000110010001101100111101001011111101100
0000110001010101011100111100100000010110100001100100011011001111010010111111011000001100010101010111001111001000000101101000011001000110110011110100101111110110
0000011000101010101110011110010000001011010000110010001101100111101001011111101100000110001010101011100111100100000010110100001100100011011001111010010111111011
0100001100010101010111001111001000000101101000011001000110110011110100101111110101000011000101010101110011110010000001011010000110010001101100111101001011111101
0110000110001010101011100111100100000010110100001100100011011001111010010111111001100001100010101010111001111001000000101101000011001000110110011110100101111110
0011000011000101010101110011110010000001011010000110010001101100111101001011111100110000110001010101011100111100100000010110100001100100011011001111010010111111
0101100001100010101010111001111001000000101101000011001000110110011110100101111101011000011000101010101110011110010000001011010000110010001101100111101001011111
0110110000110001010101011100111100100000010110100001100100011011001111010010111101101100001100010101010111001111001000000101101000011001000110110011110100101111
0111011000011000101010101110011110010000001011010000110010001101100111101001011101110110000110001010101011100111100100000010110100001100100011011001111010010111
0111101100001100010101010111001111001000000101101000011001000110110011110100101101111011000011000101010101110011110010000001011010000110010001101100111101001011
0111110110000110001010101011100111100100000010110100001100100011011001111010010101111101100001100010101010111001111001000000101101000011001000110110011110100101
0111111011000011000101010101110011110010000001011010000110010001101100111101001001111110110000110001010101011100111100100000010110100001100100011011001111010010
0011111101100001100010101010111001111001000000101101000011001000110110011110100100111111011000011000101010101110011110010000001011010000110010001101100111101001
0101111110110000110001010101011100111100100000010110100001100100011011001111010001011111101100001100010101010111001111001000000101101000011001000110110011110100
0010111111011000011000101010101110011110010000001011010000110010001101100111101000101111110110000110001010101011100111100100000010110100001100100011011001111010
0001011111101100001100010101010111001111001000000101101000011001000110110011110100010111111011000011000101010101110011110010000001011010000110010001101100111101
0100101111110110000110001010101011100111100100000010110100001100100011011001111001001011111101100001100010101010111001111001000000101101000011001000110110011110
0010010111111011000011000101010101110011110010000001011010000110010001101100111100100101111110110000110001010101011100111100100000010110100001100100011011001111
0101001011111101100001100010101010111001111001000000101101000011001000110110011101010010111111011000011000101010101110011110010000001011010000110010001101100111
0110100101111110110000110001010101011100111100100000010110100001100100011011001101101001011111101100001100010101010111001111001000000101101000011001000110110011
0111010010111111011000011000101010101110011110010000001011010000110010001101100101110100101111110110000110001010101011100111100100000010110100001100100011011001
0111101001011111101100001100010101010111001111001000000101101000011001000110110001111010010111111011000011000101010101110011110010000001011010000110010001101100
0011110100101111110110000110001010101011100111100100000010110100001100100011011000111101001011111101100001100010101010111001111001000000101101000011001000110110
0001111010010111111011000011000101010101110011110010000001011010000110010001101100011110100101111110110000110001010101011100111100100000010110100001100100011011
0100111101001011111101100001100010101010111001111001000000101101000011001000110101001111010010111111011000011000101010101110011110010000001011010000110010001101
0110011110100101111110110000110001010101011100111100100000010110100001100100011001100111101001011111101100001100010101010111001111001000000101101000011001000110
0011001111010010111111011000011000101010101110011110010000001011010000110010001100110011110100101111110110000110001010101011100111100100000010110100001100100011
0101100111101001011111101100001100010101010111001111001000000101101000011001000101011001111010010111111011000011000101010101110011110010000001011010000110010001
0110110011110100101111110110000110001010101011100111100100000010110100001100100001101100111101001011111101100001100010101010111001111001000000101101000011001000
0111111111111111111111111111111111111111111111111111111111111111111111111111111110000000000000000000000000000000000000000000000000000000000000000000000000000000
0011011001111010010111111011000011000101010101110011110010000001011010000110010011001001100001011010000001001111001110101010100011000011011111101001011110011011
0001101100111101001011111101100001100010101010111001111001000000101101000011001011100100110000101101000000100111100111010101010001100001101111110100101111001101
0000110110011110100101111110110000110001010101011100111100100000010110100001100111110010011000010110100000010011110011101010101000110000110111111010010111100110
0100011011001111010010111111011000011000101010101110011110010000001011010000110010111001001100001011010000001001111001110101010100011000011011111101001011110011
0010001101100111101001011111101100001100010101010111001111001000000101101000011011011100100110000101101000000100111100111010101010001100001101111110100101111001
0001000110110011110100101111110110000110001010101011100111100100000010110100001111101110010011000010110100000010011110011101010101000110000110111111010010111100
0100100011011001111010010111111011000011000101010101110011110010000001011010000110110111001001100001011010000001001111001110101010100011000011011111101001011110
0110010001101100111101001011111101100001100010101010111001111001000000101101000010011011100100110000101101000000100111100111010101010001100001101111110100101111
0011001000110110011110100101111110110000110001010101011100111100100000010110100011001101110010011000010110100000010011110011101010101000110000110111111010010111
0001100100011011001111010010111111011000011000101010101110011110010000001011010011100110111001001100001011010000001001111001110101010100011000011011111101001011
0000110010001101100111101001011111101100001100010101010111001111001000000101101011110011011100100110000101101000000100111100111010101010001100001101111110100101
0000011001000110110011110100101111110110000110001010101011100111100100000010110111111001101110010011000010110100000010011110011101010101000110000110111111010010
0100001100100011011001111010010111111011000011000101010101110011110010000001011010111100110111001001100001011010000001001111001110101010100011000011011111101001
0010000110010001101100111101001011111101100001100010101010111001111001000000101111011110011011100100110000101101000000100111100111010101010001100001101111110100
0101000011001000110110011110100101111110110000110001010101011100111100100000010110101111001101110010011000010110100000010011110011101010101000110000110111111010
0110100001100100011011001111010010111111011000011000101010101110011110010000001010010111100110111001001100001011010000001001111001110101010100011000011011111101
0011010000110010001101100111101001011111101100001100010101010111001111001000000111001011110011011100100110000101101000000100111100111010101010001100001101111110
0101101000011001000110110011110100101111110110000110001010101011100111100100000010100101111001101110010011000010110100000010011110011101010101000110000110111111
0010110100001100100011011001111010010111111011000011000101010101110011110010000011010010111100110111001001100001011010000001001111001110101010100011000011011111
0001011010000110010001101100111101001011111101100001100010101010111001111001000011101001011110011011100100110000101101000000100111100111010101010001100001101111
0000101101000011001000110110011110100101111110110000110001010101011100111100100011110100101111001101110010011000010110100000010011110011101010101000110000110111
0000010110100001100100011011001111010010111111011000011000101010101110011110010011111010010111100110111001001100001011010000001001111001110101010100011000011011
0000001011010000110010001101100111101001011111101100001100010101010111001111001011111101001011110011011100100110000101101000000100111100111010101010001100001101
0000000101101000011001000110110011110100101111110110000110001010101011100111100111111110100101111001101110010011000010110100000010011110011101010101000110000110
0100000010110100001100100011011001111010010111111011000011000101010101110011110010111111010010111100110111001001100001011010000001001111001110101010100011000011
0010000001011010000110010001101100111101001011111101100001100010101010111001111011011111101001011110011011100100110000101101000000100111100111010101010001100001
0001000000101101000011001000110110011110100101111110110000110001010101011100111111101111110100101111001101110010011000010110100000010011110011101010101000110000
0100100000010110100001100100011011001111010010111111011000011000101010101110011110110111111010010111100110111001001100001011010000001001111001110101010100011000
0110010000001011010000110010001101100111101001011111101100001100010101010111001110011011111101001011110011011100100110000101101000000100111100111010101010001100
0111001000000101101000011001000110110011110100101111110110000110001010101011100110001101111110100101111001101110010011000010110100000010011110011101010101000110
0111100100000010110100001100100011011001111010010111111011000011000101010101110010000110111111010010111100110111001001100001011010000001001111001110101010100011
0011110010000001011010000110010001101100111101001011111101100001100010101010111011000011011111101001011110011011100100110000101101000000100111100111010101010001
0001111001000000101101000011001000110110011110100101111110110000110001010101011111100001101111110100101111001101110010011000010110100000010011110011101010101000
0100111100100000010110100001100100011011001111010010111111011000011000101010101110110000110111111010010111100110111001001100001011010000001001111001110101010100
0110011110010000001011010000110010001101100111101001011111101100001100010101010110011000011011111101001011110011011100100110000101101000000100111100111010101010
0111001111001000000101101000011001000110110011110100101111110110000110001010101010001100001101111110100101111001101110010011000010110100000010011110011101010101
0011100111100100000010110100001100100011011001111010010111111011000011000101010111000110000110111111010010111100110111001001100001011010000001001111001110101010
0101110011110010000001011010000110010001101100111101001011111101100001100010101010100011000011011111101001011110011011100100110000101101000000100111100111010101
0010111001111001000000101101000011001000110110011110100101111110110000110001010111010001100001101111110100101111001101110010011000010110100000010011110011101010
0101011100111100100000010110100001100100011011001111010010111111011000011000101010101000110000110111111010010111100110111001001100001011010000001001111001110101
0010101110011110010000001011010000110010001101100111101001011111101100001100010111010100011000011011111101001011110011011100100110000101101000000100111100111010
0101010111001111001000000101101000011001000110110011110100101111110110000110001010101010001100001101111110100101111001101110010011000010110100000010011110011101
0010101011100111100100000010110100001100100011011001111010010111111011000011000111010101000110000110111111010010111100110111001001100001011010000001001111001110
0101010101110011110010000001011010000110010001101100111101001011111101100001100010101010100011000011011111101001011110011011100100110000101101000000100111100111
0010101010111001111001000000101101000011001000110110011110100101111110110000110011010101010001100001101111110100101111001101110010011000010110100000010011110011
0001010101011100111100100000010110100001100100011011001111010010111111011000011011101010101000110000110111111010010111100110111001001100001011010000001001111001
0000101010101110011110010000001011010000110010001101100111101001011111101100001111110101010100011000011011111101001011110011011100100110000101101000000100111100
0100010101010111001111001000000101101000011001000110110011110100101111110110000110111010101010001100001101111110100101111001101110010011000010110100000010011110
0110001010101011100111100100000010110100001100100011011001111010010111111011000010011101010101000110000110111111010010111100110111001001100001011010000001001111
0011000101010101110011110010000001011010000110010001101100111101001011111101100011001110101010100011000011011111101001011110011011100100110000101101000000100111
0001100010101010111001111001000000101101000011001000110110011110100101111110110011100111010101010001100001101111110100101111001101110010011000010110100000010011
0000110001010101011100111100100000010110100001100100011011001111010010111111011011110011101010101000110000110111111010010111100110111001001100001011010000001001
0000011000101010101110011110010000001011010000110010001101100111101001011111101111111001110101010100011000011011111101001011110011011100100110000101101000000100
0100001100010101010111001111001000000101101000011001000110110011110100101111110110111100111010101010001100001101111110100101111001101110010011000010110100000010
0110000110001010101011100111100100000010110100001100100011011001111010010111111010011110011101010101000110000110111111010010111100110111001001100001011010000001
0011000011000101010101110011110010000001011010000110010001101100111101001011111111001111001110101010100011000011011111101001011110011011100100110000101101000000
0101100001100010101010111001111001000000101101000011001000110110011110100101111110100111100111010101010001100001101111110100101111001101110010011000010110100000
0110110000110001010101011100111100100000010110100001100100011011001111010010111110010011110011101010101000110000110111111010010111100110111001001100001011010000
0111011000011000101010101110011110010000001011010000110010001101100111101001011110001001111001110101010100011000011011111101001011110011011100100110000101101000
0111101100001100010101010111001111001000000101101000011001000110110011110100101110000100111100111010101010001100001101111110100101111001101110010011000010110100
0111110110000110001010101011100111100100000010110100001100100011011001111010010110000010011110011101010101000110000110111111010010111100110111001001100001011010
0111111011000011000101010101110011110010000001011010000110010001101100111101001010000001001111001110101010100011000011011111101001011110011011100100110000101101
0011111101100001100010101010111001111001000000101101000011001000110110011110100111000000100111100111010101010001100001101111110100101111001101110010011000010110
0101111110110000110001010101011100111100100000010110100001100100011011001111010010100000010011110011101010101000110000110111111010010111100110111001001100001011
0010111111011000011000101010101110011110010000001011010000110010001101100111101011010000001001111001110101010100011000011011111101001011110011011100100110000101
0001011111101100001100010101010111001111001000000101101000011001000110110011110111101000000100111100111010101010001100001101111110100101111001101110010011000010
0100101111110110000110001010101011100111100100000010110100001100100011011001111010110100000010011110011101010101000110000110111111010010111100110111001001100001
0010010111111011000011000101010101110011110010000001011010000110010001101100111111011010000001001111001110101010100011000011011111101001011110011011100100110000
0101001011111101100001100010101010111001111001000000101101000011001000110110011110101101000000100111100111010101010001100001101111110100101111001101110010011000
0110100101111110110000110001010101011100111100100000010110100001100100011011001110010110100000010011110011101010101000110000110111111010010111100110111001001100
0111010010111111011000011000101010101110011110010000001011010000110010001101100110001011010000001001111001110101010100011000011011111101001011110011011100100110
0111101001011111101100001100010101010111001111001000000101101000011001000110110010000101101000000100111100111010101010001100001101111110100101111001101110010011
0011110100101111110110000110001010101011100111100100000010110100001100100011011011000010110100000010011110011101010101000110000110111111010010111100110111001001
0001111010010111111011000011000101010101110011110010000001011010000110010001101111100001011010000001001111001110101010100011000011011111101001011110011011100100
0100111101001011111101100001100010101010111001111001000000101101000011001000110110110000101101000000100111100111010101010001100001101111110100101111001101110010
0110011110100101111110110000110001010101011100111100100000010110100001100100011010011000010110100000010011110011101010101000110000110111111010010111100110111001
0011001111010010111111011000011000101010101110011110010000001011010000110010001111001100001011010000001001111001110101010100011000011011111101001011110011011100
0101100111101001011111101100001100010101010111001111001000000101101000011001000110100110000101101000000100111100111010101010001100001101111110100101111001101110
0110110011110100101111110110000110001010101011100111100100000010110100001100100010010011000010110100000010011110011101010101000110000110111111010010111100110111
1000000000000000000000000000000000000000000000000000000000000000000000000000000010000000000000000000000000000000000000000000000000000000000000000000000000000000
1100100110000101101000000100111100111010101010001100001101111110100101111001101111001001100001011010000001001111001110101010100011000011011111101001011110011011
1110010011000010110100000010011110011101010101000110000110111111010010111100110111100100110000101101000000100111100111010101010001100001101111110100101111001101
1111001001100001011010000001001111001110101010100011000011011111101001011110011011110010011000010110100000010011110011101010101000110000110111111010010111100110
1011100100110000101101000000100111100111010101010001100001101111110100101111001110111001001100001011010000001001111001110101010100011000011011111101001011110011
1101110010011000010110100000010011110011101010101000110000110111111010010111100111011100100110000101101000000100111100111010101010001100001101111110100101111001
1110111001001100001011010000001001111001110101010100011000011011111101001011110011101110010011000010110100000010011110011101010101000110000110111111010010111100
1011011100100110000101101000000100111100111010101010001100001101111110100101111010110111001001100001011010000001001111001110101010100011000011011111101001011110
1001101110010011000010110100000010011110011101010101000110000110111111010010111110011011100100110000101101000000100111100111010101010001100001101111110100101111
1100110111001001100001011010000001001111001110101010100011000011011111101001011111001101110010011000010110100000010011110011101010101000110000110111111010010111
1110011011100100110000101101000000100111100111010101010001100001101111110100101111100110111001001100001011010000001001111001110101010100011000011011111101001011
1111001101110010011000010110100000010011110011101010101000110000110111111010010111110011011100100110000101101000000100111100111010101010001100001101111110100101
1111100110111001001100001011010000001001111001110101010100011000011011111101001011111001101110010011000010110100000010011110011101010101000110000110111111010010
1011110011011100100110000101101000000100111100111010101010001100001101111110100110111100110111001001100001011010000001001111001110101010100011000011011111101001
1101111001101110010011000010110100000010011110011101010101000110000110111111010011011110011011100100110000101101000000100111100111010101010001100001101111110100
1010111100110111001001100001011010000001001111001110101010100011000011011111101010101111001101110010011000010110100000010011110011101010101000110000110111111010
1001011110011011100100110000101101000000100111100111010101010001100001101111110110010111100110111001001100001011010000001001111001110101010100011000011011111101
1100101111001101110010011000010110100000010011110011101010101000110000110111111011001011110011011100100110000101101000000100111100111010101010001100001101111110
1010010111100110111001001100001011010000001001111001110101010100011000011011111110100101111001101110010011000010110100000010011110011101010101000110000110111111
1101001011110011011100100110000101101000000100111100111010101010001100001101111111010010111100110111001001100001011010000001001111001110101010100011000011011111
1110100101111001101110010011000010110100000010011110011101010101000110000110111111101001011110011011100100110000101101000000100111100111010101010001100001101111
1111010010111100110111001001100001011010000001001111001110101010100011000011011111110100101111001101110010011000010110100000010011110011101010101000110000110111
1111101001011110011011100100110000101101000000100111100111010101010001100001101111111010010111100110111001001100001011010000001001111001110101010100011000011011
1111110100101111001101110010011000010110100000010011110011101010101000110000110111111101001011110011011100100110000101101000000100111100111010101010001100001101
1111111010010111100110111001001100001011010000001001111001110101010100011000011011111110100101111001101110010011000010110100000010011110011101010101000110000110
1011111101001011110011011100100110000101101000000100111100111010101010001100001110111111010010111100110111001001100001011010000001001111001110101010100011000011
1101111110100101111001101110010011000010110100000010011110011101010101000110000111011111101001011110011011100100110000101101000000100111100111010101010001100001
1110111111010010111100110111001001100001011010000001001111001110101010100011000011101111110100101111001101110010011000010110100000010011110011101010101000110000
1011011111101001011110011011100100110000101101000000100111100111010101010001100010110111111010010111100110111001001100001011010000001001111001110101010100011000
1001101111110100101111001101110010011000010110100000010011110011101010101000110010011011111101001011110011011100100110000101101000000100111100111010101010001100
1000110111111010010111100110111001001100001011010000001001111001110101010100011010001101111110100101111001101110010011000010110100000010011110011101010101000110
1000011011111101001011110011011100100110000101101000000100111100111010101010001110000110111111010010111100110111001001100001011010000001001111001110101010100011
1100001101111110100101111001101110010011000010110100000010011110011101010101000111000011011111101001011110011011100100110000101101000000100111100111010101010001
1110000110111111010010111100110111001001100001011010000001001111001110101010100011100001101111110100101111001101110010011000010110100000010011110011101010101000
1011000011011111101001011110011011100100110000101101000000100111100111010101010010110000110111111010010111100110111001001100001011010000001001111001110101010100
1001100001101111110100101111001101110010011000010110100000010011110011101010101010011000011011111101001011110011011100100110000101101000000100111100111010101010
1000110000110111111010010111100110111001001100001011010000001001111001110101010110001100001101111110100101111001101110010011000010110100000010011110011101010101
1100011000011011111101001011110011011100100110000101101000000100111100111010101011000110000110111111010010111100110111001001100001011010000001001111001110101010
1010001100001101111110100101111001101110010011000010110100000010011110011101010110100011000011011111101001011110011011100100110000101101000000100111100111010101
1101000110000110111111010010111100110111001001100001011010000001001111001110101011010001100001101111110100101111001101110010011000010110100000010011110011101010
1010100011000011011111101001011110011011100100110000101101000000100111100111010110101000110000110111111010010111100110111001001100001011010000001001111001110101
1101010001100001101111110100101111001101110010011000010110100000010011110011101011010100011000011011111101001011110011011100100110000101101000000100111100111010
1010101000110000110111111010010111100110111001001100001011010000001001111001110110101010001100001101111110100101111001101110010011000010110100000010011110011101
1101010100011000011011111101001011110011011100100110000101101000000100111100111011010101000110000110111111010010111100110111001001100001011010000001001111001110
1010101010001100001101111110100101111001101110010011000010110100000010011110011110101010100011000011011111101001011110011011100100110000101101000000100111100111
1101010101000110000110111111010010111100110111001001100001011010000001001111001111010101010001100001101111110100101111001101110010011000010110100000010011110011
1110101010100011000011011111101001011110011011100100110000101101000000100111100111101010101000110000110111111010010111100110111001001100001011010000001001111001
1111010101010001100001101111110100101111001101110010011000010110100000010011110011110101010100011000011011111101001011110011011100100110000101101000000100111100
1011101010101000110000110111111010010111100110111001001100001011010000001001111010111010101010001100001101111110100101111001101110010011000010110100000010011110
1001110101010100011000011011111101001011110011011100100110000101101000000100111110011101010101000110000110111111010010111100110111001001100001011010000001001111
1100111010101010001100001101111110100101111001101110010011000010110100000010011111001110101010100011000011011111101001011110011011100100110000101101000000100111
1110011101010101000110000110111111010010111100110111001001100001011010000001001111100111010101010001100001101111110100101111001101110010011000010110100000010011
1111001110101010100011000011011111101001011110011011100100110000101101000000100111110011101010101000110000110111111010010111100110111001001100001011010000001001
1111100111010101010001100001101111110100101111001101110010011000010110100000010011111001110101010100011000011011111101001011110011011100100110000101101000000100
1011110011101010101000110000110111111010010111100110111001001100001011010000001010111100111010101010001100001101111110100101111001101110010011000010110100000010
1001111001110101010100011000011011111101001011110011011100100110000101101000000110011110011101010101000110000110111111010010111100110111001001100001011010000001
1100111100111010101010001100001101111110100101111001101110010011000010110100000011001111001110101010100011000011011111101001011110011011100100110000101101000000
1010011110011101010101000110000110111111010010111100110111001001100001011010000010100111100111010101010001100001101111110100101111001101110010011000010110100000
1001001111001110101010100011000011011111101001011110011011100100110000101101000010010011110011101010101000110000110111111010010111100110111001001100001011010000
1000100111100111010101010001100001101111110100101111001101110010011000010110100010001001111001110101010100011000011011111101001011110011011100100110000101101000
1000010011110011101010101000110000110111111010010111100110111001001100001011010010000100111100111010101010001100001101111110100101111001101110010011000010110100
1000001001111001110101010100011000011011111101001011110011011100100110000101101010000010011110011101010101000110000110111111010010111100110111001001100001011010
1000000100111100111010101010001100001101111110100101111001101110010011000010110110000001001111001110101010100011000011011111101001011110011011100100110000101101
1100000010011110011101010101000110000110111111010010111100110111001001100001011011000000100111100111010101010001100001101111110100101111001101110010011000010110
1010000001001111001110101010100011000011011111101001011110011011100100110000101110100000010011110011101010101000110000110111111010010111100110111001001100001011
1101000000100111100111010101010001100001101111110100101111001101110010011000010111010000001001111001110101010100011000011011111101001011110011011100100110000101
1110100000010011110011101010101000110000110111111010010111100110111001001100001011101000000100111100111010101010001100001101111110100101111001101110010011000010
1011010000001001111001110101010100011000011011111101001011110011011100100110000110110100000010011110011101010101000110000110111111010010111100110111001001100001
1101101000000100111100111010101010001100001101111110100101111001101110010011000011011010000001001111001110101010100011000011011111101001011110011011100100110000
1010110100000010011110011101010101000110000110111111010010111100110111001001100010101101000000100111100111010101010001100001101111110100101111001101110010011000
1001011010000001001111001110101010100011000011011111101001011110011011100100110010010110100000010011110011101010101000110000110111111010010111100110111001001100
1000101101000000100111100111010101010001100001101111110100101111001101110010011010001011010000001001111001110101010100011000011011111101001011110011011100100110
1000010110100000010011110011101010101000110000110111111010010111100110111001001110000101101000000100111100111010101010001100001101111110100101111001101110010011
1100001011010000001001111001110101010100011000011011111101001011110011011100100111000010110100000010011110011101010101000110000110111111010010111100110111001001
1110000101101000000100111100111010101010001100001101111110100101111001101110010011100001011010000001001111001110101010100011000011011111101001011110011011100100
1011000010110100000010011110011101010101000110000110111111010010111100110111001010110000101101000000100111100111010101010001100001101111110100101111001101110010
1001100001011010000001001111001110101010100011000011011111101001011110011011100110011000010110100000010011110011101010101000110000110111111010010111100110111001
1100110000101101000000100111100111010101010001100001101111110100101111001101110011001100001011010000001001111001110101010100011000011011111101001011110011011100
1010011000010110100000010011110011101010101000110000110111111010010111100110111010100110000101101000000100111100111010101010001100001101111110100101111001101110
1001001100001011010000001001111001110101010100011000011011111101001011110011011110010011000010110100000010011110011101010101000110000110111111010010111100110111
1000000000000000000000000000000000000000000000000000000000000000000000000000000001111111111111111111111111111111111111111111111111111111111111111111111111111111
1100100110000101101000000100111100111010101010001100001101111110100101111001101100110110011110100101111110110000110001010101011100111100100000010110100001100100
1110010011000010110100000010011110011101010101000110000110111111010010111100110100011011001111010010111111011000011000101010101110011110010000001011010000110010
1111001001100001011010000001001111001110101010100011000011011111101001011110011000001101100111101001011111101100001100010101010111001111001000000101101000011001
1011100100110000101101000000100111100111010101010001100001101111110100101111001101000110110011110100101111110110000110001010101011100111100100000010110100001100
1101110010011000010110100000010011110011101010101000110000110111111010010111100100100011011001111010010111111011000011000101010101110011110010000001011010000110
1110111001001100001011010000001001111001110101010100011000011011111101001011110000010001101100111101001011111101100001100010101010111001111001000000101101000011
1011011100100110000101101000000100111100111010101010001100001101111110100101111001001000110110011110100101111110110000110001010101011100111100100000010110100001
1001101110010011000010110100000010011110011101010101000110000110111111010010111101100100011011001111010010111111011000011000101010101110011110010000001011010000
1100110111001001100001011010000001001111001110101010100011000011011111101001011100110010001101100111101001011111101100001100010101010111001111001000000101101000
1110011011100100110000101101000000100111100111010101010001100001101111110100101100011001000110110011110100101111110110000110001010101011100111100100000010110100
1111001101110010011000010110100000010011110011101010101000110000110111111010010100001100100011011001111010010111111011000011000101010101110011110010000001011010
1111100110111001001100001011010000001001111001110101010100011000011011111101001000000110010001101100111101001011111101100001100010101010111001111001000000101101
1011110011011100100110000101101000000100111100111010101010001100001101111110100101000011001000110110011110100101111110110000110001010101011100111100100000010110
1101111001101110010011000010110100000010011110011101010101000110000110111111010000100001100100011011001111010010111111011000011000101010101110011110010000001011
1010111100110111001001100001011010000001001111001110101010100011000011011111101001010000110010001101100111101001011111101100001100010101010111001111001000000101
1001011110011011100100110000101101000000100111100111010101010001100001101111110101101000011001000110110011110100101111110110000110001010101011100111100100000010
1100101111001101110010011000010110100000010011110011101010101000110000110111111000110100001100100011011001111010010111111011000011000101010101110011110010000001
1010010111100110111001001100001011010000001001111001110101010100011000011011111101011010000110010001101100111101001011111101100001100010101010111001111001000000
1101001011110011011100100110000101101000000100111100111010101010001100001101111100101101000011001000110110011110100101111110110000110001010101011100111100100000
1110100101111001101110010011000010110100000010011110011101010101000110000110111100010110100001100100011011001111010010111111011000011000101010101110011110010000
1111010010111100110111001001100001011010000001001111001110101010100011000011011100001011010000110010001101100111101001011111101100001100010101010111001111001000
1111101001011110011011100100110000101101000000100111100111010101010001100001101100000101101000011001000110110011110100101111110110000110001010101011100111100100
1111110100101111001101110010011000010110100000010011110011101010101000110000110100000010110100001100100011011001111010010111111011000011000101010101110011110010
1111111010010111100110111001001100001011010000001001111001110101010100011000011000000001011010000110010001101100111101001011111101100001100010101010111001111001
1011111101001011110011011100100110000101101000000100111100111010101010001100001101000000101101000011001000110110011110100101111110110000110001010101011100111100
1101111110100101111001101110010011000010110100000010011110011101010101000110000100100000010110100001100100011011001111010010111111011000011000101010101110011110
1110111111010010111100110111001001100001011010000001001111001110101010100011000000010000001011010000110010001101100111101001011111101100001100010101010111001111
1011011111101001011110011011100100110000101101000000100111100111010101010001100001001000000101101000011001000110110011110100101111110110000110001010101011100111
1001101111110100101111001101110010011000010110100000010011110011101010101000110001100100000010110100001100100011011001111010010111111011000011000101010101110011
1000110111111010010111100110111001001100001011010000001001111001110101010100011001110010000001011010000110010001101100111101001011111101100001100010101010111001
1000011011111101001011110011011100100110000101101000000100111100111010101010001101111001000000101101000011001000110110011110100101111110110000110001010101011100
1100001101111110100101111001101110010011000010110100000010011110011101010101000100111100100000010110100001100100011011001111010010111111011000011000101010101110
1110000110111111010010111100110111001001100001011010000001001111001110101010100000011110010000001011010000110010001101100111101001011111101100001100010101010111
1011000011011111101001011110011011100100110000101101000000100111100111010101010001001111001000000101101000011001000110110011110100101111110110000110001010101011
1001100001101111110100101111001101110010011000010110100000010011110011101010101001100111100100000010110100001100100011011001111010010111111011000011000101010101
1000110000110111111010010111100110111001001100001011010000001001111001110101010101110011110010000001011010000110010001101100111101001011111101100001100010101010
1100011000011011111101001011110011011100100110000101101000000100111100111010101000111001111001000000101101000011001000110110011110100101111110110000110001010101
1010001100001101111110100101111001101110010011000010110100000010011110011101010101011100111100100000010110100001100100011011001111010010111111011000011000101010
1101000110000110111111010010111100110111001001100001011010000001001111001110101000101110011110010000001011010000110010001101100111101001011111101100001100010101
1010100011000011011111101001011110011011100100110000101101000000100111100111010101010111001111001000000101101000011001000110110011110100101111110110000110001010
1101010001100001101111110100101111001101110010011000010110100000010011110011101000101011100111100100000010110100001100100011011001111010010111111011000011000101
1010101000110000110111111010010111100110111001001100001011010000001001111001110101010101110011110010000001011010000110010001101100111101001011111101100001100010
1101010100011000011011111101001011110011011100100110000101101000000100111100111000101010111001111001000000101101000011001000110110011110100101111110110000110001
1010101010001100001101111110100101111001101110010011000010110100000010011110011101010101011100111100100000010110100001100100011011001111010010111111011000011000
1101010101000110000110111111010010111100110111001001100001011010000001001111001100101010101110011110010000001011010000110010001101100111101001011111101100001100
1110101010100011000011011111101001011110011011100100110000101101000000100111100100010101010111001111001000000101101000011001000110110011110100101111110110000110
1111010101010001100001101111110100101111001101110010011000010110100000010011110000001010101011100111100100000010110100001100100011011001111010010111111011000011
1011101010101000110000110111111010010111100110111001001100001011010000001001111001000101010101110011110010000001011010000110010001101100111101001011111101100001
1001110101010100011000011011111101001011110011011100100110000101101000000100111101100010101010111001111001000000101101000011001000110110011110100101111110110000
1100111010101010001100001101111110100101111001101110010011000010110100000010011100110001010101011100111100100000010110100001100100011011001111010010111111011000
1110011101010101000110000110111111010010111100110111001001100001011010000001001100011000101010101110011110010000001011010000110010001101100111101001011111101100
1111001110101010100011000011011111101001011110011011100100110000101101000000100100001100010101010111001111001000000101101000011001000110110011110100101111110110
1111100111010101010001100001101111110100101111001101110010011000010110100000010000000110001010101011100111100100000010110100001100100011011001111010010111111011
1011110011101010101000110000110111111010010111100110111001001100001011010000001001000011000101010101110011110010000001011010000110010001101100111101001011111101
1001111001110101010100011000011011111101001011110011011100100110000101101000000101100001100010101010111001111001000000101101000011001000110110011110100101111110
1100111100111010101010001100001101111110100101111001101110010011000010110100000000110000110001010101011100111100100000010110100001100100011011001111010010111111
1010011110011101010101000110000110111111010010111100110111001001100001011010000001011000011000101010101110011110010000001011010000110010001101100111101001011111
1001001111001110101010100011000011011111101001011110011011100100110000101101000001101100001100010101010111001111001000000101101000011001000110110011110100101111
1000100111100111010101010001100001101111110100101111001101110010011000010110100001110110000110001010101011100111100100000010110100001100100011011001111010010111
1000010011110011101010101000110000110111111010010111100110111001001100001011010001111011000011000101010101110011110010000001011010000110010001101100111101001011
1000001001111001110101010100011000011011111101001011110011011100100110000101101001111101100001100010101010111001111001000000101101000011001000110110011110100101
1000000100111100111010101010001100001101111110100101111001101110010011000010110101111110110000110001010101011100111100100000010110100001100100011011001111010010
1100000010011110011101010101000110000110111111010010111100110111001001100001011000111111011000011000101010101110011110010000001011010000110010001101100111101001
1010000001001111001110101010100011000011011111101001011110011011100100110000101101011111101100001100010101010111001111001000000101101000011001000110110011110100
1101000000100111100111010101010001100001101111110100101111001101110010011000010100101111110110000110001010101011100111100100000010110100001100100011011001111010
1110100000010011110011101010101000110000110111111010010111100110111001001100001000010111111011000011000101010101110011110010000001011010000110010001101100111101
1011010000001001111001110101010100011000011011111101001011110011011100100110000101001011111101100001100010101010111001111001000000101101000011001000110110011110
1101101000000100111100111010101010001100001101111110100101111001101110010011000000100101111110110000110001010101011100111100100000010110100001100100011011001111
1010110100000010011110011101010101000110000110111111010010111100110111001001100001010010111111011000011000101010101110011110010000001011010000110010001101100111
1001011010000001001111001110101010100011000011011111101001011110011011100100110001101001011111101100001100010101010111001111001000000101101000011001000110110011
1000101101000000100111100111010101010001100001101111110100101111001101110010011001110100101111110110000110001010101011100111100100000010110100001100100011011001
1000010110100000010011110011101010101000110000110111111010010111100110111001001101111010010111111011000011000101010101110011110010000001011010000110010001101100
1100001011010000001001111001110101010100011000011011111101001011110011011100100100111101001011111101100001100010101010111001111001000000101101000011001000110110
1110000101101000000100111100111010101010001100001101111110100101111001101110010000011110100101111110110000110001010101011100111100100000010110100001100100011011
1011000010110100000010011110011101010101000110000110111111010010111100110111001001001111010010111111011000011000101010101110011110010000001011010000110010001101
1001100001011010000001001111001110101010100011000011011111101001011110011011100101100111101001011111101100001100010101010111001111001000000101101000011001000110
1100110000101101000000100111100111010101010001100001101111110100101111001101110000110011110100101111110110000110001010101011100111100100000010110100001100100011
1010011000010110100000010011110011101010101000110000110111111010010111100110111001011001111010010111111011000011000101010101110011110010000001011010000110010001
1001001100001011010000001001111001110101010100011000011011111101001011110011011101101100111101001011111101100001100010101010111001111001000000101101000011001000
