011111111111111111111111111111111111111111111111111111111111111111111111111111111111111111111111111111111111111111111111111111111111111111111111111111111111111111111111111111111111
001011100010011111101101001010101000010010011011111011000110111001111101000111100111101011100010100001100001110100000110001001110010000010011011011110101010110100100000011011100010
000101110001001111110110100101010100001001001101111101100011011100111110100011110011110101110001010000110000111010000011000100111001000001001101101111010101011010010000001101110001
010010111000100111111011010010101010000100100110111110110001101110011111010001111001111010111000101000011000011101000001100010011100100000100110110111101010101101001000000110111000
001001011100010011111101101001010101000010010011011111011000110111001111101000111100111101011100010100001100001110100000110001001110010000010011011011110101010110100100000011011100
000100101110001001111110110100101010100001001001101111101100011011100111110100011110011110101110001010000110000111010000011000100111001000001001101101111010101011010010000001101110
000010010111000100111111011010010101010000100100110111110110001101110011111010001111001111010111000101000011000011101000001100010011100100000100110110111101010101101001000000110111
010001001011100010011111101101001010101000010010011011111011000110111001111101000111100111101011100010100001100001110100000110001001110010000010011011011110101010110100100000011011
011000100101110001001111110110100101010100001001001101111101100011011100111110100011110011110101110001010000110000111010000011000100111001000001001101101111010101011010010000001101
011100010010111000100111111011010010101010000100100110111110110001101110011111010001111001111010111000101000011000011101000001100010011100100000100110110111101010101101001000000110
001110001001011100010011111101101001010101000010010011011111011000110111001111101000111100111101011100010100001100001110100000110001001110010000010011011011110101010110100100000011
010111000100101110001001111110110100101010100001001001101111101100011011100111110100011110011110101110001010000110000111010000011000100111001000001001101101111010101011010010000001
011011100010010111000100111111011010010101010000100100110111110110001101110011111010001111001111010111000101000011000011101000001100010011100100000100110110111101010101101001000000
001101110001001011100010011111101101001010101000010010011011111011000110111001111101000111100111101011100010100001100001110100000110001001110010000010011011011110101010110100100000
000110111000100101110001001111110110100101010100001001001101111101100011011100111110100011110011110101110001010000110000111010000011000100111001000001001101101111010101011010010000
000011011100010010111000100111111011010010101010000100100110111110110001101110011111010001111001111010111000101000011000011101000001100010011100100000100110110111101010101101001000
000001101110001001011100010011111101101001010101000010010011011111011000110111001111101000111100111101011100010100001100001110100000110001001110010000010011011011110101010110100100
000000110111000100101110001001111110110100101010100001001001101111101100011011100111110100011110011110101110001010000110000111010000011000100111001000001001101101111010101011010010
000000011011100010010111000100111111011010010101010000100100110111110110001101110011111010001111001111010111000101000011000011101000001100010011100100000100110110111101010101101001
010000001101110001001011100010011111101101001010101000010010011011111011000110111001111101000111100111101011100010100001100001110100000110001001110010000010011011011110101010110100
001000000110111000100101110001001111110110100101010100001001001101111101100011011100111110100011110011110101110001010000110000111010000011000100111001000001001101101111010101011010
000100000011011100010010111000100111111011010010101010000100100110111110110001101110011111010001111001111010111000101000011000011101000001100010011100100000100110110111101010101101
010010000001101110001001011100010011111101101001010101000010010011011111011000110111001111101000111100111101011100010100001100001110100000110001001110010000010011011011110101010110
001001000000110111000100101110001001111110110100101010100001001001101111101100011011100111110100011110011110101110001010000110000111010000011000100111001000001001101101111010101011
010100100000011011100010010111000100111111011010010101010000100100110111110110001101110011111010001111001111010111000101000011000011101000001100010011100100000100110110111101010101
011010010000001101110001001011100010011111101101001010101000010010011011111011000110111001111101000111100111101011100010100001100001110100000110001001110010000010011011011110101010
001101001000000110111000100101110001001111110110100101010100001001001101111101100011011100111110100011110011110101110001010000110000111010000011000100111001000001001101101111010101
010110100100000011011100010010111000100111111011010010101010000100100110111110110001101110011111010001111001111010111000101000011000011101000001100010011100100000100110110111101010
001011010010000001101110001001011100010011111101101001010101000010010011011111011000110111001111101000111100111101011100010100001100001110100000110001001110010000010011011011110101
010101101001000000110111000100101110001001111110110100101010100001001001101111101100011011100111110100011110011110101110001010000110000111010000011000100111001000001001101101111010
001010110100100000011011100010010111000100111111011010010101010000100100110111110110001101110011111010001111001111010111000101000011000011101000001100010011100100000100110110111101
010101011010010000001101110001001011100010011111101101001010101000010010011011111011000110111001111101000111100111101011100010100001100001110100000110001001110010000010011011011110
001010101101001000000110111000100101110001001111110110100101010100001001001101111101100011011100111110100011110011110101110001010000110000111010000011000100111001000001001101101111
010101010110100100000011011100010010111000100111111011010010101010000100100110111110110001101110011111010001111001111010111000101000011000011101000001100010011100100000100110110111
011010101011010010000001101110001001011100010011111101101001010101000010010011011111011000110111001111101000111100111101011100010100001100001110100000110001001110010000010011011011
011101010101101001000000110111000100101110001001111110110100101010100001001001101111101100011011100111110100011110011110101110001010000110000111010000011000100111001000001001101101
011110101010110100100000011011100010010111000100111111011010010101010000100100110111110110001101110011111010001111001111010111000101000011000011101000001100010011100100000100110110
001111010101011010010000001101110001001011100010011111101101001010101000010010011011111011000110111001111101000111100111101011100010100001100001110100000110001001110010000010011011
010111101010101101001000000110111000100101110001001111110110100101010100001001001101111101100011011100111110100011110011110101110001010000110000111010000011000100111001000001001101
011011110101010110100100000011011100010010111000100111111011010010101010000100100110111110110001101110011111010001111001111010111000101000011000011101000001100010011100100000100110
001101111010101011010010000001101110001001011100010011111101101001010101000010010011011111011000110111001111101000111100111101011100010100001100001110100000110001001110010000010011
010110111101010101101001000000110111000100101110001001111110110100101010100001001001101111101100011011100111110100011110011110101110001010000110000111010000011000100111001000001001
011011011110101010110100100000011011100010010111000100111111011010010101010000100100110111110110001101110011111010001111001111010111000101000011000011101000001100010011100100000100
001101101111010101011010010000001101110001001011100010011111101101001010101000010010011011111011000110111001111101000111100111101011100010100001100001110100000110001001110010000010
000110110111101010101101001000000110111000100101110001001111110110100101010100001001001101111101100011011100111110100011110011110101110001010000110000111010000011000100111001000001
010011011011110101010110100100000011011100010010111000100111111011010010101010000100100110111110110001101110011111010001111001111010111000101000011000011101000001100010011100100000
001001101101111010101011010010000001101110001001011100010011111101101001010101000010010011011111011000110111001111101000111100111101011100010100001100001110100000110001001110010000
000100110110111101010101101001000000110111000100101110001001111110110100101010100001001001101111101100011011100111110100011110011110101110001010000110000111010000011000100111001000
000010011011011110101010110100100000011011100010010111000100111111011010010101010000100100110111110110001101110011111010001111001111010111000101000011000011101000001100010011100100
000001001101101111010101011010010000001101110001001011100010011111101101001010101000010010011011111011000110111001111101000111100111101011100010100001100001110100000110001001110010
000000100110110111101010101101001000000110111000100101110001001111110110100101010100001001001101111101100011011100111110100011110011110101110001010000110000111010000011000100111001
010000010011011011110101010110100100000011011100010010111000100111111011010010101010000100100110111110110001101110011111010001111001111010111000101000011000011101000001100010011100
001000001001101101111010101011010010000001101110001001011100010011111101101001010101000010010011011111011000110111001111101000111100111101011100010100001100001110100000110001001110
000100000100110110111101010101101001000000110111000100101110001001111110110100101010100001001001101111101100011011100111110100011110011110101110001010000110000111010000011000100111
010010000010011011011110101010110100100000011011100010010111000100111111011010010101010000100100110111110110001101110011111010001111001111010111000101000011000011101000001100010011
011001000001001101101111010101011010010000001101110001001011100010011111101101001010101000010010011011111011000110111001111101000111100111101011100010100001100001110100000110001001
011100100000100110110111101010101101001000000110111000100101110001001111110110100101010100001001001101111101100011011100111110100011110011110101110001010000110000111010000011000100
001110010000010011011011110101010110100100000011011100010010111000100111111011010010101010000100100110111110110001101110011111010001111001111010111000101000011000011101000001100010
000111001000001001101101111010101011010010000001101110001001011100010011111101101001010101000010010011011111011000110111001111101000111100111101011100010100001100001110100000110001
010011100100000100110110111101010101101001000000110111000100101110001001111110110100101010100001001001101111101100011011100111110100011110011110101110001010000110000111010000011000
001001110010000010011011011110101010110100100000011011100010010111000100111111011010010101010000100100110111110110001101110011111010001111001111010111000101000011000011101000001100
000100111001000001001101101111010101011010010000001101110001001011100010011111101101001010101000010010011011111011000110111001111101000111100111101011100010100001100001110100000110
000010011100100000100110110111101010101101001000000110111000100101110001001111110110100101010100001001001101111101100011011100111110100011110011110101110001010000110000111010000011
010001001110010000010011011011110101010110100100000011011100010010111000100111111011010010101010000100100110111110110001101110011111010001111001111010111000101000011000011101000001
011000100111001000001001101101111010101011010010000001101110001001011100010011111101101001010101000010010011011111011000110111001111101000111100111101011100010100001100001110100000
001100010011100100000100110110111101010101101001000000110111000100101110001001111110110100101010100001001001101111101100011011100111110100011110011110101110001010000110000111010000
000110001001110010000010011011011110101010110100100000011011100010010111000100111111011010010101010000100100110111110110001101110011111010001111001111010111000101000011000011101000
000011000100111001000001001101101111010101011010010000001101110001001011100010011111101101001010101000010010011011111011000110111001111101000111100111101011100010100001100001110100
000001100010011100100000100110110111101010101101001000000110111000100101110001001111110110100101010100001001001101111101100011011100111110100011110011110101110001010000110000111010
000000110001001110010000010011011011110101010110100100000011011100010010111000100111111011010010101010000100100110111110110001101110011111010001111001111010111000101000011000011101
010000011000100111001000001001101101111010101011010010000001101110001001011100010011111101101001010101000010010011011111011000110111001111101000111100111101011100010100001100001110
001000001100010011100100000100110110111101010101101001000000110111000100101110001001111110110100101010100001001001101111101100011011100111110100011110011110101110001010000110000111
010100000110001001110010000010011011011110101010110100100000011011100010010111000100111111011010010101010000100100110111110110001101110011111010001111001111010111000101000011000011
011010000011000100111001000001001101101111010101011010010000001101110001001011100010011111101101001010101000010010011011111011000110111001111101000111100111101011100010100001100001
011101000001100010011100100000100110110111101010101101001000000110111000100101110001001111110110100101010100001001001101111101100011011100111110100011110011110101110001010000110000
001110100000110001001110010000010011011011110101010110100100000011011100010010111000100111111011010010101010000100100110111110110001101110011111010001111001111010111000101000011000
000111010000011000100111001000001001101101111010101011010010000001101110001001011100010011111101101001010101000010010011011111011000110111001111101000111100111101011100010100001100
000011101000001100010011100100000100110110111101010101101001000000110111000100101110001001111110110100101010100001001001101111101100011011100111110100011110011110101110001010000110
000001110100000110001001110010000010011011011110101010110100100000011011100010010111000100111111011010010101010000100100110111110110001101110011111010001111001111010111000101000011
010000111010000011000100111001000001001101101111010101011010010000001101110001001011100010011111101101001010101000010010011011111011000110111001111101000111100111101011100010100001
011000011101000001100010011100100000100110110111101010101101001000000110111000100101110001001111110110100101010100001001001101111101100011011100111110100011110011110101110001010000
001100001110100000110001001110010000010011011011110101010110100100000011011100010010111000100111111011010010101010000100100110111110110001101110011111010001111001111010111000101000
000110000111010000011000100111001000001001101101111010101011010010000001101110001001011100010011111101101001010101000010010011011111011000110111001111101000111100111101011100010100
000011000011101000001100010011100100000100110110111101010101101001000000110111000100101110001001111110110100101010100001001001101111101100011011100111110100011110011110101110001010
000001100001110100000110001001110010000010011011011110101010110100100000011011100010010111000100111111011010010101010000100100110111110110001101110011111010001111001111010111000101
010000110000111010000011000100111001000001001101101111010101011010010000001101110001001011100010011111101101001010101000010010011011111011000110111001111101000111100111101011100010
001000011000011101000001100010011100100000100110110111101010101101001000000110111000100101110001001111110110100101010100001001001101111101100011011100111110100011110011110101110001
010100001100001110100000110001001110010000010011011011110101010110100100000011011100010010111000100111111011010010101010000100100110111110110001101110011111010001111001111010111000
001010000110000111010000011000100111001000001001101101111010101011010010000001101110001001011100010011111101101001010101000010010011011111011000110111001111101000111100111101011100
000101000011000011101000001100010011100100000100110110111101010101101001000000110111000100101110001001111110110100101010100001001001101111101100011011100111110100011110011110101110
000010100001100001110100000110001001110010000010011011011110101010110100100000011011100010010111000100111111011010010101010000100100110111110110001101110011111010001111001111010111
010001010000110000111010000011000100111001000001001101101111010101011010010000001101110001001011100010011111101101001010101000010010011011111011000110111001111101000111100111101011
011000101000011000011101000001100010011100100000100110110111101010101101001000000110111000100101110001001111110110100101010100001001001101111101100011011100111110100011110011110101
011100010100001100001110100000110001001110010000010011011011110101010110100100000011011100010010111000100111111011010010101010000100100110111110110001101110011111010001111001111010
001110001010000110000111010000011000100111001000001001101101111010101011010010000001101110001001011100010011111101101001010101000010010011011111011000110111001111101000111100111101
010111000101000011000011101000001100010011100100000100110110111101010101101001000000110111000100101110001001111110110100101010100001001001101111101100011011100111110100011110011110
001011100010100001100001110100000110001001110010000010011011011110101010110100100000011011100010010111000100111111011010010101010000100100110111110110001101110011111010001111001111
010101110001010000110000111010000011000100111001000001001101101111010101011010010000001101110001001011100010011111101101001010101000010010011011111011000110111001111101000111100111
011010111000101000011000011101000001100010011100100000100110110111101010101101001000000110111000100101110001001111110110100101010100001001001101111101100011011100111110100011110011
011101011100010100001100001110100000110001001110010000010011011011110101010110100100000011011100010010111000100111111011010010101010000100100110111110110001101110011111010001111001
011110101110001010000110000111010000011000100111001000001001101101111010101011010010000001101110001001011100010011111101101001010101000010010011011111011000110111001111101000111100
001111010111000101000011000011101000001100010011100100000100110110111101010101101001000000110111000100101110001001111110110100101010100001001001101111101100011011100111110100011110
000111101011100010100001100001110100000110001001110010000010011011011110101010110100100000011011100010010111000100111111011010010101010000100100110111110110001101110011111010001111
010011110101110001010000110000111010000011000100111001000001001101101111010101011010010000001101110001001011100010011111101101001010101000010010011011111011000110111001111101000111
011001111010111000101000011000011101000001100010011100100000100110110111101010101101001000000110111000100101110001001111110110100101010100001001001101111101100011011100111110100011
011100111101011100010100001100001110100000110001001110010000010011011011110101010110100100000011011100010010111000100111111011010010101010000100100110111110110001101110011111010001
011110011110101110001010000110000111010000011000100111001000001001101101111010101011010010000001101110001001011100010011111101101001010101000010010011011111011000110111001111101000
001111001111010111000101000011000011101000001100010011100100000100110110111101010101101001000000110111000100101110001001111110110100101010100001001001101111101100011011100111110100
000111100111101011100010100001100001110100000110001001110010000010011011011110101010110100100000011011100010010111000100111111011010010101010000100100110111110110001101110011111010
000011110011110101110001010000110000111010000011000100111001000001001101101111010101011010010000001101110001001011100010011111101101001010101000010010011011111011000110111001111101
010001111001111010111000101000011000011101000001100010011100100000100110110111101010101101001000000110111000100101110001001111110110100101010100001001001101111101100011011100111110
001000111100111101011100010100001100001110100000110001001110010000010011011011110101010110100100000011011100010010111000100111111011010010101010000100100110111110110001101110011111
010100011110011110101110001010000110000111010000011000100111001000001001101101111010101011010010000001101110001001011100010011111101101001010101000010010011011111011000110111001111
011010001111001111010111000101000011000011101000001100010011100100000100110110111101010101101001000000110111000100101110001001111110110100101010100001001001101111101100011011100111
011101000111100111101011100010100001100001110100000110001001110010000010011011011110101010110100100000011011100010010111000100111111011010010101010000100100110111110110001101110011
011110100011110011110101110001010000110000111010000011000100111001000001001101101111010101011010010000001101110001001011100010011111101101001010101000010010011011111011000110111001
011111010001111001111010111000101000011000011101000001100010011100100000100110110111101010101101001000000110111000100101110001001111110110100101010100001001001101111101100011011100
001111101000111100111101011100010100001100001110100000110001001110010000010011011011110101010110100100000011011100010010111000100111111011010010101010000100100110111110110001101110
000111110100011110011110101110001010000110000111010000011000100111001000001001101101111010101011010010000001101110001001011100010011111101101001010101000010010011011111011000110111
010011111010001111001111010111000101000011000011101000001100010011100100000100110110111101010101101001000000110111000100101110001001111110110100101010100001001001101111101100011011
011001111101000111100111101011100010100001100001110100000110001001110010000010011011011110101010110100100000011011100010010111000100111111011010010101010000100100110111110110001101
011100111110100011110011110101110001010000110000111010000011000100111001000001001101101111010101011010010000001101110001001011100010011111101101001010101000010010011011111011000110
001110011111010001111001111010111000101000011000011101000001100010011100100000100110110111101010101101001000000110111000100101110001001111110110100101010100001001001101111101100011
010111001111101000111100111101011100010100001100001110100000110001001110010000010011011011110101010110100100000011011100010010111000100111111011010010101010000100100110111110110001
011011100111110100011110011110101110001010000110000111010000011000100111001000001001101101111010101011010010000001101110001001011100010011111101101001010101000010010011011111011000
001101110011111010001111001111010111000101000011000011101000001100010011100100000100110110111101010101101001000000110111000100101110001001111110110100101010100001001001101111101100
000110111001111101000111100111101011100010100001100001110100000110001001110010000010011011011110101010110100100000011011100010010111000100111111011010010101010000100100110111110110
000011011100111110100011110011110101110001010000110000111010000011000100111001000001001101101111010101011010010000001101110001001011100010011111101101001010101000010010011011111011
010001101110011111010001111001111010111000101000011000011101000001100010011100100000100110110111101010101101001000000110111000100101110001001111110110100101010100001001001101111101
011000110111001111101000111100111101011100010100001100001110100000110001001110010000010011011011110101010110100100000011011100010010111000100111111011010010101010000100100110111110
001100011011100111110100011110011110101110001010000110000111010000011000100111001000001001101101111010101011010010000001101110001001011100010011111101101001010101000010010011011111
010110001101110011111010001111001111010111000101000011000011101000001100010011100100000100110110111101010101101001000000110111000100101110001001111110110100101010100001001001101111
011011000110111001111101000111100111101011100010100001100001110100000110001001110010000010011011011110101010110100100000011011100010010111000100111111011010010101010000100100110111
011101100011011100111110100011110011110101110001010000110000111010000011000100111001000001001101101111010101011010010000001101110001001011100010011111101101001010101000010010011011
011110110001101110011111010001111001111010111000101000011000011101000001100010011100100000100110110111101010101101001000000110111000100101110001001111110110100101010100001001001101
011111011000110111001111101000111100111101011100010100001100001110100000110001001110010000010011011011110101010110100100000011011100010010111000100111111011010010101010000100100110
001111101100011011100111110100011110011110101110001010000110000111010000011000100111001000001001101101111010101011010010000001101110001001011100010011111101101001010101000010010011
010111110110001101110011111010001111001111010111000101000011000011101000001100010011100100000100110110111101010101101001000000110111000100101110001001111110110100101010100001001001
011011111011000110111001111101000111100111101011100010100001100001110100000110001001110010000010011011011110101010110100100000011011100010010111000100111111011010010101010000100100
001101111101100011011100111110100011110011110101110001010000110000111010000011000100111001000001001101101111010101011010010000001101110001001011100010011111101101001010101000010010
000110111110110001101110011111010001111001111010111000101000011000011101000001100010011100100000100110110111101010101101001000000110111000100101110001001111110110100101010100001001
010011011111011000110111001111101000111100111101011100010100001100001110100000110001001110010000010011011011110101010110100100000011011100010010111000100111111011010010101010000100
001001101111101100011011100111110100011110011110101110001010000110000111010000011000100111001000001001101101111010101011010010000001101110001001011100010011111101101001010101000010
000100110111110110001101110011111010001111001111010111000101000011000011101000001100010011100100000100110110111101010101101001000000110111000100101110001001111110110100101010100001
010010011011111011000110111001111101000111100111101011100010100001100001110100000110001001110010000010011011011110101010110100100000011011100010010111000100111111011010010101010000
001001001101111101100011011100111110100011110011110101110001010000110000111010000011000100111001000001001101101111010101011010010000001101110001001011100010011111101101001010101000
000100100110111110110001101110011111010001111001111010111000101000011000011101000001100010011100100000100110110111101010101101001000000110111000100101110001001111110110100101010100
000010010011011111011000110111001111101000111100111101011100010100001100001110100000110001001110010000010011011011110101010110100100000011011100010010111000100111111011010010101010
000001001001101111101100011011100111110100011110011110101110001010000110000111010000011000100111001000001001101101111010101011010010000001101110001001011100010011111101101001010101
010000100100110111110110001101110011111010001111001111010111000101000011000011101000001100010011100100000100110110111101010101101001000000110111000100101110001001111110110100101010
001000010010011011111011000110111001111101000111100111101011100010100001100001110100000110001001110010000010011011011110101010110100100000011011100010010111000100111111011010010101
010100001001001101111101100011011100111110100011110011110101110001010000110000111010000011000100111001000001001101101111010101011010010000001101110001001011100010011111101101001010
001010000100100110111110110001101110011111010001111001111010111000101000011000011101000001100010011100100000100110110111101010101101001000000110111000100101110001001111110110100101
010101000010010011011111011000110111001111101000111100111101011100010100001100001110100000110001001110010000010011011011110101010110100100000011011100010010111000100111111011010010
001010100001001001101111101100011011100111110100011110011110101110001010000110000111010000011000100111001000001001101101111010101011010010000001101110001001011100010011111101101001
010101010000100100110111110110001101110011111010001111001111010111000101000011000011101000001100010011100100000100110110111101010101101001000000110111000100101110001001111110110100
001010101000010010011011111011000110111001111101000111100111101011100010100001100001110100000110001001110010000010011011011110101010110100100000011011100010010111000100111111011010
000101010100001001001101111101100011011100111110100011110011110101110001010000110000111010000011000100111001000001001101101111010101011010010000001101110001001011100010011111101101
010010101010000100100110111110110001101110011111010001111001111010111000101000011000011101000001100010011100100000100110110111101010101101001000000110111000100101110001001111110110
001001010101000010010011011111011000110111001111101000111100111101011100010100001100001110100000110001001110010000010011011011110101010110100100000011011100010010111000100111111011
010100101010100001001001101111101100011011100111110100011110011110101110001010000110000111010000011000100111001000001001101101111010101011010010000001101110001001011100010011111101
011010010101010000100100110111110110001101110011111010001111001111010111000101000011000011101000001100010011100100000100110110111101010101101001000000110111000100101110001001111110
001101001010101000010010011011111011000110111001111101000111100111101011100010100001100001110100000110001001110010000010011011011110101010110100100000011011100010010111000100111111
010110100101010100001001001101111101100011011100111110100011110011110101110001010000110000111010000011000100111001000001001101101111010101011010010000001101110001001011100010011111
011011010010101010000100100110111110110001101110011111010001111001111010111000101000011000011101000001100010011100100000100110110111101010101101001000000110111000100101110001001111
011101101001010101000010010011011111011000110111001111101000111100111101011100010100001100001110100000110001001110010000010011011011110101010110100100000011011100010010111000100111
011110110100101010100001001001101111101100011011100111110100011110011110101110001010000110000111010000011000100111001000001001101101111010101011010010000001101110001001011100010011
011111011010010101010000100100110111110110001101110011111010001111001111010111000101000011000011101000001100010011100100000100110110111101010101101001000000110111000100101110001001
011111101101001010101000010010011011111011000110111001111101000111100111101011100010100001100001110100000110001001110010000010011011011110101010110100100000011011100010010111000100
001111110110100101010100001001001101111101100011011100111110100011110011110101110001010000110000111010000011000100111001000001001101101111010101011010010000001101110001001011100010
000111111011010010101010000100100110111110110001101110011111010001111001111010111000101000011000011101000001100010011100100000100110110111101010101101001000000110111000100101110001
010011111101101001010101000010010011011111011000110111001111101000111100111101011100010100001100001110100000110001001110010000010011011011110101010110100100000011011100010010111000
001001111110110100101010100001001001101111101100011011100111110100011110011110101110001010000110000111010000011000100111001000001001101101111010101011010010000001101110001001011100
000100111111011010010101010000100100110111110110001101110011111010001111001111010111000101000011000011101000001100010011100100000100110110111101010101101001000000110111000100101110
000010011111101101001010101000010010011011111011000110111001111101000111100111101011100010100001100001110100000110001001110010000010011011011110101010110100100000011011100010010111
010001001111110110100101010100001001001101111101100011011100111110100011110011110101110001010000110000111010000011000100111001000001001101101111010101011010010000001101110001001011
011000100111111011010010101010000100100110111110110001101110011111010001111001111010111000101000011000011101000001100010011100100000100110110111101010101101001000000110111000100101
011100010011111101101001010101000010010011011111011000110111001111101000111100111101011100010100001100001110100000110001001110010000010011011011110101010110100100000011011100010010
001110001001111110110100101010100001001001101111101100011011100111110100011110011110101110001010000110000111010000011000100111001000001001101101111010101011010010000001101110001001
010111000100111111011010010101010000100100110111110110001101110011111010001111001111010111000101000011000011101000001100010011100100000100110110111101010101101001000000110111000100
100000000000000000000000000000000000000000000000000000000000000000000000000000000000000000000000000000000000000000000000000000000000000000000000000000000000000000000000000000000000
110100011101100000010010110101010111101101100100000100111001000110000010111000011000010100011101011110011110001011111001110110001101111101100100100001010101001011011111100100011101
111010001110110000001001011010101011110110110010000010011100100011000001011100001100001010001110101111001111000101111100111011000110111110110010010000101010100101101111110010001110
101101000111011000000100101101010101111011011001000001001110010001100000101110000110000101000111010111100111100010111110011101100011011111011001001000010101010010110111111001000111
110110100011101100000010010110101010111101101100100000100111001000110000010111000011000010100011101011110011110001011111001110110001101111101100100100001010101001011011111100100011
111011010001110110000001001011010101011110110110010000010011100100011000001011100001100001010001110101111001111000101111100111011000110111110110010010000101010100101101111110010001
111101101000111011000000100101101010101111011011001000001001110010001100000101110000110000101000111010111100111100010111110011101100011011111011001001000010101010010110111111001000
101110110100011101100000010010110101010111101101100100000100111001000110000010111000011000010100011101011110011110001011111001110110001101111101100100100001010101001011011111100100
100111011010001110110000001001011010101011110110110010000010011100100011000001011100001100001010001110101111001111000101111100111011000110111110110010010000101010100101101111110010
100011101101000111011000000100101101010101111011011001000001001110010001100000101110000110000101000111010111100111100010111110011101100011011111011001001000010101010010110111111001
110001110110100011101100000010010110101010111101101100100000100111001000110000010111000011000010100011101011110011110001011111001110110001101111101100100100001010101001011011111100
101000111011010001110110000001001011010101011110110110010000010011100100011000001011100001100001010001110101111001111000101111100111011000110111110110010010000101010100101101111110
100100011101101000111011000000100101101010101111011011001000001001110010001100000101110000110000101000111010111100111100010111110011101100011011111011001001000010101010010110111111
110010001110110100011101100000010010110101010111101101100100000100111001000110000010111000011000010100011101011110011110001011111001110110001101111101100100100001010101001011011111
111001000111011010001110110000001001011010101011110110110010000010011100100011000001011100001100001010001110101111001111000101111100111011000110111110110010010000101010100101101111
111100100011101101000111011000000100101101010101111011011001000001001110010001100000101110000110000101000111010111100111100010111110011101100011011111011001001000010101010010110111
111110010001110110100011101100000010010110101010111101101100100000100111001000110000010111000011000010100011101011110011110001011111001110110001101111101100100100001010101001011011
111111001000111011010001110110000001001011010101011110110110010000010011100100011000001011100001100001010001110101111001111000101111100111011000110111110110010010000101010100101101
111111100100011101101000111011000000100101101010101111011011001000001001110010001100000101110000110000101000111010111100111100010111110011101100011011111011001001000010101010010110
101111110010001110110100011101100000010010110101010111101101100100000100111001000110000010111000011000010100011101011110011110001011111001110110001101111101100100100001010101001011
110111111001000111011010001110110000001001011010101011110110110010000010011100100011000001011100001100001010001110101111001111000101111100111011000110111110110010010000101010100101
111011111100100011101101000111011000000100101101010101111011011001000001001110010001100000101110000110000101000111010111100111100010111110011101100011011111011001001000010101010010
101101111110010001110110100011101100000010010110101010111101101100100000100111001000110000010111000011000010100011101011110011110001011111001110110001101111101100100100001010101001
110110111111001000111011010001110110000001001011010101011110110110010000010011100100011000001011100001100001010001110101111001111000101111100111011000110111110110010010000101010100
101011011111100100011101101000111011000000100101101010101111011011001000001001110010001100000101110000110000101000111010111100111100010111110011101100011011111011001001000010101010
100101101111110010001110110100011101100000010010110101010111101101100100000100111001000110000010111000011000010100011101011110011110001011111001110110001101111101100100100001010101
110010110111111001000111011010001110110000001001011010101011110110110010000010011100100011000001011100001100001010001110101111001111000101111100111011000110111110110010010000101010
101001011011111100100011101101000111011000000100101101010101111011011001000001001110010001100000101110000110000101000111010111100111100010111110011101100011011111011001001000010101
110100101101111110010001110110100011101100000010010110101010111101101100100000100111001000110000010111000011000010100011101011110011110001011111001110110001101111101100100100001010
101010010110111111001000111011010001110110000001001011010101011110110110010000010011100100011000001011100001100001010001110101111001111000101111100111011000110111110110010010000101
110101001011011111100100011101101000111011000000100101101010101111011011001000001001110010001100000101110000110000101000111010111100111100010111110011101100011011111011001001000010
101010100101101111110010001110110100011101100000010010110101010111101101100100000100111001000110000010111000011000010100011101011110011110001011111001110110001101111101100100100001
110101010010110111111001000111011010001110110000001001011010101011110110110010000010011100100011000001011100001100001010001110101111001111000101111100111011000110111110110010010000
101010101001011011111100100011101101000111011000000100101101010101111011011001000001001110010001100000101110000110000101000111010111100111100010111110011101100011011111011001001000
100101010100101101111110010001110110100011101100000010010110101010111101101100100000100111001000110000010111000011000010100011101011110011110001011111001110110001101111101100100100
100010101010010110111111001000111011010001110110000001001011010101011110110110010000010011100100011000001011100001100001010001110101111001111000101111100111011000110111110110010010
100001010101001011011111100100011101101000111011000000100101101010101111011011001000001001110010001100000101110000110000101000111010111100111100010111110011101100011011111011001001
110000101010100101101111110010001110110100011101100000010010110101010111101101100100000100111001000110000010111000011000010100011101011110011110001011111001110110001101111101100100
101000010101010010110111111001000111011010001110110000001001011010101011110110110010000010011100100011000001011100001100001010001110101111001111000101111100111011000110111110110010
100100001010101001011011111100100011101101000111011000000100101101010101111011011001000001001110010001100000101110000110000101000111010111100111100010111110011101100011011111011001
110010000101010100101101111110010001110110100011101100000010010110101010111101101100100000100111001000110000010111000011000010100011101011110011110001011111001110110001101111101100
101001000010101010010110111111001000111011010001110110000001001011010101011110110110010000010011100100011000001011100001100001010001110101111001111000101111100111011000110111110110
100100100001010101001011011111100100011101101000111011000000100101101010101111011011001000001001110010001100000101110000110000101000111010111100111100010111110011101100011011111011
110010010000101010100101101111110010001110110100011101100000010010110101010111101101100100000100111001000110000010111000011000010100011101011110011110001011111001110110001101111101
111001001000010101010010110111111001000111011010001110110000001001011010101011110110110010000010011100100011000001011100001100001010001110101111001111000101111100111011000110111110
101100100100001010101001011011111100100011101101000111011000000100101101010101111011011001000001001110010001100000101110000110000101000111010111100111100010111110011101100011011111
110110010010000101010100101101111110010001110110100011101100000010010110101010111101101100100000100111001000110000010111000011000010100011101011110011110001011111001110110001101111
111011001001000010101010010110111111001000111011010001110110000001001011010101011110110110010000010011100100011000001011100001100001010001110101111001111000101111100111011000110111
111101100100100001010101001011011111100100011101101000111011000000100101101010101111011011001000001001110010001100000101110000110000101000111010111100111100010111110011101100011011
111110110010010000101010100101101111110010001110110100011101100000010010110101010111101101100100000100111001000110000010111000011000010100011101011110011110001011111001110110001101
111111011001001000010101010010110111111001000111011010001110110000001001011010101011110110110010000010011100100011000001011100001100001010001110101111001111000101111100111011000110
101111101100100100001010101001011011111100100011101101000111011000000100101101010101111011011001000001001110010001100000101110000110000101000111010111100111100010111110011101100011
110111110110010010000101010100101101111110010001110110100011101100000010010110101010111101101100100000100111001000110000010111000011000010100011101011110011110001011111001110110001
111011111011001001000010101010010110111111001000111011010001110110000001001011010101011110110110010000010011100100011000001011100001100001010001110101111001111000101111100111011000
101101111101100100100001010101001011011111100100011101101000111011000000100101101010101111011011001000001001110010001100000101110000110000101000111010111100111100010111110011101100
100110111110110010010000101010100101101111110010001110110100011101100000010010110101010111101101100100000100111001000110000010111000011000010100011101011110011110001011111001110110
100011011111011001001000010101010010110111111001000111011010001110110000001001011010101011110110110010000010011100100011000001011100001100001010001110101111001111000101111100111011
110001101111101100100100001010101001011011111100100011101101000111011000000100101101010101111011011001000001001110010001100000101110000110000101000111010111100111100010111110011101
111000110111110110010010000101010100101101111110010001110110100011101100000010010110101010111101101100100000100111001000110000010111000011000010100011101011110011110001011111001110
101100011011111011001001000010101010010110111111001000111011010001110110000001001011010101011110110110010000010011100100011000001011100001100001010001110101111001111000101111100111
110110001101111101100100100001010101001011011111100100011101101000111011000000100101101010101111011011001000001001110010001100000101110000110000101000111010111100111100010111110011
111011000110111110110010010000101010100101101111110010001110110100011101100000010010110101010111101101100100000100111001000110000010111000011000010100011101011110011110001011111001
111101100011011111011001001000010101010010110111111001000111011010001110110000001001011010101011110110110010000010011100100011000001011100001100001010001110101111001111000101111100
101110110001101111101100100100001010101001011011111100100011101101000111011000000100101101010101111011011001000001001110010001100000101110000110000101000111010111100111100010111110
100111011000110111110110010010000101010100101101111110010001110110100011101100000010010110101010111101101100100000100111001000110000010111000011000010100011101011110011110001011111
110011101100011011111011001001000010101010010110111111001000111011010001110110000001001011010101011110110110010000010011100100011000001011100001100001010001110101111001111000101111
111001110110001101111101100100100001010101001011011111100100011101101000111011000000100101101010101111011011001000001001110010001100000101110000110000101000111010111100111100010111
111100111011000110111110110010010000101010100101101111110010001110110100011101100000010010110101010111101101100100000100111001000110000010111000011000010100011101011110011110001011
111110011101100011011111011001001000010101010010110111111001000111011010001110110000001001011010101011110110110010000010011100100011000001011100001100001010001110101111001111000101
111111001110110001101111101100100100001010101001011011111100100011101101000111011000000100101101010101111011011001000001001110010001100000101110000110000101000111010111100111100010
101111100111011000110111110110010010000101010100101101111110010001110110100011101100000010010110101010111101101100100000100111001000110000010111000011000010100011101011110011110001
110111110011101100011011111011001001000010101010010110111111001000111011010001110110000001001011010101011110110110010000010011100100011000001011100001100001010001110101111001111000
101011111001110110001101111101100100100001010101001011011111100100011101101000111011000000100101101010101111011011001000001001110010001100000101110000110000101000111010111100111100
100101111100111011000110111110110010010000101010100101101111110010001110110100011101100000010010110101010111101101100100000100111001000110000010111000011000010100011101011110011110
100010111110011101100011011111011001001000010101010010110111111001000111011010001110110000001001011010101011110110110010000010011100100011000001011100001100001010001110101111001111
110001011111001110110001101111101100100100001010101001011011111100100011101101000111011000000100101101010101111011011001000001001110010001100000101110000110000101000111010111100111
111000101111100111011000110111110110010010000101010100101101111110010001110110100011101100000010010110101010111101101100100000100111001000110000010111000011000010100011101011110011
111100010111110011101100011011111011001001000010101010010110111111001000111011010001110110000001001011010101011110110110010000010011100100011000001011100001100001010001110101111001
111110001011111001110110001101111101100100100001010101001011011111100100011101101000111011000000100101101010101111011011001000001001110010001100000101110000110000101000111010111100
101111000101111100111011000110111110110010010000101010100101101111110010001110110100011101100000010010110101010111101101100100000100111001000110000010111000011000010100011101011110
100111100010111110011101100011011111011001001000010101010010110111111001000111011010001110110000001001011010101011110110110010000010011100100011000001011100001100001010001110101111
110011110001011111001110110001101111101100100100001010101001011011111100100011101101000111011000000100101101010101111011011001000001001110010001100000101110000110000101000111010111
111001111000101111100111011000110111110110010010000101010100101101111110010001110110100011101100000010010110101010111101101100100000100111001000110000010111000011000010100011101011
111100111100010111110011101100011011111011001001000010101010010110111111001000111011010001110110000001001011010101011110110110010000010011100100011000001011100001100001010001110101
111110011110001011111001110110001101111101100100100001010101001011011111100100011101101000111011000000100101101010101111011011001000001001110010001100000101110000110000101000111010
101111001111000101111100111011000110111110110010010000101010100101101111110010001110110100011101100000010010110101010111101101100100000100111001000110000010111000011000010100011101
110111100111100010111110011101100011011111011001001000010101010010110111111001000111011010001110110000001001011010101011110110110010000010011100100011000001011100001100001010001110
101011110011110001011111001110110001101111101100100100001010101001011011111100100011101101000111011000000100101101010101111011011001000001001110010001100000101110000110000101000111
110101111001111000101111100111011000110111110110010010000101010100101101111110010001110110100011101100000010010110101010111101101100100000100111001000110000010111000011000010100011
111010111100111100010111110011101100011011111011001001000010101010010110111111001000111011010001110110000001001011010101011110110110010000010011100100011000001011100001100001010001
111101011110011110001011111001110110001101111101100100100001010101001011011111100100011101101000111011000000100101101010101111011011001000001001110010001100000101110000110000101000
101110101111001111000101111100111011000110111110110010010000101010100101101111110010001110110100011101100000010010110101010111101101100100000100111001000110000010111000011000010100
100111010111100111100010111110011101100011011111011001001000010101010010110111111001000111011010001110110000001001011010101011110110110010000010011100100011000001011100001100001010
100011101011110011110001011111001110110001101111101100100100001010101001011011111100100011101101000111011000000100101101010101111011011001000001001110010001100000101110000110000101
110001110101111001111000101111100111011000110111110110010010000101010100101101111110010001110110100011101100000010010110101010111101101100100000100111001000110000010111000011000010
101000111010111100111100010111110011101100011011111011001001000010101010010110111111001000111011010001110110000001001011010101011110110110010000010011100100011000001011100001100001
110100011101011110011110001011111001110110001101111101100100100001010101001011011111100100011101101000111011000000100101101010101111011011001000001001110010001100000101110000110000
101010001110101111001111000101111100111011000110111110110010010000101010100101101111110010001110110100011101100000010010110101010111101101100100000100111001000110000010111000011000
100101000111010111100111100010111110011101100011011111011001001000010101010010110111111001000111011010001110110000001001011010101011110110110010000010011100100011000001011100001100
100010100011101011110011110001011111001110110001101111101100100100001010101001011011111100100011101101000111011000000100101101010101111011011001000001001110010001100000101110000110
100001010001110101111001111000101111100111011000110111110110010010000101010100101101111110010001110110100011101100000010010110101010111101101100100000100111001000110000010111000011
110000101000111010111100111100010111110011101100011011111011001001000010101010010110111111001000111011010001110110000001001011010101011110110110010000010011100100011000001011100001
111000010100011101011110011110001011111001110110001101111101100100100001010101001011011111100100011101101000111011000000100101101010101111011011001000001001110010001100000101110000
101100001010001110101111001111000101111100111011000110111110110010010000101010100101101111110010001110110100011101100000010010110101010111101101100100000100111001000110000010111000
100110000101000111010111100111100010111110011101100011011111011001001000010101010010110111111001000111011010001110110000001001011010101011110110110010000010011100100011000001011100
100011000010100011101011110011110001011111001110110001101111101100100100001010101001011011111100100011101101000111011000000100101101010101111011011001000001001110010001100000101110
100001100001010001110101111001111000101111100111011000110111110110010010000101010100101101111110010001110110100011101100000010010110101010111101101100100000100111001000110000010111
110000110000101000111010111100111100010111110011101100011011111011001001000010101010010110111111001000111011010001110110000001001011010101011110110110010000010011100100011000001011
111000011000010100011101011110011110001011111001110110001101111101100100100001010101001011011111100100011101101000111011000000100101101010101111011011001000001001110010001100000101
111100001100001010001110101111001111000101111100111011000110111110110010010000101010100101101111110010001110110100011101100000010010110101010111101101100100000100111001000110000010
101110000110000101000111010111100111100010111110011101100011011111011001001000010101010010110111111001000111011010001110110000001001011010101011110110110010000010011100100011000001
110111000011000010100011101011110011110001011111001110110001101111101100100100001010101001011011111100100011101101000111011000000100101101010101111011011001000001001110010001100000
101011100001100001010001110101111001111000101111100111011000110111110110010010000101010100101101111110010001110110100011101100000010010110101010111101101100100000100111001000110000
100101110000110000101000111010111100111100010111110011101100011011111011001001000010101010010110111111001000111011010001110110000001001011010101011110110110010000010011100100011000
100010111000011000010100011101011110011110001011111001110110001101111101100100100001010101001011011111100100011101101000111011000000100101101010101111011011001000001001110010001100
100001011100001100001010001110101111001111000101111100111011000110111110110010010000101010100101101111110010001110110100011101100000010010110101010111101101100100000100111001000110
100000101110000110000101000111010111100111100010111110011101100011011111011001001000010101010010110111111001000111011010001110110000001001011010101011110110110010000010011100100011
110000010111000011000010100011101011110011110001011111001110110001101111101100100100001010101001011011111100100011101101000111011000000100101101010101111011011001000001001110010001
111000001011100001100001010001110101111001111000101111100111011000110111110110010010000101010100101101111110010001110110100011101100000010010110101010111101101100100000100111001000
101100000101110000110000101000111010111100111100010111110011101100011011111011001001000010101010010110111111001000111011010001110110000001001011010101011110110110010000010011100100
100110000010111000011000010100011101011110011110001011111001110110001101111101100100100001010101001011011111100100011101101000111011000000100101101010101111011011001000001001110010
100011000001011100001100001010001110101111001111000101111100111011000110111110110010010000101010100101101111110010001110110100011101100000010010110101010111101101100100000100111001
110001100000101110000110000101000111010111100111100010111110011101100011011111011001001000010101010010110111111001000111011010001110110000001001011010101011110110110010000010011100
101000110000010111000011000010100011101011110011110001011111001110110001101111101100100100001010101001011011111100100011101101000111011000000100101101010101111011011001000001001110
100100011000001011100001100001010001110101111001111000101111100111011000110111110110010010000101010100101101111110010001110110100011101100000010010110101010111101101100100000100111
110010001100000101110000110000101000111010111100111100010111110011101100011011111011001001000010101010010110111111001000111011010001110110000001001011010101011110110110010000010011
111001000110000010111000011000010100011101011110011110001011111001110110001101111101100100100001010101001011011111100100011101101000111011000000100101101010101111011011001000001001
111100100011000001011100001100001010001110101111001111000101111100111011000110111110110010010000101010100101101111110010001110110100011101100000010010110101010111101101100100000100
101110010001100000101110000110000101000111010111100111100010111110011101100011011111011001001000010101010010110111111001000111011010001110110000001001011010101011110110110010000010
100111001000110000010111000011000010100011101011110011110001011111001110110001101111101100100100001010101001011011111100100011101101000111011000000100101101010101111011011001000001
110011100100011000001011100001100001010001110101111001111000101111100111011000110111110110010010000101010100101101111110010001110110100011101100000010010110101010111101101100100000
101001110010001100000101110000110000101000111010111100111100010111110011101100011011111011001001000010101010010110111111001000111011010001110110000001001011010101011110110110010000
100100111001000110000010111000011000010100011101011110011110001011111001110110001101111101100100100001010101001011011111100100011101101000111011000000100101101010101111011011001000
100010011100100011000001011100001100001010001110101111001111000101111100111011000110111110110010010000101010100101101111110010001110110100011101100000010010110101010111101101100100
100001001110010001100000101110000110000101000111010111100111100010111110011101100011011111011001001000010101010010110111111001000111011010001110110000001001011010101011110110110010
100000100111001000110000010111000011000010100011101011110011110001011111001110110001101111101100100100001010101001011011111100100011101101000111011000000100101101010101111011011001
110000010011100100011000001011100001100001010001110101111001111000101111100111011000110111110110010010000101010100101101111110010001110110100011101100000010010110101010111101101100
101000001001110010001100000101110000110000101000111010111100111100010111110011101100011011111011001001000010101010010110111111001000111011010001110110000001001011010101011110110110
100100000100111001000110000010111000011000010100011101011110011110001011111001110110001101111101100100100001010101001011011111100100011101101000111011000000100101101010101111011011
110010000010011100100011000001011100001100001010001110101111001111000101111100111011000110111110110010010000101010100101101111110010001110110100011101100000010010110101010111101101
111001000001001110010001100000101110000110000101000111010111100111100010111110011101100011011111011001001000010101010010110111111001000111011010001110110000001001011010101011110110
101100100000100111001000110000010111000011000010100011101011110011110001011111001110110001101111101100100100001010101001011011111100100011101101000111011000000100101101010101111011
110110010000010011100100011000001011100001100001010001110101111001111000101111100111011000110111110110010010000101010100101101111110010001110110100011101100000010010110101010111101
111011001000001001110010001100000101110000110000101000111010111100111100010111110011101100011011111011001001000010101010010110111111001000111011010001110110000001001011010101011110
101101100100000100111001000110000010111000011000010100011101011110011110001011111001110110001101111101100100100001010101001011011111100100011101101000111011000000100101101010101111
110110110010000010011100100011000001011100001100001010001110101111001111000101111100111011000110111110110010010000101010100101101111110010001110110100011101100000010010110101010111
111011011001000001001110010001100000101110000110000101000111010111100111100010111110011101100011011111011001001000010101010010110111111001000111011010001110110000001001011010101011
111101101100100000100111001000110000010111000011000010100011101011110011110001011111001110110001101111101100100100001010101001011011111100100011101101000111011000000100101101010101
111110110110010000010011100100011000001011100001100001010001110101111001111000101111100111011000110111110110010010000101010100101101111110010001110110100011101100000010010110101010
101111011011001000001001110010001100000101110000110000101000111010111100111100010111110011101100011011111011001001000010101010010110111111001000111011010001110110000001001011010101
110111101101100100000100111001000110000010111000011000010100011101011110011110001011111001110110001101111101100100100001010101001011011111100100011101101000111011000000100101101010
101011110110110010000010011100100011000001011100001100001010001110101111001111000101111100111011000110111110110010010000101010100101101111110010001110110100011101100000010010110101
110101111011011001000001001110010001100000101110000110000101000111010111100111100010111110011101100011011111011001001000010101010010110111111001000111011010001110110000001001011010
101010111101101100100000100111001000110000010111000011000010100011101011110011110001011111001110110001101111101100100100001010101001011011111100100011101101000111011000000100101101
110101011110110110010000010011100100011000001011100001100001010001110101111001111000101111100111011000110111110110010010000101010100101101111110010001110110100011101100000010010110
101010101111011011001000001001110010001100000101110000110000101000111010111100111100010111110011101100011011111011001001000010101010010110111111001000111011010001110110000001001011
110101010111101101100100000100111001000110000010111000011000010100011101011110011110001011111001110110001101111101100100100001010101001011011111100100011101101000111011000000100101
111010101011110110110010000010011100100011000001011100001100001010001110101111001111000101111100111011000110111110110010010000101010100101101111110010001110110100011101100000010010
101101010101111011011001000001001110010001100000101110000110000101000111010111100111100010111110011101100011011111011001001000010101010010110111111001000111011010001110110000001001
110110101010111101101100100000100111001000110000010111000011000010100011101011110011110001011111001110110001101111101100100100001010101001011011111100100011101101000111011000000100
101011010101011110110110010000010011100100011000001011100001100001010001110101111001111000101111100111011000110111110110010010000101010100101101111110010001110110100011101100000010
100101101010101111011011001000001001110010001100000101110000110000101000111010111100111100010111110011101100011011111011001001000010101010010110111111001000111011010001110110000001
110010110101010111101101100100000100111001000110000010111000011000010100011101011110011110001011111001110110001101111101100100100001010101001011011111100100011101101000111011000000
101001011010101011110110110010000010011100100011000001011100001100001010001110101111001111000101111100111011000110111110110010010000101010100101101111110010001110110100011101100000
100100101101010101111011011001000001001110010001100000101110000110000101000111010111100111100010111110011101100011011111011001001000010101010010110111111001000111011010001110110000
100010010110101010111101101100100000100111001000110000010111000011000010100011101011110011110001011111001110110001101111101100100100001010101001011011111100100011101101000111011000
100001001011010101011110110110010000010011100100011000001011100001100001010001110101111001111000101111100111011000110111110110010010000101010100101101111110010001110110100011101100
100000100101101010101111011011001000001001110010001100000101110000110000101000111010111100111100010111110011101100011011111011001001000010101010010110111111001000111011010001110110
100000010010110101010111101101100100000100111001000110000010111000011000010100011101011110011110001011111001110110001101111101100100100001010101001011011111100100011101101000111011
110000001001011010101011110110110010000010011100100011000001011100001100001010001110101111001111000101111100111011000110111110110010010000101010100101101111110010001110110100011101
111000000100101101010101111011011001000001001110010001100000101110000110000101000111010111100111100010111110011101100011011111011001001000010101010010110111111001000111011010001110
101100000010010110101010111101101100100000100111001000110000010111000011000010100011101011110011110001011111001110110001101111101100100100001010101001011011111100100011101101000111
110110000001001011010101011110110110010000010011100100011000001011100001100001010001110101111001111000101111100111011000110111110110010010000101010100101101111110010001110110100011
111011000000100101101010101111011011001000001001110010001100000101110000110000101000111010111100111100010111110011101100011011111011001001000010101010010110111111001000111011010001
111101100000010010110101010111101101100100000100111001000110000010111000011000010100011101011110011110001011111001110110001101111101100100100001010101001011011111100100011101101000
101110110000001001011010101011110110110010000010011100100011000001011100001100001010001110101111001111000101111100111011000110111110110010010000101010100101101111110010001110110100
100111011000000100101101010101111011011001000001001110010001100000101110000110000101000111010111100111100010111110011101100011011111011001001000010101010010110111111001000111011010
100011101100000010010110101010111101101100100000100111001000110000010111000011000010100011101011110011110001011111001110110001101111101100100100001010101001011011111100100011101101
110001110110000001001011010101011110110110010000010011100100011000001011100001100001010001110101111001111000101111100111011000110111110110010010000101010100101101111110010001110110
101000111011000000100101101010101111011011001000001001110010001100000101110000110000101000111010111100111100010111110011101100011011111011001001000010101010010110111111001000111011
