0000000000000
1111111111110
2222222222220
0000111122220
1111222200000
2222000011110
0012012201120
1120120012200
2201201120010
0021021210210
1102102021020
2210210102100
0120210221011
1201021002121
2012102110201
0121002122101
1202110200211
2010221011021
0102220110121
1210001221201
2021112002011
0112201002211
1220012110021
2001120221101
0210122020112
1021200101222
2102011212002
0211100212022
1022211020102
2100022101212
0222121101002
1000202212112
2111010020222
0201212011202
1012020122012
2120101200122
