0000000000000000
0101010100001111
0011001100110011
0110011001010101
0000111100111100
0101101001100110
0011110001101001
0110100101011010
0000000011111111
0101010111110000
0011001111001100
0110011010101010
0000111111000011
0101101010011001
0011110010010110
0110100110100101
1111111111111111
1010101011110000
1100110011001100
1001100110101010
1111000011000011
1010010110011001
1100001110010110
1001011010100101
1111111100000000
1010101000001111
1100110000110011
1001100101010101
1111000000111100
1010010101100110
1100001101101001
1001011001011010
