011111111111111111111111111111111111111111111111111111111111111111111111111111111111111111111111111111111111111111111111111111111111111111111111111111111111111111111111
001111011110110101011011011011101110010100010100111100010111001111110000010011100010011011100011011111000000110001011100001101011101011000100010010010010101001000010000
000111101111011010101101101101110111001010001010011110001011100111111000001001110001001101110001101111100000011000101110000110101110101100010001001001001010100100001000
000011110111101101010110110110111011100101000101001111000101110011111100000100111000100110111000110111110000001100010111000011010111010110001000100100100101010010000100
000001111011110110101011011011011101110010100010100111100010111001111110000010011100010011011100011011111000000110001011100001101011101011000100010010010010101001000010
000000111101111011010101101101101110111001010001010011110001011100111111000001001110001001101110001101111100000011000101110000110101110101100010001001001001010100100001
010000011110111101101010110110110111011100101000101001111000101110011111100000100111000100110111000110111110000001100010111000011010111010110001000100100100101010010000
001000001111011110110101011011011011101110010100010100111100010111001111110000010011100010011011100011011111000000110001011100001101011101011000100010010010010101001000
000100000111101111011010101101101101110111001010001010011110001011100111111000001001110001001101110001101111100000011000101110000110101110101100010001001001001010100100
000010000011110111101101010110110110111011100101000101001111000101110011111100000100111000100110111000110111110000001100010111000011010111010110001000100100100101010010
000001000001111011110110101011011011011101110010100010100111100010111001111110000010011100010011011100011011111000000110001011100001101011101011000100010010010010101001
010000100000111101111011010101101101101110111001010001010011110001011100111111000001001110001001101110001101111100000011000101110000110101110101100010001001001001010100
001000010000011110111101101010110110110111011100101000101001111000101110011111100000100111000100110111000110111110000001100010111000011010111010110001000100100100101010
000100001000001111011110110101011011011011101110010100010100111100010111001111110000010011100010011011100011011111000000110001011100001101011101011000100010010010010101
010010000100000111101111011010101101101101110111001010001010011110001011100111111000001001110001001101110001101111100000011000101110000110101110101100010001001001001010
001001000010000011110111101101010110110110111011100101000101001111000101110011111100000100111000100110111000110111110000001100010111000011010111010110001000100100100101
010100100001000001111011110110101011011011011101110010100010100111100010111001111110000010011100010011011100011011111000000110001011100001101011101011000100010010010010
001010010000100000111101111011010101101101101110111001010001010011110001011100111111000001001110001001101110001101111100000011000101110000110101110101100010001001001001
010101001000010000011110111101101010110110110111011100101000101001111000101110011111100000100111000100110111000110111110000001100010111000011010111010110001000100100100
001010100100001000001111011110110101011011011011101110010100010100111100010111001111110000010011100010011011100011011111000000110001011100001101011101011000100010010010
000101010010000100000111101111011010101101101101110111001010001010011110001011100111111000001001110001001101110001101111100000011000101110000110101110101100010001001001
010010101001000010000011110111101101010110110110111011100101000101001111000101110011111100000100111000100110111000110111110000001100010111000011010111010110001000100100
001001010100100001000001111011110110101011011011011101110010100010100111100010111001111110000010011100010011011100011011111000000110001011100001101011101011000100010010
000100101010010000100000111101111011010101101101101110111001010001010011110001011100111111000001001110001001101110001101111100000011000101110000110101110101100010001001
010010010101001000010000011110111101101010110110110111011100101000101001111000101110011111100000100111000100110111000110111110000001100010111000011010111010110001000100
001001001010100100001000001111011110110101011011011011101110010100010100111100010111001111110000010011100010011011100011011111000000110001011100001101011101011000100010
000100100101010010000100000111101111011010101101101101110111001010001010011110001011100111111000001001110001001101110001101111100000011000101110000110101110101100010001
010010010010101001000010000011110111101101010110110110111011100101000101001111000101110011111100000100111000100110111000110111110000001100010111000011010111010110001000
001001001001010100100001000001111011110110101011011011011101110010100010100111100010111001111110000010011100010011011100011011111000000110001011100001101011101011000100
000100100100101010010000100000111101111011010101101101101110111001010001010011110001011100111111000001001110001001101110001101111100000011000101110000110101110101100010
000010010010010101001000010000011110111101101010110110110111011100101000101001111000101110011111100000100111000100110111000110111110000001100010111000011010111010110001
010001001001001010100100001000001111011110110101011011011011101110010100010100111100010111001111110000010011100010011011100011011111000000110001011100001101011101011000
001000100100100101010010000100000111101111011010101101101101110111001010001010011110001011100111111000001001110001001101110001101111100000011000101110000110101110101100
000100010010010010101001000010000011110111101101010110110110111011100101000101001111000101110011111100000100111000100110111000110111110000001100010111000011010111010110
000010001001001001010100100001000001111011110110101011011011011101110010100010100111100010111001111110000010011100010011011100011011111000000110001011100001101011101011
010001000100100100101010010000100000111101111011010101101101101110111001010001010011110001011100111111000001001110001001101110001101111100000011000101110000110101110101
011000100010010010010101001000010000011110111101101010110110110111011100101000101001111000101110011111100000100111000100110111000110111110000001100010111000011010111010
001100010001001001001010100100001000001111011110110101011011011011101110010100010100111100010111001111110000010011100010011011100011011111000000110001011100001101011101
010110001000100100100101010010000100000111101111011010101101101101110111001010001010011110001011100111111000001001110001001101110001101111100000011000101110000110101110
001011000100010010010010101001000010000011110111101101010110110110111011100101000101001111000101110011111100000100111000100110111000110111110000001100010111000011010111
010101100010001001001001010100100001000001111011110110101011011011011101110010100010100111100010111001111110000010011100010011011100011011111000000110001011100001101011
011010110001000100100100101010010000100000111101111011010101101101101110111001010001010011110001011100111111000001001110001001101110001101111100000011000101110000110101
011101011000100010010010010101001000010000011110111101101010110110110111011100101000101001111000101110011111100000100111000100110111000110111110000001100010111000011010
001110101100010001001001001010100100001000001111011110110101011011011011101110010100010100111100010111001111110000010011100010011011100011011111000000110001011100001101
010111010110001000100100100101010010000100000111101111011010101101101101110111001010001010011110001011100111111000001001110001001101110001101111100000011000101110000110
001011101011000100010010010010101001000010000011110111101101010110110110111011100101000101001111000101110011111100000100111000100110111000110111110000001100010111000011
010101110101100010001001001001010100100001000001111011110110101011011011011101110010100010100111100010111001111110000010011100010011011100011011111000000110001011100001
011010111010110001000100100100101010010000100000111101111011010101101101101110111001010001010011110001011100111111000001001110001001101110001101111100000011000101110000
001101011101011000100010010010010101001000010000011110111101101010110110110111011100101000101001111000101110011111100000100111000100110111000110111110000001100010111000
000110101110101100010001001001001010100100001000001111011110110101011011011011101110010100010100111100010111001111110000010011100010011011100011011111000000110001011100
000011010111010110001000100100100101010010000100000111101111011010101101101101110111001010001010011110001011100111111000001001110001001101110001101111100000011000101110
000001101011101011000100010010010010101001000010000011110111101101010110110110111011100101000101001111000101110011111100000100111000100110111000110111110000001100010111
010000110101110101100010001001001001010100100001000001111011110110101011011011011101110010100010100111100010111001111110000010011100010011011100011011111000000110001011
011000011010111010110001000100100100101010010000100000111101111011010101101101101110111001010001010011110001011100111111000001001110001001101110001101111100000011000101
011100001101011101011000100010010010010101001000010000011110111101101010110110110111011100101000101001111000101110011111100000100111000100110111000110111110000001100010
001110000110101110101100010001001001001010100100001000001111011110110101011011011011101110010100010100111100010111001111110000010011100010011011100011011111000000110001
010111000011010111010110001000100100100101010010000100000111101111011010101101101101110111001010001010011110001011100111111000001001110001001101110001101111100000011000
001011100001101011101011000100010010010010101001000010000011110111101101010110110110111011100101000101001111000101110011111100000100111000100110111000110111110000001100
000101110000110101110101100010001001001001010100100001000001111011110110101011011011011101110010100010100111100010111001111110000010011100010011011100011011111000000110
000010111000011010111010110001000100100100101010010000100000111101111011010101101101101110111001010001010011110001011100111111000001001110001001101110001101111100000011
010001011100001101011101011000100010010010010101001000010000011110111101101010110110110111011100101000101001111000101110011111100000100111000100110111000110111110000001
011000101110000110101110101100010001001001001010100100001000001111011110110101011011011011101110010100010100111100010111001111110000010011100010011011100011011111000000
001100010111000011010111010110001000100100100101010010000100000111101111011010101101101101110111001010001010011110001011100111111000001001110001001101110001101111100000
000110001011100001101011101011000100010010010010101001000010000011110111101101010110110110111011100101000101001111000101110011111100000100111000100110111000110111110000
000011000101110000110101110101100010001001001001010100100001000001111011110110101011011011011101110010100010100111100010111001111110000010011100010011011100011011111000
000001100010111000011010111010110001000100100100101010010000100000111101111011010101101101101110111001010001010011110001011100111111000001001110001001101110001101111100
000000110001011100001101011101011000100010010010010101001000010000011110111101101010110110110111011100101000101001111000101110011111100000100111000100110111000110111110
000000011000101110000110101110101100010001001001001010100100001000001111011110110101011011011011101110010100010100111100010111001111110000010011100010011011100011011111
010000001100010111000011010111010110001000100100100101010010000100000111101111011010101101101101110111001010001010011110001011100111111000001001110001001101110001101111
011000000110001011100001101011101011000100010010010010101001000010000011110111101101010110110110111011100101000101001111000101110011111100000100111000100110111000110111
011100000011000101110000110101110101100010001001001001010100100001000001111011110110101011011011011101110010100010100111100010111001111110000010011100010011011100011011
011110000001100010111000011010111010110001000100100100101010010000100000111101111011010101101101101110111001010001010011110001011100111111000001001110001001101110001101
011111000000110001011100001101011101011000100010010010010101001000010000011110111101101010110110110111011100101000101001111000101110011111100000100111000100110111000110
001111100000011000101110000110101110101100010001001001001010100100001000001111011110110101011011011011101110010100010100111100010111001111110000010011100010011011100011
010111110000001100010111000011010111010110001000100100100101010010000100000111101111011010101101101101110111001010001010011110001011100111111000001001110001001101110001
011011111000000110001011100001101011101011000100010010010010101001000010000011110111101101010110110110111011100101000101001111000101110011111100000100111000100110111000
001101111100000011000101110000110101110101100010001001001001010100100001000001111011110110101011011011011101110010100010100111100010111001111110000010011100010011011100
000110111110000001100010111000011010111010110001000100100100101010010000100000111101111011010101101101101110111001010001010011110001011100111111000001001110001001101110
000011011111000000110001011100001101011101011000100010010010010101001000010000011110111101101010110110110111011100101000101001111000101110011111100000100111000100110111
010001101111100000011000101110000110101110101100010001001001001010100100001000001111011110110101011011011011101110010100010100111100010111001111110000010011100010011011
011000110111110000001100010111000011010111010110001000100100100101010010000100000111101111011010101101101101110111001010001010011110001011100111111000001001110001001101
011100011011111000000110001011100001101011101011000100010010010010101001000010000011110111101101010110110110111011100101000101001111000101110011111100000100111000100110
001110001101111100000011000101110000110101110101100010001001001001010100100001000001111011110110101011011011011101110010100010100111100010111001111110000010011100010011
010111000110111110000001100010111000011010111010110001000100100100101010010000100000111101111011010101101101101110111001010001010011110001011100111111000001001110001001
011011100011011111000000110001011100001101011101011000100010010010010101001000010000011110111101101010110110110111011100101000101001111000101110011111100000100111000100
001101110001101111100000011000101110000110101110101100010001001001001010100100001000001111011110110101011011011011101110010100010100111100010111001111110000010011100010
000110111000110111110000001100010111000011010111010110001000100100100101010010000100000111101111011010101101101101110111001010001010011110001011100111111000001001110001
010011011100011011111000000110001011100001101011101011000100010010010010101001000010000011110111101101010110110110111011100101000101001111000101110011111100000100111000
001001101110001101111100000011000101110000110101110101100010001001001001010100100001000001111011110110101011011011011101110010100010100111100010111001111110000010011100
000100110111000110111110000001100010111000011010111010110001000100100100101010010000100000111101111011010101101101101110111001010001010011110001011100111111000001001110
000010011011100011011111000000110001011100001101011101011000100010010010010101001000010000011110111101101010110110110111011100101000101001111000101110011111100000100111
010001001101110001101111100000011000101110000110101110101100010001001001001010100100001000001111011110110101011011011011101110010100010100111100010111001111110000010011
011000100110111000110111110000001100010111000011010111010110001000100100100101010010000100000111101111011010101101101101110111001010001010011110001011100111111000001001
011100010011011100011011111000000110001011100001101011101011000100010010010010101001000010000011110111101101010110110110111011100101000101001111000101110011111100000100
001110001001101110001101111100000011000101110000110101110101100010001001001001010100100001000001111011110110101011011011011101110010100010100111100010111001111110000010
000111000100110111000110111110000001100010111000011010111010110001000100100100101010010000100000111101111011010101101101101110111001010001010011110001011100111111000001
010011100010011011100011011111000000110001011100001101011101011000100010010010010101001000010000011110111101101010110110110111011100101000101001111000101110011111100000
001001110001001101110001101111100000011000101110000110101110101100010001001001001010100100001000001111011110110101011011011011101110010100010100111100010111001111110000
000100111000100110111000110111110000001100010111000011010111010110001000100100100101010010000100000111101111011010101101101101110111001010001010011110001011100111111000
000010011100010011011100011011111000000110001011100001101011101011000100010010010010101001000010000011110111101101010110110110111011100101000101001111000101110011111100
000001001110001001101110001101111100000011000101110000110101110101100010001001001001010100100001000001111011110110101011011011011101110010100010100111100010111001111110
000000100111000100110111000110111110000001100010111000011010111010110001000100100100101010010000100000111101111011010101101101101110111001010001010011110001011100111111
010000010011100010011011100011011111000000110001011100001101011101011000100010010010010101001000010000011110111101101010110110110111011100101000101001111000101110011111
011000001001110001001101110001101111100000011000101110000110101110101100010001001001001010100100001000001111011110110101011011011011101110010100010100111100010111001111
011100000100111000100110111000110111110000001100010111000011010111010110001000100100100101010010000100000111101111011010101101101101110111001010001010011110001011100111
011110000010011100010011011100011011111000000110001011100001101011101011000100010010010010101001000010000011110111101101010110110110111011100101000101001111000101110011
011111000001001110001001101110001101111100000011000101110000110101110101100010001001001001010100100001000001111011110110101011011011011101110010100010100111100010111001
011111100000100111000100110111000110111110000001100010111000011010111010110001000100100100101010010000100000111101111011010101101101101110111001010001010011110001011100
001111110000010011100010011011100011011111000000110001011100001101011101011000100010010010010101001000010000011110111101101010110110110111011100101000101001111000101110
000111111000001001110001001101110001101111100000011000101110000110101110101100010001001001001010100100001000001111011110110101011011011011101110010100010100111100010111
010011111100000100111000100110111000110111110000001100010111000011010111010110001000100100100101010010000100000111101111011010101101101101110111001010001010011110001011
011001111110000010011100010011011100011011111000000110001011100001101011101011000100010010010010101001000010000011110111101101010110110110111011100101000101001111000101
011100111111000001001110001001101110001101111100000011000101110000110101110101100010001001001001010100100001000001111011110110101011011011011101110010100010100111100010
001110011111100000100111000100110111000110111110000001100010111000011010111010110001000100100100101010010000100000111101111011010101101101101110111001010001010011110001
010111001111110000010011100010011011100011011111000000110001011100001101011101011000100010010010010101001000010000011110111101101010110110110111011100101000101001111000
001011100111111000001001110001001101110001101111100000011000101110000110101110101100010001001001001010100100001000001111011110110101011011011011101110010100010100111100
000101110011111100000100111000100110111000110111110000001100010111000011010111010110001000100100100101010010000100000111101111011010101101101101110111001010001010011110
000010111001111110000010011100010011011100011011111000000110001011100001101011101011000100010010010010101001000010000011110111101101010110110110111011100101000101001111
010001011100111111000001001110001001101110001101111100000011000101110000110101110101100010001001001001010100100001000001111011110110101011011011011101110010100010100111
011000101110011111100000100111000100110111000110111110000001100010111000011010111010110001000100100100101010010000100000111101111011010101101101101110111001010001010011
011100010111001111110000010011100010011011100011011111000000110001011100001101011101011000100010010010010101001000010000011110111101101010110110110111011100101000101001
011110001011100111111000001001110001001101110001101111100000011000101110000110101110101100010001001001001010100100001000001111011110110101011011011011101110010100010100
001111000101110011111100000100111000100110111000110111110000001100010111000011010111010110001000100100100101010010000100000111101111011010101101101101110111001010001010
000111100010111001111110000010011100010011011100011011111000000110001011100001101011101011000100010010010010101001000010000011110111101101010110110110111011100101000101
010011110001011100111111000001001110001001101110001101111100000011000101110000110101110101100010001001001001010100100001000001111011110110101011011011011101110010100010
001001111000101110011111100000100111000100110111000110111110000001100010111000011010111010110001000100100100101010010000100000111101111011010101101101101110111001010001
010100111100010111001111110000010011100010011011100011011111000000110001011100001101011101011000100010010010010101001000010000011110111101101010110110110111011100101000
001010011110001011100111111000001001110001001101110001101111100000011000101110000110101110101100010001001001001010100100001000001111011110110101011011011011101110010100
000101001111000101110011111100000100111000100110111000110111110000001100010111000011010111010110001000100100100101010010000100000111101111011010101101101101110111001010
000010100111100010111001111110000010011100010011011100011011111000000110001011100001101011101011000100010010010010101001000010000011110111101101010110110110111011100101
010001010011110001011100111111000001001110001001101110001101111100000011000101110000110101110101100010001001001001010100100001000001111011110110101011011011011101110010
001000101001111000101110011111100000100111000100110111000110111110000001100010111000011010111010110001000100100100101010010000100000111101111011010101101101101110111001
010100010100111100010111001111110000010011100010011011100011011111000000110001011100001101011101011000100010010010010101001000010000011110111101101010110110110111011100
001010001010011110001011100111111000001001110001001101110001101111100000011000101110000110101110101100010001001001001010100100001000001111011110110101011011011011101110
000101000101001111000101110011111100000100111000100110111000110111110000001100010111000011010111010110001000100100100101010010000100000111101111011010101101101101110111
010010100010100111100010111001111110000010011100010011011100011011111000000110001011100001101011101011000100010010010010101001000010000011110111101101010110110110111011
011001010001010011110001011100111111000001001110001001101110001101111100000011000101110000110101110101100010001001001001010100100001000001111011110110101011011011011101
011100101000101001111000101110011111100000100111000100110111000110111110000001100010111000011010111010110001000100100100101010010000100000111101111011010101101101101110
001110010100010100111100010111001111110000010011100010011011100011011111000000110001011100001101011101011000100010010010010101001000010000011110111101101010110110110111
010111001010001010011110001011100111111000001001110001001101110001101111100000011000101110000110101110101100010001001001001010100100001000001111011110110101011011011011
011011100101000101001111000101110011111100000100111000100110111000110111110000001100010111000011010111010110001000100100100101010010000100000111101111011010101101101101
011101110010100010100111100010111001111110000010011100010011011100011011111000000110001011100001101011101011000100010010010010101001000010000011110111101101010110110110
001110111001010001010011110001011100111111000001001110001001101110001101111100000011000101110000110101110101100010001001001001010100100001000001111011110110101011011011
010111011100101000101001111000101110011111100000100111000100110111000110111110000001100010111000011010111010110001000100100100101010010000100000111101111011010101101101
011011101110010100010100111100010111001111110000010011100010011011100011011111000000110001011100001101011101011000100010010010010101001000010000011110111101101010110110
001101110111001010001010011110001011100111111000001001110001001101110001101111100000011000101110000110101110101100010001001001001010100100001000001111011110110101011011
010110111011100101000101001111000101110011111100000100111000100110111000110111110000001100010111000011010111010110001000100100100101010010000100000111101111011010101101
011011011101110010100010100111100010111001111110000010011100010011011100011011111000000110001011100001101011101011000100010010010010101001000010000011110111101101010110
001101101110111001010001010011110001011100111111000001001110001001101110001101111100000011000101110000110101110101100010001001001001010100100001000001111011110110101011
010110110111011100101000101001111000101110011111100000100111000100110111000110111110000001100010111000011010111010110001000100100100101010010000100000111101111011010101
011011011011101110010100010100111100010111001111110000010011100010011011100011011111000000110001011100001101011101011000100010010010010101001000010000011110111101101010
001101101101110111001010001010011110001011100111111000001001110001001101110001101111100000011000101110000110101110101100010001001001001010100100001000001111011110110101
010110110110111011100101000101001111000101110011111100000100111000100110111000110111110000001100010111000011010111010110001000100100100101010010000100000111101111011010
001011011011011101110010100010100111100010111001111110000010011100010011011100011011111000000110001011100001101011101011000100010010010010101001000010000011110111101101
010101101101101110111001010001010011110001011100111111000001001110001001101110001101111100000011000101110000110101110101100010001001001001010100100001000001111011110110
001010110110110111011100101000101001111000101110011111100000100111000100110111000110111110000001100010111000011010111010110001000100100100101010010000100000111101111011
010101011011011011101110010100010100111100010111001111110000010011100010011011100011011111000000110001011100001101011101011000100010010010010101001000010000011110111101
011010101101101101110111001010001010011110001011100111111000001001110001001101110001101111100000011000101110000110101110101100010001001001001010100100001000001111011110
001101010110110110111011100101000101001111000101110011111100000100111000100110111000110111110000001100010111000011010111010110001000100100100101010010000100000111101111
010110101011011011011101110010100010100111100010111001111110000010011100010011011100011011111000000110001011100001101011101011000100010010010010101001000010000011110111
011011010101101101101110111001010001010011110001011100111111000001001110001001101110001101111100000011000101110000110101110101100010001001001001010100100001000001111011
011101101010110110110111011100101000101001111000101110011111100000100111000100110111000110111110000001100010111000011010111010110001000100100100101010010000100000111101
011110110101011011011011101110010100010100111100010111001111110000010011100010011011100011011111000000110001011100001101011101011000100010010010010101001000010000011110
001111011010101101101101110111001010001010011110001011100111111000001001110001001101110001101111100000011000101110000110101110101100010001001001001010100100001000001111
010111101101010110110110111011100101000101001111000101110011111100000100111000100110111000110111110000001100010111000011010111010110001000100100100101010010000100000111
011011110110101011011011011101110010100010100111100010111001111110000010011100010011011100011011111000000110001011100001101011101011000100010010010010101001000010000011
011101111011010101101101101110111001010001010011110001011100111111000001001110001001101110001101111100000011000101110000110101110101100010001001001001010100100001000001
011110111101101010110110110111011100101000101001111000101110011111100000100111000100110111000110111110000001100010111000011010111010110001000100100100101010010000100000
100000000000000000000000000000000000000000000000000000000000000000000000000000000000000000000000000000000000000000000000000000000000000000000000000000000000000000000000
110000100001001010100100100100010001101011101011000011101000110000001111101100011101100100011100100000111111001110100011110010100010100111011101101101101010110111101111
111000010000100101010010010010001000110101110101100001110100011000000111110110001110110010001110010000011111100111010001111001010001010011101110110110110101011011110111
111100001000010010101001001001000100011010111010110000111010001100000011111011000111011001000111001000001111110011101000111100101000101001110111011011011010101101111011
111110000100001001010100100100100010001101011101011000011101000110000001111101100011101100100011100100000111111001110100011110010100010100111011101101101101010110111101
111111000010000100101010010010010001000110101110101100001110100011000000111110110001110110010001110010000011111100111010001111001010001010011101110110110110101011011110
101111100001000010010101001001001000100011010111010110000111010001100000011111011000111011001000111001000001111110011101000111100101000101001110111011011011010101101111
110111110000100001001010100100100100010001101011101011000011101000110000001111101100011101100100011100100000111111001110100011110010100010100111011101101101101010110111
111011111000010000100101010010010010001000110101110101100001110100011000000111110110001110110010001110010000011111100111010001111001010001010011101110110110110101011011
111101111100001000010010101001001001000100011010111010110000111010001100000011111011000111011001000111001000001111110011101000111100101000101001110111011011011010101101
111110111110000100001001010100100100100010001101011101011000011101000110000001111101100011101100100011100100000111111001110100011110010100010100111011101101101101010110
101111011111000010000100101010010010010001000110101110101100001110100011000000111110110001110110010001110010000011111100111010001111001010001010011101110110110110101011
110111101111100001000010010101001001001000100011010111010110000111010001100000011111011000111011001000111001000001111110011101000111100101000101001110111011011011010101
111011110111110000100001001010100100100100010001101011101011000011101000110000001111101100011101100100011100100000111111001110100011110010100010100111011101101101101010
101101111011111000010000100101010010010010001000110101110101100001110100011000000111110110001110110010001110010000011111100111010001111001010001010011101110110110110101
110110111101111100001000010010101001001001000100011010111010110000111010001100000011111011000111011001000111001000001111110011101000111100101000101001110111011011011010
101011011110111110000100001001010100100100100010001101011101011000011101000110000001111101100011101100100011100100000111111001110100011110010100010100111011101101101101
110101101111011111000010000100101010010010010001000110101110101100001110100011000000111110110001110110010001110010000011111100111010001111001010001010011101110110110110
101010110111101111100001000010010101001001001000100011010111010110000111010001100000011111011000111011001000111001000001111110011101000111100101000101001110111011011011
110101011011110111110000100001001010100100100100010001101011101011000011101000110000001111101100011101100100011100100000111111001110100011110010100010100111011101101101
111010101101111011111000010000100101010010010010001000110101110101100001110100011000000111110110001110110010001110010000011111100111010001111001010001010011101110110110
101101010110111101111100001000010010101001001001000100011010111010110000111010001100000011111011000111011001000111001000001111110011101000111100101000101001110111011011
110110101011011110111110000100001001010100100100100010001101011101011000011101000110000001111101100011101100100011100100000111111001110100011110010100010100111011101101
111011010101101111011111000010000100101010010010010001000110101110101100001110100011000000111110110001110110010001110010000011111100111010001111001010001010011101110110
101101101010110111101111100001000010010101001001001000100011010111010110000111010001100000011111011000111011001000111001000001111110011101000111100101000101001110111011
110110110101011011110111110000100001001010100100100100010001101011101011000011101000110000001111101100011101100100011100100000111111001110100011110010100010100111011101
111011011010101101111011111000010000100101010010010010001000110101110101100001110100011000000111110110001110110010001110010000011111100111010001111001010001010011101110
101101101101010110111101111100001000010010101001001001000100011010111010110000111010001100000011111011000111011001000111001000001111110011101000111100101000101001110111
110110110110101011011110111110000100001001010100100100100010001101011101011000011101000110000001111101100011101100100011100100000111111001110100011110010100010100111011
111011011011010101101111011111000010000100101010010010010001000110101110101100001110100011000000111110110001110110010001110010000011111100111010001111001010001010011101
111101101101101010110111101111100001000010010101001001001000100011010111010110000111010001100000011111011000111011001000111001000001111110011101000111100101000101001110
101110110110110101011011110111110000100001001010100100100100010001101011101011000011101000110000001111101100011101100100011100100000111111001110100011110010100010100111
110111011011011010101101111011111000010000100101010010010010001000110101110101100001110100011000000111110110001110110010001110010000011111100111010001111001010001010011
111011101101101101010110111101111100001000010010101001001001000100011010111010110000111010001100000011111011000111011001000111001000001111110011101000111100101000101001
111101110110110110101011011110111110000100001001010100100100100010001101011101011000011101000110000001111101100011101100100011100100000111111001110100011110010100010100
101110111011011011010101101111011111000010000100101010010010010001000110101110101100001110100011000000111110110001110110010001110010000011111100111010001111001010001010
100111011101101101101010110111101111100001000010010101001001001000100011010111010110000111010001100000011111011000111011001000111001000001111110011101000111100101000101
110011101110110110110101011011110111110000100001001010100100100100010001101011101011000011101000110000001111101100011101100100011100100000111111001110100011110010100010
101001110111011011011010101101111011111000010000100101010010010010001000110101110101100001110100011000000111110110001110110010001110010000011111100111010001111001010001
110100111011101101101101010110111101111100001000010010101001001001000100011010111010110000111010001100000011111011000111011001000111001000001111110011101000111100101000
101010011101110110110110101011011110111110000100001001010100100100100010001101011101011000011101000110000001111101100011101100100011100100000111111001110100011110010100
100101001110111011011011010101101111011111000010000100101010010010010001000110101110101100001110100011000000111110110001110110010001110010000011111100111010001111001010
100010100111011101101101101010110111101111100001000010010101001001001000100011010111010110000111010001100000011111011000111011001000111001000001111110011101000111100101
110001010011101110110110110101011011110111110000100001001010100100100100010001101011101011000011101000110000001111101100011101100100011100100000111111001110100011110010
101000101001110111011011011010101101111011111000010000100101010010010010001000110101110101100001110100011000000111110110001110110010001110010000011111100111010001111001
110100010100111011101101101101010110111101111100001000010010101001001001000100011010111010110000111010001100000011111011000111011001000111001000001111110011101000111100
101010001010011101110110110110101011011110111110000100001001010100100100100010001101011101011000011101000110000001111101100011101100100011100100000111111001110100011110
100101000101001110111011011011010101101111011111000010000100101010010010010001000110101110101100001110100011000000111110110001110110010001110010000011111100111010001111
110010100010100111011101101101101010110111101111100001000010010101001001001000100011010111010110000111010001100000011111011000111011001000111001000001111110011101000111
111001010001010011101110110110110101011011110111110000100001001010100100100100010001101011101011000011101000110000001111101100011101100100011100100000111111001110100011
111100101000101001110111011011011010101101111011111000010000100101010010010010001000110101110101100001110100011000000111110110001110110010001110010000011111100111010001
111110010100010100111011101101101101010110111101111100001000010010101001001001000100011010111010110000111010001100000011111011000111011001000111001000001111110011101000
101111001010001010011101110110110110101011011110111110000100001001010100100100100010001101011101011000011101000110000001111101100011101100100011100100000111111001110100
100111100101000101001110111011011011010101101111011111000010000100101010010010010001000110101110101100001110100011000000111110110001110110010001110010000011111100111010
100011110010100010100111011101101101101010110111101111100001000010010101001001001000100011010111010110000111010001100000011111011000111011001000111001000001111110011101
110001111001010001010011101110110110110101011011110111110000100001001010100100100100010001101011101011000011101000110000001111101100011101100100011100100000111111001110
101000111100101000101001110111011011011010101101111011111000010000100101010010010010001000110101110101100001110100011000000111110110001110110010001110010000011111100111
110100011110010100010100111011101101101101010110111101111100001000010010101001001001000100011010111010110000111010001100000011111011000111011001000111001000001111110011
111010001111001010001010011101110110110110101011011110111110000100001001010100100100100010001101011101011000011101000110000001111101100011101100100011100100000111111001
111101000111100101000101001110111011011011010101101111011111000010000100101010010010010001000110101110101100001110100011000000111110110001110110010001110010000011111100
101110100011110010100010100111011101101101101010110111101111100001000010010101001001001000100011010111010110000111010001100000011111011000111011001000111001000001111110
100111010001111001010001010011101110110110110101011011110111110000100001001010100100100100010001101011101011000011101000110000001111101100011101100100011100100000111111
110011101000111100101000101001110111011011011010101101111011111000010000100101010010010010001000110101110101100001110100011000000111110110001110110010001110010000011111
111001110100011110010100010100111011101101101101010110111101111100001000010010101001001001000100011010111010110000111010001100000011111011000111011001000111001000001111
111100111010001111001010001010011101110110110110101011011110111110000100001001010100100100100010001101011101011000011101000110000001111101100011101100100011100100000111
111110011101000111100101000101001110111011011011010101101111011111000010000100101010010010010001000110101110101100001110100011000000111110110001110110010001110010000011
111111001110100011110010100010100111011101101101101010110111101111100001000010010101001001001000100011010111010110000111010001100000011111011000111011001000111001000001
111111100111010001111001010001010011101110110110110101011011110111110000100001001010100100100100010001101011101011000011101000110000001111101100011101100100011100100000
101111110011101000111100101000101001110111011011011010101101111011111000010000100101010010010010001000110101110101100001110100011000000111110110001110110010001110010000
100111111001110100011110010100010100111011101101101101010110111101111100001000010010101001001001000100011010111010110000111010001100000011111011000111011001000111001000
100011111100111010001111001010001010011101110110110110101011011110111110000100001001010100100100100010001101011101011000011101000110000001111101100011101100100011100100
100001111110011101000111100101000101001110111011011011010101101111011111000010000100101010010010010001000110101110101100001110100011000000111110110001110110010001110010
100000111111001110100011110010100010100111011101101101101010110111101111100001000010010101001001001000100011010111010110000111010001100000011111011000111011001000111001
110000011111100111010001111001010001010011101110110110110101011011110111110000100001001010100100100100010001101011101011000011101000110000001111101100011101100100011100
101000001111110011101000111100101000101001110111011011011010101101111011111000010000100101010010010010001000110101110101100001110100011000000111110110001110110010001110
100100000111111001110100011110010100010100111011101101101101010110111101111100001000010010101001001001000100011010111010110000111010001100000011111011000111011001000111
110010000011111100111010001111001010001010011101110110110110101011011110111110000100001001010100100100100010001101011101011000011101000110000001111101100011101100100011
111001000001111110011101000111100101000101001110111011011011010101101111011111000010000100101010010010010001000110101110101100001110100011000000111110110001110110010001
111100100000111111001110100011110010100010100111011101101101101010110111101111100001000010010101001001001000100011010111010110000111010001100000011111011000111011001000
101110010000011111100111010001111001010001010011101110110110110101011011110111110000100001001010100100100100010001101011101011000011101000110000001111101100011101100100
100111001000001111110011101000111100101000101001110111011011011010101101111011111000010000100101010010010010001000110101110101100001110100011000000111110110001110110010
100011100100000111111001110100011110010100010100111011101101101101010110111101111100001000010010101001001001000100011010111010110000111010001100000011111011000111011001
110001110010000011111100111010001111001010001010011101110110110110101011011110111110000100001001010100100100100010001101011101011000011101000110000001111101100011101100
101000111001000001111110011101000111100101000101001110111011011011010101101111011111000010000100101010010010010001000110101110101100001110100011000000111110110001110110
100100011100100000111111001110100011110010100010100111011101101101101010110111101111100001000010010101001001001000100011010111010110000111010001100000011111011000111011
110010001110010000011111100111010001111001010001010011101110110110110101011011110111110000100001001010100100100100010001101011101011000011101000110000001111101100011101
111001000111001000001111110011101000111100101000101001110111011011011010101101111011111000010000100101010010010010001000110101110101100001110100011000000111110110001110
101100100011100100000111111001110100011110010100010100111011101101101101010110111101111100001000010010101001001001000100011010111010110000111010001100000011111011000111
110110010001110010000011111100111010001111001010001010011101110110110110101011011110111110000100001001010100100100100010001101011101011000011101000110000001111101100011
111011001000111001000001111110011101000111100101000101001110111011011011010101101111011111000010000100101010010010010001000110101110101100001110100011000000111110110001
111101100100011100100000111111001110100011110010100010100111011101101101101010110111101111100001000010010101001001001000100011010111010110000111010001100000011111011000
101110110010001110010000011111100111010001111001010001010011101110110110110101011011110111110000100001001010100100100100010001101011101011000011101000110000001111101100
100111011001000111001000001111110011101000111100101000101001110111011011011010101101111011111000010000100101010010010010001000110101110101100001110100011000000111110110
100011101100100011100100000111111001110100011110010100010100111011101101101101010110111101111100001000010010101001001001000100011010111010110000111010001100000011111011
110001110110010001110010000011111100111010001111001010001010011101110110110110101011011110111110000100001001010100100100100010001101011101011000011101000110000001111101
111000111011001000111001000001111110011101000111100101000101001110111011011011010101101111011111000010000100101010010010010001000110101110101100001110100011000000111110
101100011101100100011100100000111111001110100011110010100010100111011101101101101010110111101111100001000010010101001001001000100011010111010110000111010001100000011111
110110001110110010001110010000011111100111010001111001010001010011101110110110110101011011110111110000100001001010100100100100010001101011101011000011101000110000001111
111011000111011001000111001000001111110011101000111100101000101001110111011011011010101101111011111000010000100101010010010010001000110101110101100001110100011000000111
111101100011101100100011100100000111111001110100011110010100010100111011101101101101010110111101111100001000010010101001001001000100011010111010110000111010001100000011
111110110001110110010001110010000011111100111010001111001010001010011101110110110110101011011110111110000100001001010100100100100010001101011101011000011101000110000001
111111011000111011001000111001000001111110011101000111100101000101001110111011011011010101101111011111000010000100101010010010010001000110101110101100001110100011000000
101111101100011101100100011100100000111111001110100011110010100010100111011101101101101010110111101111100001000010010101001001001000100011010111010110000111010001100000
100111110110001110110010001110010000011111100111010001111001010001010011101110110110110101011011110111110000100001001010100100100100010001101011101011000011101000110000
100011111011000111011001000111001000001111110011101000111100101000101001110111011011011010101101111011111000010000100101010010010010001000110101110101100001110100011000
100001111101100011101100100011100100000111111001110100011110010100010100111011101101101101010110111101111100001000010010101001001001000100011010111010110000111010001100
100000111110110001110110010001110010000011111100111010001111001010001010011101110110110110101011011110111110000100001001010100100100100010001101011101011000011101000110
100000011111011000111011001000111001000001111110011101000111100101000101001110111011011011010101101111011111000010000100101010010010010001000110101110101100001110100011
110000001111101100011101100100011100100000111111001110100011110010100010100111011101101101101010110111101111100001000010010101001001001000100011010111010110000111010001
111000000111110110001110110010001110010000011111100111010001111001010001010011101110110110110101011011110111110000100001001010100100100100010001101011101011000011101000
101100000011111011000111011001000111001000001111110011101000111100101000101001110111011011011010101101111011111000010000100101010010010010001000110101110101100001110100
100110000001111101100011101100100011100100000111111001110100011110010100010100111011101101101101010110111101111100001000010010101001001001000100011010111010110000111010
100011000000111110110001110110010001110010000011111100111010001111001010001010011101110110110110101011011110111110000100001001010100100100100010001101011101011000011101
110001100000011111011000111011001000111001000001111110011101000111100101000101001110111011011011010101101111011111000010000100101010010010010001000110101110101100001110
101000110000001111101100011101100100011100100000111111001110100011110010100010100111011101101101101010110111101111100001000010010101001001001000100011010111010110000111
110100011000000111110110001110110010001110010000011111100111010001111001010001010011101110110110110101011011110111110000100001001010100100100100010001101011101011000011
111010001100000011111011000111011001000111001000001111110011101000111100101000101001110111011011011010101101111011111000010000100101010010010010001000110101110101100001
111101000110000001111101100011101100100011100100000111111001110100011110010100010100111011101101101101010110111101111100001000010010101001001001000100011010111010110000
101110100011000000111110110001110110010001110010000011111100111010001111001010001010011101110110110110101011011110111110000100001001010100100100100010001101011101011000
100111010001100000011111011000111011001000111001000001111110011101000111100101000101001110111011011011010101101111011111000010000100101010010010010001000110101110101100
100011101000110000001111101100011101100100011100100000111111001110100011110010100010100111011101101101101010110111101111100001000010010101001001001000100011010111010110
100001110100011000000111110110001110110010001110010000011111100111010001111001010001010011101110110110110101011011110111110000100001001010100100100100010001101011101011
110000111010001100000011111011000111011001000111001000001111110011101000111100101000101001110111011011011010101101111011111000010000100101010010010010001000110101110101
111000011101000110000001111101100011101100100011100100000111111001110100011110010100010100111011101101101101010110111101111100001000010010101001001001000100011010111010
101100001110100011000000111110110001110110010001110010000011111100111010001111001010001010011101110110110110101011011110111110000100001001010100100100100010001101011101
110110000111010001100000011111011000111011001000111001000001111110011101000111100101000101001110111011011011010101101111011111000010000100101010010010010001000110101110
101011000011101000110000001111101100011101100100011100100000111111001110100011110010100010100111011101101101101010110111101111100001000010010101001001001000100011010111
110101100001110100011000000111110110001110110010001110010000011111100111010001111001010001010011101110110110110101011011110111110000100001001010100100100100010001101011
111010110000111010001100000011111011000111011001000111001000001111110011101000111100101000101001110111011011011010101101111011111000010000100101010010010010001000110101
111101011000011101000110000001111101100011101100100011100100000111111001110100011110010100010100111011101101101101010110111101111100001000010010101001001001000100011010
101110101100001110100011000000111110110001110110010001110010000011111100111010001111001010001010011101110110110110101011011110111110000100001001010100100100100010001101
110111010110000111010001100000011111011000111011001000111001000001111110011101000111100101000101001110111011011011010101101111011111000010000100101010010010010001000110
101011101011000011101000110000001111101100011101100100011100100000111111001110100011110010100010100111011101101101101010110111101111100001000010010101001001001000100011
110101110101100001110100011000000111110110001110110010001110010000011111100111010001111001010001010011101110110110110101011011110111110000100001001010100100100100010001
111010111010110000111010001100000011111011000111011001000111001000001111110011101000111100101000101001110111011011011010101101111011111000010000100101010010010010001000
101101011101011000011101000110000001111101100011101100100011100100000111111001110100011110010100010100111011101101101101010110111101111100001000010010101001001001000100
100110101110101100001110100011000000111110110001110110010001110010000011111100111010001111001010001010011101110110110110101011011110111110000100001001010100100100100010
100011010111010110000111010001100000011111011000111011001000111001000001111110011101000111100101000101001110111011011011010101101111011111000010000100101010010010010001
110001101011101011000011101000110000001111101100011101100100011100100000111111001110100011110010100010100111011101101101101010110111101111100001000010010101001001001000
101000110101110101100001110100011000000111110110001110110010001110010000011111100111010001111001010001010011101110110110110101011011110111110000100001001010100100100100
100100011010111010110000111010001100000011111011000111011001000111001000001111110011101000111100101000101001110111011011011010101101111011111000010000100101010010010010
100010001101011101011000011101000110000001111101100011101100100011100100000111111001110100011110010100010100111011101101101101010110111101111100001000010010101001001001
110001000110101110101100001110100011000000111110110001110110010001110010000011111100111010001111001010001010011101110110110110101011011110111110000100001001010100100100
101000100011010111010110000111010001100000011111011000111011001000111001000001111110011101000111100101000101001110111011011011010101101111011111000010000100101010010010
100100010001101011101011000011101000110000001111101100011101100100011100100000111111001110100011110010100010100111011101101101101010110111101111100001000010010101001001
110010001000110101110101100001110100011000000111110110001110110010001110010000011111100111010001111001010001010011101110110110110101011011110111110000100001001010100100
101001000100011010111010110000111010001100000011111011000111011001000111001000001111110011101000111100101000101001110111011011011010101101111011111000010000100101010010
100100100010001101011101011000011101000110000001111101100011101100100011100100000111111001110100011110010100010100111011101101101101010110111101111100001000010010101001
110010010001000110101110101100001110100011000000111110110001110110010001110010000011111100111010001111001010001010011101110110110110101011011110111110000100001001010100
101001001000100011010111010110000111010001100000011111011000111011001000111001000001111110011101000111100101000101001110111011011011010101101111011111000010000100101010
100100100100010001101011101011000011101000110000001111101100011101100100011100100000111111001110100011110010100010100111011101101101101010110111101111100001000010010101
110010010010001000110101110101100001110100011000000111110110001110110010001110010000011111100111010001111001010001010011101110110110110101011011110111110000100001001010
101001001001000100011010111010110000111010001100000011111011000111011001000111001000001111110011101000111100101000101001110111011011011010101101111011111000010000100101
110100100100100010001101011101011000011101000110000001111101100011101100100011100100000111111001110100011110010100010100111011101101101101010110111101111100001000010010
101010010010010001000110101110101100001110100011000000111110110001110110010001110010000011111100111010001111001010001010011101110110110110101011011110111110000100001001
110101001001001000100011010111010110000111010001100000011111011000111011001000111001000001111110011101000111100101000101001110111011011011010101101111011111000010000100
101010100100100100010001101011101011000011101000110000001111101100011101100100011100100000111111001110100011110010100010100111011101101101101010110111101111100001000010
100101010010010010001000110101110101100001110100011000000111110110001110110010001110010000011111100111010001111001010001010011101110110110110101011011110111110000100001
110010101001001001000100011010111010110000111010001100000011111011000111011001000111001000001111110011101000111100101000101001110111011011011010101101111011111000010000
101001010100100100100010001101011101011000011101000110000001111101100011101100100011100100000111111001110100011110010100010100111011101101101101010110111101111100001000
100100101010010010010001000110101110101100001110100011000000111110110001110110010001110010000011111100111010001111001010001010011101110110110110101011011110111110000100
100010010101001001001000100011010111010110000111010001100000011111011000111011001000111001000001111110011101000111100101000101001110111011011011010101101111011111000010
100001001010100100100100010001101011101011000011101000110000001111101100011101100100011100100000111111001110100011110010100010100111011101101101101010110111101111100001
110000100101010010010010001000110101110101100001110100011000000111110110001110110010001110010000011111100111010001111001010001010011101110110110110101011011110111110000
101000010010101001001001000100011010111010110000111010001100000011111011000111011001000111001000001111110011101000111100101000101001110111011011011010101101111011111000
100100001001010100100100100010001101011101011000011101000110000001111101100011101100100011100100000111111001110100011110010100010100111011101101101101010110111101111100
100010000100101010010010010001000110101110101100001110100011000000111110110001110110010001110010000011111100111010001111001010001010011101110110110110101011011110111110
100001000010010101001001001000100011010111010110000111010001100000011111011000111011001000111001000001111110011101000111100101000101001110111011011011010101101111011111
