01111111111111111111111111111111111111111111011111111111111111111111111111111111111111110111111111111111111111111111111111111111111101111111111111111111111111111111111111111111
00100101001110111110001011100000100011010110001001010011101111100010111000001000110101100010010100111011111000101110000010001101011000100101001110111110001011100000100011010110
00010010100111011111000101110000010001101011000100101001110111110001011100000100011010110001001010011101111100010111000001000110101100010010100111011111000101110000010001101011
01001001010011101111100010111000001000110101010010010100111011111000101110000010001101010100100101001110111110001011100000100011010101001001010011101111100010111000001000110101
01100100101001110111110001011100000100011010011001001010011101111100010111000001000110100110010010100111011111000101110000010001101001100100101001110111110001011100000100011010
00110010010100111011111000101110000010001101001100100101001110111110001011100000100011010011001001010011101111100010111000001000110100110010010100111011111000101110000010001101
01011001001010011101111100010111000001000110010110010010100111011111000101110000010001100101100100101001110111110001011100000100011001011001001010011101111100010111000001000110
00101100100101001110111110001011100000100011001011001001010011101111100010111000001000110010110010010100111011111000101110000010001100101100100101001110111110001011100000100011
01010110010010100111011111000101110000010001010101100100101001110111110001011100000100010101011001001010011101111100010111000001000101010110010010100111011111000101110000010001
01101011001001010011101111100010111000001000011010110010010100111011111000101110000010000110101100100101001110111110001011100000100001101011001001010011101111100010111000001000
00110101100100101001110111110001011100000100001101011001001010011101111100010111000001000011010110010010100111011111000101110000010000110101100100101001110111110001011100000100
00011010110010010100111011111000101110000010000110101100100101001110111110001011100000100001101011001001010011101111100010111000001000011010110010010100111011111000101110000010
00001101011001001010011101111100010111000001000011010110010010100111011111000101110000010000110101100100101001110111110001011100000100001101011001001010011101111100010111000001
01000110101100100101001110111110001011100000010001101011001001010011101111100010111000000100011010110010010100111011111000101110000001000110101100100101001110111110001011100000
00100011010110010010100111011111000101110000001000110101100100101001110111110001011100000010001101011001001010011101111100010111000000100011010110010010100111011111000101110000
00010001101011001001010011101111100010111000000100011010110010010100111011111000101110000001000110101100100101001110111110001011100000010001101011001001010011101111100010111000
00001000110101100100101001110111110001011100000010001101011001001010011101111100010111000000100011010110010010100111011111000101110000001000110101100100101001110111110001011100
00000100011010110010010100111011111000101110000001000110101100100101001110111110001011100000010001101011001001010011101111100010111000000100011010110010010100111011111000101110
00000010001101011001001010011101111100010111000000100011010110010010100111011111000101110000001000110101100100101001110111110001011100000010001101011001001010011101111100010111
01000001000110101100100101001110111110001011010000010001101011001001010011101111100010110100000100011010110010010100111011111000101101000001000110101100100101001110111110001011
01100000100011010110010010100111011111000101011000001000110101100100101001110111110001010110000010001101011001001010011101111100010101100000100011010110010010100111011111000101
01110000010001101011001001010011101111100010011100000100011010110010010100111011111000100111000001000110101100100101001110111110001001110000010001101011001001010011101111100010
00111000001000110101100100101001110111110001001110000010001101011001001010011101111100010011100000100011010110010010100111011111000100111000001000110101100100101001110111110001
01011100000100011010110010010100111011111000010111000001000110101100100101001110111110000101110000010001101011001001010011101111100001011100000100011010110010010100111011111000
00101110000010001101011001001010011101111100001011100000100011010110010010100111011111000010111000001000110101100100101001110111110000101110000010001101011001001010011101111100
00010111000001000110101100100101001110111110000101110000010001101011001001010011101111100001011100000100011010110010010100111011111000010111000001000110101100100101001110111110
00001011100000100011010110010010100111011111000010111000001000110101100100101001110111110000101110000010001101011001001010011101111100001011100000100011010110010010100111011111
01000101110000010001101011001001010011101111010001011100000100011010110010010100111011110100010111000001000110101100100101001110111101000101110000010001101011001001010011101111
01100010111000001000110101100100101001110111011000101110000010001101011001001010011101110110001011100000100011010110010010100111011101100010111000001000110101100100101001110111
01110001011100000100011010110010010100111011011100010111000001000110101100100101001110110111000101110000010001101011001001010011101101110001011100000100011010110010010100111011
01111000101110000010001101011001001010011101011110001011100000100011010110010010100111010111100010111000001000110101100100101001110101111000101110000010001101011001001010011101
01111100010111000001000110101100100101001110011111000101110000010001101011001001010011100111110001011100000100011010110010010100111001111100010111000001000110101100100101001110
00111110001011100000100011010110010010100111001111100010111000001000110101100100101001110011111000101110000010001101011001001010011100111110001011100000100011010110010010100111
01011111000101110000010001101011001001010011010111110001011100000100011010110010010100110101111100010111000001000110101100100101001101011111000101110000010001101011001001010011
01101111100010111000001000110101100100101001011011111000101110000010001101011001001010010110111110001011100000100011010110010010100101101111100010111000001000110101100100101001
01110111110001011100000100011010110010010100011101111100010111000001000110101100100101000111011111000101110000010001101011001001010001110111110001011100000100011010110010010100
00111011111000101110000010001101011001001010001110111110001011100000100011010110010010100011101111100010111000001000110101100100101000111011111000101110000010001101011001001010
00011101111100010111000001000110101100100101000111011111000101110000010001101011001001010001110111110001011100000100011010110010010100011101111100010111000001000110101100100101
01001110111110001011100000100011010110010010010011101111100010111000001000110101100100100100111011111000101110000010001101011001001001001110111110001011100000100011010110010010
00100111011111000101110000010001101011001001001001110111110001011100000100011010110010010010011101111100010111000001000110101100100100100111011111000101110000010001101011001001
01010011101111100010111000001000110101100100010100111011111000101110000010001101011001000101001110111110001011100000100011010110010001010011101111100010111000001000110101100100
00101001110111110001011100000100011010110010001010011101111100010111000001000110101100100010100111011111000101110000010001101011001000101001110111110001011100000100011010110010
00010100111011111000101110000010001101011001000101001110111110001011100000100011010110010001010011101111100010111000001000110101100100010100111011111000101110000010001101011001
01001010011101111100010111000001000110101100010010100111011111000101110000010001101011000100101001110111110001011100000100011010110001001010011101111100010111000001000110101100
01111111111111111111111111111111111111111111100000000000000000000000000000000000000000000111111111111111111111111111111111111111111110000000000000000000000000000000000000000000
00100101001110111110001011100000100011010110110110101100010000011101000111110111001010010010010100111011111000101110000010001101011011011010110001000001110100011111011100101001
00010010100111011111000101110000010001101011111011010110001000001110100011111011100101000001001010011101111100010111000001000110101111101101011000100000111010001111101110010100
01001001010011101111100010111000001000110101101101101011000100000111010001111101110010100100100101001110111110001011100000100011010110110110101100010000011101000111110111001010
01100100101001110111110001011100000100011010100110110101100010000011101000111110111001010110010010100111011111000101110000010001101010011011010110001000001110100011111011100101
00110010010100111011111000101110000010001101110011011010110001000001110100011111011100100011001001010011101111100010111000001000110111001101101011000100000111010001111101110010
01011001001010011101111100010111000001000110101001101101011000100000111010001111101110010101100100101001110111110001011100000100011010100110110101100010000011101000111110111001
00101100100101001110111110001011100000100011110100110110101100010000011101000111110111000010110010010100111011111000101110000010001111010011011010110001000001110100011111011100
01010110010010100111011111000101110000010001101010011011010110001000001110100011111011100101011001001010011101111100010111000001000110101001101101011000100000111010001111101110
01101011001001010011101111100010111000001000100101001101101011000100000111010001111101110110101100100101001110111110001011100000100010010100110110101100010000011101000111110111
00110101100100101001110111110001011100000100110010100110110101100010000011101000111110110011010110010010100111011111000101110000010011001010011011010110001000001110100011111011
00011010110010010100111011111000101110000010111001010011011010110001000001110100011111010001101011001001010011101111100010111000001011100101001101101011000100000111010001111101
00001101011001001010011101111100010111000001111100101001101101011000100000111010001111100000110101100100101001110111110001011100000111110010100110110101100010000011101000111110
01000110101100100101001110111110001011100000101110010100110110101100010000011101000111110100011010110010010100111011111000101110000010111001010011011010110001000001110100011111
00100011010110010010100111011111000101110000110111001010011011010110001000001110100011110010001101011001001010011101111100010111000011011100101001101101011000100000111010001111
00010001101011001001010011101111100010111000111011100101001101101011000100000111010001110001000110101100100101001110111110001011100011101110010100110110101100010000011101000111
00001000110101100100101001110111110001011100111101110010100110110101100010000011101000110000100011010110010010100111011111000101110011110111001010011011010110001000001110100011
00000100011010110010010100111011111000101110111110111001010011011010110001000001110100010000010001101011001001010011101111100010111011111011100101001101101011000100000111010001
00000010001101011001001010011101111100010111111111011100101001101101011000100000111010000000001000110101100100101001110111110001011111111101110010100110110101100010000011101000
01000001000110101100100101001110111110001011101111101110010100110110101100010000011101000100000100011010110010010100111011111000101110111110111001010011011010110001000001110100
01100000100011010110010010100111011111000101100111110111001010011011010110001000001110100110000010001101011001001010011101111100010110011111011100101001101101011000100000111010
01110000010001101011001001010011101111100010100011111011100101001101101011000100000111010111000001000110101100100101001110111110001010001111101110010100110110101100010000011101
00111000001000110101100100101001110111110001110001111101110010100110110101100010000011100011100000100011010110010010100111011111000111000111110111001010011011010110001000001110
01011100000100011010110010010100111011111000101000111110111001010011011010110001000001110101110000010001101011001001010011101111100010100011111011100101001101101011000100000111
00101110000010001101011001001010011101111100110100011111011100101001101101011000100000110010111000001000110101100100101001110111110011010001111101110010100110110101100010000011
00010111000001000110101100100101001110111110111010001111101110010100110110101100010000010001011100000100011010110010010100111011111011101000111110111001010011011010110001000001
00001011100000100011010110010010100111011111111101000111110111001010011011010110001000000000101110000010001101011001001010011101111111110100011111011100101001101101011000100000
01000101110000010001101011001001010011101111101110100011111011100101001101101011000100000100010111000001000110101100100101001110111110111010001111101110010100110110101100010000
01100010111000001000110101100100101001110111100111010001111101110010100110110101100010000110001011100000100011010110010010100111011110011101000111110111001010011011010110001000
01110001011100000100011010110010010100111011100011101000111110111001010011011010110001000111000101110000010001101011001001010011101110001110100011111011100101001101101011000100
01111000101110000010001101011001001010011101100001110100011111011100101001101101011000100111100010111000001000110101100100101001110110000111010001111101110010100110110101100010
01111100010111000001000110101100100101001110100000111010001111101110010100110110101100010111110001011100000100011010110010010100111010000011101000111110111001010011011010110001
00111110001011100000100011010110010010100111110000011101000111110111001010011011010110000011111000101110000010001101011001001010011111000001110100011111011100101001101101011000
01011111000101110000010001101011001001010011101000001110100011111011100101001101101011000101111100010111000001000110101100100101001110100000111010001111101110010100110110101100
01101111100010111000001000110101100100101001100100000111010001111101110010100110110101100110111110001011100000100011010110010010100110010000011101000111110111001010011011010110
01110111110001011100000100011010110010010100100010000011101000111110111001010011011010110111011111000101110000010001101011001001010010001000001110100011111011100101001101101011
00111011111000101110000010001101011001001010110001000001110100011111011100101001101101010011101111100010111000001000110101100100101011000100000111010001111101110010100110110101
00011101111100010111000001000110101100100101111000100000111010001111101110010100110110100001110111110001011100000100011010110010010111100010000011101000111110111001010011011010
01001110111110001011100000100011010110010010101100010000011101000111110111001010011011010100111011111000101110000010001101011001001010110001000001110100011111011100101001101101
00100111011111000101110000010001101011001001110110001000001110100011111011100101001101100010011101111100010111000001000110101100100111011000100000111010001111101110010100110110
01010011101111100010111000001000110101100100101011000100000111010001111101110010100110110101001110111110001011100000100011010110010010101100010000011101000111110111001010011011
00101001110111110001011100000100011010110010110101100010000011101000111110111001010011010010100111011111000101110000010001101011001011010110001000001110100011111011100101001101
00010100111011111000101110000010001101011001111010110001000001110100011111011100101001100001010011101111100010111000001000110101100111101011000100000111010001111101110010100110
01001010011101111100010111000001000110101100101101011000100000111010001111101110010100110100101001110111110001011100000100011010110010110101100010000011101000111110111001010011
01111111111111111111111111111111111111111111011111111111111111111111111111111111111111111000000000000000000000000000000000000000000010000000000000000000000000000000000000000000
00100101001110111110001011100000100011010110001001010011101111100010111000001000110101101101101011000100000111010001111101110010100111011010110001000001110100011111011100101001
00010010100111011111000101110000010001101011000100101001110111110001011100000100011010111110110101100010000011101000111110111001010011101101011000100000111010001111101110010100
01001001010011101111100010111000001000110101010010010100111011111000101110000010001101011011011010110001000001110100011111011100101010110110101100010000011101000111110111001010
01100100101001110111110001011100000100011010011001001010011101111100010111000001000110101001101101011000100000111010001111101110010110011011010110001000001110100011111011100101
00110010010100111011111000101110000010001101001100100101001110111110001011100000100011011100110110101100010000011101000111110111001011001101101011000100000111010001111101110010
01011001001010011101111100010111000001000110010110010010100111011111000101110000010001101010011011010110001000001110100011111011100110100110110101100010000011101000111110111001
00101100100101001110111110001011100000100011001011001001010011101111100010111000001000111101001101101011000100000111010001111101110011010011011010110001000001110100011111011100
01010110010010100111011111000101110000010001010101100100101001110111110001011100000100011010100110110101100010000011101000111110111010101001101101011000100000111010001111101110
01101011001001010011101111100010111000001000011010110010010100111011111000101110000010001001010011011010110001000001110100011111011110010100110110101100010000011101000111110111
00110101100100101001110111110001011100000100001101011001001010011101111100010111000001001100101001101101011000100000111010001111101111001010011011010110001000001110100011111011
00011010110010010100111011111000101110000010000110101100100101001110111110001011100000101110010100110110101100010000011101000111110111100101001101101011000100000111010001111101
00001101011001001010011101111100010111000001000011010110010010100111011111000101110000011111001010011011010110001000001110100011111011110010100110110101100010000011101000111110
01000110101100100101001110111110001011100000010001101011001001010011101111100010111000001011100101001101101011000100000111010001111110111001010011011010110001000001110100011111
00100011010110010010100111011111000101110000001000110101100100101001110111110001011100001101110010100110110101100010000011101000111111011100101001101101011000100000111010001111
00010001101011001001010011101111100010111000000100011010110010010100111011111000101110001110111001010011011010110001000001110100011111101110010100110110101100010000011101000111
00001000110101100100101001110111110001011100000010001101011001001010011101111100010111001111011100101001101101011000100000111010001111110111001010011011010110001000001110100011
00000100011010110010010100111011111000101110000001000110101100100101001110111110001011101111101110010100110110101100010000011101000111111011100101001101101011000100000111010001
00000010001101011001001010011101111100010111000000100011010110010010100111011111000101111111110111001010011011010110001000001110100011111101110010100110110101100010000011101000
01000001000110101100100101001110111110001011010000010001101011001001010011101111100010111011111011100101001101101011000100000111010010111110111001010011011010110001000001110100
01100000100011010110010010100111011111000101011000001000110101100100101001110111110001011001111101110010100110110101100010000011101010011111011100101001101101011000100000111010
01110000010001101011001001010011101111100010011100000100011010110010010100111011111000101000111110111001010011011010110001000001110110001111101110010100110110101100010000011101
00111000001000110101100100101001110111110001001110000010001101011001001010011101111100011100011111011100101001101101011000100000111011000111110111001010011011010110001000001110
01011100000100011010110010010100111011111000010111000001000110101100100101001110111110001010001111101110010100110110101100010000011110100011111011100101001101101011000100000111
00101110000010001101011001001010011101111100001011100000100011010110010010100111011111001101000111110111001010011011010110001000001111010001111101110010100110110101100010000011
00010111000001000110101100100101001110111110000101110000010001101011001001010011101111101110100011111011100101001101101011000100000111101000111110111001010011011010110001000001
00001011100000100011010110010010100111011111000010111000001000110101100100101001110111111111010001111101110010100110110101100010000011110100011111011100101001101101011000100000
01000101110000010001101011001001010011101111010001011100000100011010110010010100111011111011101000111110111001010011011010110001000010111010001111101110010100110110101100010000
01100010111000001000110101100100101001110111011000101110000010001101011001001010011101111001110100011111011100101001101101011000100010011101000111110111001010011011010110001000
01110001011100000100011010110010010100111011011100010111000001000110101100100101001110111000111010001111101110010100110110101100010010001110100011111011100101001101101011000100
01111000101110000010001101011001001010011101011110001011100000100011010110010010100111011000011101000111110111001010011011010110001010000111010001111101110010100110110101100010
01111100010111000001000110101100100101001110011111000101110000010001101011001001010011101000001110100011111011100101001101101011000110000011101000111110111001010011011010110001
00111110001011100000100011010110010010100111001111100010111000001000110101100100101001111100000111010001111101110010100110110101100011000001110100011111011100101001101101011000
01011111000101110000010001101011001001010011010111110001011100000100011010110010010100111010000011101000111110111001010011011010110010100000111010001111101110010100110110101100
01101111100010111000001000110101100100101001011011111000101110000010001101011001001010011001000001110100011111011100101001101101011010010000011101000111110111001010011011010110
01110111110001011100000100011010110010010100011101111100010111000001000110101100100101001000100000111010001111101110010100110110101110001000001110100011111011100101001101101011
00111011111000101110000010001101011001001010001110111110001011100000100011010110010010101100010000011101000111110111001010011011010111000100000111010001111101110010100110110101
00011101111100010111000001000110101100100101000111011111000101110000010001101011001001011110001000001110100011111011100101001101101011100010000011101000111110111001010011011010
01001110111110001011100000100011010110010010010011101111100010111000001000110101100100101011000100000111010001111101110010100110110110110001000001110100011111011100101001101101
00100111011111000101110000010001101011001001001001110111110001011100000100011010110010011101100010000011101000111110111001010011011011011000100000111010001111101110010100110110
01010011101111100010111000001000110101100100010100111011111000101110000010001101011001001010110001000001110100011111011100101001101110101100010000011101000111110111001010011011
00101001110111110001011100000100011010110010001010011101111100010111000001000110101100101101011000100000111010001111101110010100110111010110001000001110100011111011100101001101
00010100111011111000101110000010001101011001000101001110111110001011100000100011010110011110101100010000011101000111110111001010011011101011000100000111010001111101110010100110
01001010011101111100010111000001000110101100010010100111011111000101110000010001101011001011010110001000001110100011111011100101001110110101100010000011101000111110111001010011
01111111111111111111111111111111111111111111100000000000000000000000000000000000000000001000000000000000000000000000000000000000000001111111111111111111111111111111111111111111
00100101001110111110001011100000100011010110110110101100010000011101000111110111001010011101101011000100000111010001111101110010100100100101001110111110001011100000100011010110
00010010100111011111000101110000010001101011111011010110001000001110100011111011100101001110110101100010000011101000111110111001010000010010100111011111000101110000010001101011
01001001010011101111100010111000001000110101101101101011000100000111010001111101110010101011011010110001000001110100011111011100101001001001010011101111100010111000001000110101
01100100101001110111110001011100000100011010100110110101100010000011101000111110111001011001101101011000100000111010001111101110010101100100101001110111110001011100000100011010
00110010010100111011111000101110000010001101110011011010110001000001110100011111011100101100110110101100010000011101000111110111001000110010010100111011111000101110000010001101
01011001001010011101111100010111000001000110101001101101011000100000111010001111101110011010011011010110001000001110100011111011100101011001001010011101111100010111000001000110
00101100100101001110111110001011100000100011110100110110101100010000011101000111110111001101001101101011000100000111010001111101110000101100100101001110111110001011100000100011
01010110010010100111011111000101110000010001101010011011010110001000001110100011111011101010100110110101100010000011101000111110111001010110010010100111011111000101110000010001
01101011001001010011101111100010111000001000100101001101101011000100000111010001111101111001010011011010110001000001110100011111011101101011001001010011101111100010111000001000
00110101100100101001110111110001011100000100110010100110110101100010000011101000111110111100101001101101011000100000111010001111101100110101100100101001110111110001011100000100
00011010110010010100111011111000101110000010111001010011011010110001000001110100011111011110010100110110101100010000011101000111110100011010110010010100111011111000101110000010
00001101011001001010011101111100010111000001111100101001101101011000100000111010001111101111001010011011010110001000001110100011111000001101011001001010011101111100010111000001
01000110101100100101001110111110001011100000101110010100110110101100010000011101000111111011100101001101101011000100000111010001111101000110101100100101001110111110001011100000
00100011010110010010100111011111000101110000110111001010011011010110001000001110100011111101110010100110110101100010000011101000111100100011010110010010100111011111000101110000
00010001101011001001010011101111100010111000111011100101001101101011000100000111010001111110111001010011011010110001000001110100011100010001101011001001010011101111100010111000
00001000110101100100101001110111110001011100111101110010100110110101100010000011101000111111011100101001101101011000100000111010001100001000110101100100101001110111110001011100
00000100011010110010010100111011111000101110111110111001010011011010110001000001110100011111101110010100110110101100010000011101000100000100011010110010010100111011111000101110
00000010001101011001001010011101111100010111111111011100101001101101011000100000111010001111110111001010011011010110001000001110100000000010001101011001001010011101111100010111
01000001000110101100100101001110111110001011101111101110010100110110101100010000011101001011111011100101001101101011000100000111010001000001000110101100100101001110111110001011
01100000100011010110010010100111011111000101100111110111001010011011010110001000001110101001111101110010100110110101100010000011101001100000100011010110010010100111011111000101
01110000010001101011001001010011101111100010100011111011100101001101101011000100000111011000111110111001010011011010110001000001110101110000010001101011001001010011101111100010
00111000001000110101100100101001110111110001110001111101110010100110110101100010000011101100011111011100101001101101011000100000111000111000001000110101100100101001110111110001
01011100000100011010110010010100111011111000101000111110111001010011011010110001000001111010001111101110010100110110101100010000011101011100000100011010110010010100111011111000
00101110000010001101011001001010011101111100110100011111011100101001101101011000100000111101000111110111001010011011010110001000001100101110000010001101011001001010011101111100
00010111000001000110101100100101001110111110111010001111101110010100110110101100010000011110100011111011100101001101101011000100000100010111000001000110101100100101001110111110
00001011100000100011010110010010100111011111111101000111110111001010011011010110001000001111010001111101110010100110110101100010000000001011100000100011010110010010100111011111
01000101110000010001101011001001010011101111101110100011111011100101001101101011000100001011101000111110111001010011011010110001000001000101110000010001101011001001010011101111
01100010111000001000110101100100101001110111100111010001111101110010100110110101100010001001110100011111011100101001101101011000100001100010111000001000110101100100101001110111
01110001011100000100011010110010010100111011100011101000111110111001010011011010110001001000111010001111101110010100110110101100010001110001011100000100011010110010010100111011
01111000101110000010001101011001001010011101100001110100011111011100101001101101011000101000011101000111110111001010011011010110001001111000101110000010001101011001001010011101
01111100010111000001000110101100100101001110100000111010001111101110010100110110101100011000001110100011111011100101001101101011000101111100010111000001000110101100100101001110
00111110001011100000100011010110010010100111110000011101000111110111001010011011010110001100000111010001111101110010100110110101100000111110001011100000100011010110010010100111
01011111000101110000010001101011001001010011101000001110100011111011100101001101101011001010000011101000111110111001010011011010110001011111000101110000010001101011001001010011
01101111100010111000001000110101100100101001100100000111010001111101110010100110110101101001000001110100011111011100101001101101011001101111100010111000001000110101100100101001
01110111110001011100000100011010110010010100100010000011101000111110111001010011011010111000100000111010001111101110010100110110101101110111110001011100000100011010110010010100
00111011111000101110000010001101011001001010110001000001110100011111011100101001101101011100010000011101000111110111001010011011010100111011111000101110000010001101011001001010
00011101111100010111000001000110101100100101111000100000111010001111101110010100110110101110001000001110100011111011100101001101101000011101111100010111000001000110101100100101
01001110111110001011100000100011010110010010101100010000011101000111110111001010011011011011000100000111010001111101110010100110110101001110111110001011100000100011010110010010
00100111011111000101110000010001101011001001110110001000001110100011111011100101001101101101100010000011101000111110111001010011011000100111011111000101110000010001101011001001
01010011101111100010111000001000110101100100101011000100000111010001111101110010100110111010110001000001110100011111011100101001101101010011101111100010111000001000110101100100
00101001110111110001011100000100011010110010110101100010000011101000111110111001010011011101011000100000111010001111101110010100110100101001110111110001011100000100011010110010
00010100111011111000101110000010001101011001111010110001000001110100011111011100101001101110101100010000011101000111110111001010011000010100111011111000101110000010001101011001
01001010011101111100010111000001000110101100101101011000100000111010001111101110010100111011010110001000001110100011111011100101001101001010011101111100010111000001000110101100
10000000000000000000000000000000000000000000100000000000000000000000000000000000000000001000000000000000000000000000000000000000000010000000000000000000000000000000000000000000
11011010110001000001110100011111011100101001110110101100010000011101000111110111001010011101101011000100000111010001111101110010100111011010110001000001110100011111011100101001
11101101011000100000111010001111101110010100111011010110001000001110100011111011100101001110110101100010000011101000111110111001010011101101011000100000111010001111101110010100
10110110101100010000011101000111110111001010101101101011000100000111010001111101110010101011011010110001000001110100011111011100101010110110101100010000011101000111110111001010
10011011010110001000001110100011111011100101100110110101100010000011101000111110111001011001101101011000100000111010001111101110010110011011010110001000001110100011111011100101
11001101101011000100000111010001111101110010110011011010110001000001110100011111011100101100110110101100010000011101000111110111001011001101101011000100000111010001111101110010
10100110110101100010000011101000111110111001101001101101011000100000111010001111101110011010011011010110001000001110100011111011100110100110110101100010000011101000111110111001
11010011011010110001000001110100011111011100110100110110101100010000011101000111110111001101001101101011000100000111010001111101110011010011011010110001000001110100011111011100
10101001101101011000100000111010001111101110101010011011010110001000001110100011111011101010100110110101100010000011101000111110111010101001101101011000100000111010001111101110
10010100110110101100010000011101000111110111100101001101101011000100000111010001111101111001010011011010110001000001110100011111011110010100110110101100010000011101000111110111
11001010011011010110001000001110100011111011110010100110110101100010000011101000111110111100101001101101011000100000111010001111101111001010011011010110001000001110100011111011
11100101001101101011000100000111010001111101111001010011011010110001000001110100011111011110010100110110101100010000011101000111110111100101001101101011000100000111010001111101
11110010100110110101100010000011101000111110111100101001101101011000100000111010001111101111001010011011010110001000001110100011111011110010100110110101100010000011101000111110
10111001010011011010110001000001110100011111101110010100110110101100010000011101000111111011100101001101101011000100000111010001111110111001010011011010110001000001110100011111
11011100101001101101011000100000111010001111110111001010011011010110001000001110100011111101110010100110110101100010000011101000111111011100101001101101011000100000111010001111
11101110010100110110101100010000011101000111111011100101001101101011000100000111010001111110111001010011011010110001000001110100011111101110010100110110101100010000011101000111
11110111001010011011010110001000001110100011111101110010100110110101100010000011101000111111011100101001101101011000100000111010001111110111001010011011010110001000001110100011
11111011100101001101101011000100000111010001111110111001010011011010110001000001110100011111101110010100110110101100010000011101000111111011100101001101101011000100000111010001
11111101110010100110110101100010000011101000111111011100101001101101011000100000111010001111110111001010011011010110001000001110100011111101110010100110110101100010000011101000
10111110111001010011011010110001000001110100101111101110010100110110101100010000011101001011111011100101001101101011000100000111010010111110111001010011011010110001000001110100
10011111011100101001101101011000100000111010100111110111001010011011010110001000001110101001111101110010100110110101100010000011101010011111011100101001101101011000100000111010
10001111101110010100110110101100010000011101100011111011100101001101101011000100000111011000111110111001010011011010110001000001110110001111101110010100110110101100010000011101
11000111110111001010011011010110001000001110110001111101110010100110110101100010000011101100011111011100101001101101011000100000111011000111110111001010011011010110001000001110
10100011111011100101001101101011000100000111101000111110111001010011011010110001000001111010001111101110010100110110101100010000011110100011111011100101001101101011000100000111
11010001111101110010100110110101100010000011110100011111011100101001101101011000100000111101000111110111001010011011010110001000001111010001111101110010100110110101100010000011
11101000111110111001010011011010110001000001111010001111101110010100110110101100010000011110100011111011100101001101101011000100000111101000111110111001010011011010110001000001
11110100011111011100101001101101011000100000111101000111110111001010011011010110001000001111010001111101110010100110110101100010000011110100011111011100101001101101011000100000
10111010001111101110010100110110101100010000101110100011111011100101001101101011000100001011101000111110111001010011011010110001000010111010001111101110010100110110101100010000
10011101000111110111001010011011010110001000100111010001111101110010100110110101100010001001110100011111011100101001101101011000100010011101000111110111001010011011010110001000
10001110100011111011100101001101101011000100100011101000111110111001010011011010110001001000111010001111101110010100110110101100010010001110100011111011100101001101101011000100
10000111010001111101110010100110110101100010100001110100011111011100101001101101011000101000011101000111110111001010011011010110001010000111010001111101110010100110110101100010
10000011101000111110111001010011011010110001100000111010001111101110010100110110101100011000001110100011111011100101001101101011000110000011101000111110111001010011011010110001
11000001110100011111011100101001101101011000110000011101000111110111001010011011010110001100000111010001111101110010100110110101100011000001110100011111011100101001101101011000
10100000111010001111101110010100110110101100101000001110100011111011100101001101101011001010000011101000111110111001010011011010110010100000111010001111101110010100110110101100
10010000011101000111110111001010011011010110100100000111010001111101110010100110110101101001000001110100011111011100101001101101011010010000011101000111110111001010011011010110
10001000001110100011111011100101001101101011100010000011101000111110111001010011011010111000100000111010001111101110010100110110101110001000001110100011111011100101001101101011
11000100000111010001111101110010100110110101110001000001110100011111011100101001101101011100010000011101000111110111001010011011010111000100000111010001111101110010100110110101
11100010000011101000111110111001010011011010111000100000111010001111101110010100110110101110001000001110100011111011100101001101101011100010000011101000111110111001010011011010
10110001000001110100011111011100101001101101101100010000011101000111110111001010011011011011000100000111010001111101110010100110110110110001000001110100011111011100101001101101
11011000100000111010001111101110010100110110110110001000001110100011111011100101001101101101100010000011101000111110111001010011011011011000100000111010001111101110010100110110
10101100010000011101000111110111001010011011101011000100000111010001111101110010100110111010110001000001110100011111011100101001101110101100010000011101000111110111001010011011
11010110001000001110100011111011100101001101110101100010000011101000111110111001010011011101011000100000111010001111101110010100110111010110001000001110100011111011100101001101
11101011000100000111010001111101110010100110111010110001000001110100011111011100101001101110101100010000011101000111110111001010011011101011000100000111010001111101110010100110
10110101100010000011101000111110111001010011101101011000100000111010001111101110010100111011010110001000001110100011111011100101001110110101100010000011101000111110111001010011
10000000000000000000000000000000000000000000011111111111111111111111111111111111111111111000000000000000000000000000000000000000000001111111111111111111111111111111111111111111
11011010110001000001110100011111011100101001001001010011101111100010111000001000110101101101101011000100000111010001111101110010100100100101001110111110001011100000100011010110
11101101011000100000111010001111101110010100000100101001110111110001011100000100011010111110110101100010000011101000111110111001010000010010100111011111000101110000010001101011
10110110101100010000011101000111110111001010010010010100111011111000101110000010001101011011011010110001000001110100011111011100101001001001010011101111100010111000001000110101
10011011010110001000001110100011111011100101011001001010011101111100010111000001000110101001101101011000100000111010001111101110010101100100101001110111110001011100000100011010
11001101101011000100000111010001111101110010001100100101001110111110001011100000100011011100110110101100010000011101000111110111001000110010010100111011111000101110000010001101
10100110110101100010000011101000111110111001010110010010100111011111000101110000010001101010011011010110001000001110100011111011100101011001001010011101111100010111000001000110
11010011011010110001000001110100011111011100001011001001010011101111100010111000001000111101001101101011000100000111010001111101110000101100100101001110111110001011100000100011
10101001101101011000100000111010001111101110010101100100101001110111110001011100000100011010100110110101100010000011101000111110111001010110010010100111011111000101110000010001
10010100110110101100010000011101000111110111011010110010010100111011111000101110000010001001010011011010110001000001110100011111011101101011001001010011101111100010111000001000
11001010011011010110001000001110100011111011001101011001001010011101111100010111000001001100101001101101011000100000111010001111101100110101100100101001110111110001011100000100
11100101001101101011000100000111010001111101000110101100100101001110111110001011100000101110010100110110101100010000011101000111110100011010110010010100111011111000101110000010
11110010100110110101100010000011101000111110000011010110010010100111011111000101110000011111001010011011010110001000001110100011111000001101011001001010011101111100010111000001
10111001010011011010110001000001110100011111010001101011001001010011101111100010111000001011100101001101101011000100000111010001111101000110101100100101001110111110001011100000
11011100101001101101011000100000111010001111001000110101100100101001110111110001011100001101110010100110110101100010000011101000111100100011010110010010100111011111000101110000
11101110010100110110101100010000011101000111000100011010110010010100111011111000101110001110111001010011011010110001000001110100011100010001101011001001010011101111100010111000
11110111001010011011010110001000001110100011000010001101011001001010011101111100010111001111011100101001101101011000100000111010001100001000110101100100101001110111110001011100
11111011100101001101101011000100000111010001000001000110101100100101001110111110001011101111101110010100110110101100010000011101000100000100011010110010010100111011111000101110
11111101110010100110110101100010000011101000000000100011010110010010100111011111000101111111110111001010011011010110001000001110100000000010001101011001001010011101111100010111
10111110111001010011011010110001000001110100010000010001101011001001010011101111100010111011111011100101001101101011000100000111010001000001000110101100100101001110111110001011
10011111011100101001101101011000100000111010011000001000110101100100101001110111110001011001111101110010100110110101100010000011101001100000100011010110010010100111011111000101
10001111101110010100110110101100010000011101011100000100011010110010010100111011111000101000111110111001010011011010110001000001110101110000010001101011001001010011101111100010
11000111110111001010011011010110001000001110001110000010001101011001001010011101111100011100011111011100101001101101011000100000111000111000001000110101100100101001110111110001
10100011111011100101001101101011000100000111010111000001000110101100100101001110111110001010001111101110010100110110101100010000011101011100000100011010110010010100111011111000
11010001111101110010100110110101100010000011001011100000100011010110010010100111011111001101000111110111001010011011010110001000001100101110000010001101011001001010011101111100
11101000111110111001010011011010110001000001000101110000010001101011001001010011101111101110100011111011100101001101101011000100000100010111000001000110101100100101001110111110
11110100011111011100101001101101011000100000000010111000001000110101100100101001110111111111010001111101110010100110110101100010000000001011100000100011010110010010100111011111
10111010001111101110010100110110101100010000010001011100000100011010110010010100111011111011101000111110111001010011011010110001000001000101110000010001101011001001010011101111
10011101000111110111001010011011010110001000011000101110000010001101011001001010011101111001110100011111011100101001101101011000100001100010111000001000110101100100101001110111
10001110100011111011100101001101101011000100011100010111000001000110101100100101001110111000111010001111101110010100110110101100010001110001011100000100011010110010010100111011
10000111010001111101110010100110110101100010011110001011100000100011010110010010100111011000011101000111110111001010011011010110001001111000101110000010001101011001001010011101
10000011101000111110111001010011011010110001011111000101110000010001101011001001010011101000001110100011111011100101001101101011000101111100010111000001000110101100100101001110
11000001110100011111011100101001101101011000001111100010111000001000110101100100101001111100000111010001111101110010100110110101100000111110001011100000100011010110010010100111
10100000111010001111101110010100110110101100010111110001011100000100011010110010010100111010000011101000111110111001010011011010110001011111000101110000010001101011001001010011
10010000011101000111110111001010011011010110011011111000101110000010001101011001001010011001000001110100011111011100101001101101011001101111100010111000001000110101100100101001
10001000001110100011111011100101001101101011011101111100010111000001000110101100100101001000100000111010001111101110010100110110101101110111110001011100000100011010110010010100
11000100000111010001111101110010100110110101001110111110001011100000100011010110010010101100010000011101000111110111001010011011010100111011111000101110000010001101011001001010
11100010000011101000111110111001010011011010000111011111000101110000010001101011001001011110001000001110100011111011100101001101101000011101111100010111000001000110101100100101
10110001000001110100011111011100101001101101010011101111100010111000001000110101100100101011000100000111010001111101110010100110110101001110111110001011100000100011010110010010
11011000100000111010001111101110010100110110001001110111110001011100000100011010110010011101100010000011101000111110111001010011011000100111011111000101110000010001101011001001
10101100010000011101000111110111001010011011010100111011111000101110000010001101011001001010110001000001110100011111011100101001101101010011101111100010111000001000110101100100
11010110001000001110100011111011100101001101001010011101111100010111000001000110101100101101011000100000111010001111101110010100110100101001110111110001011100000100011010110010
11101011000100000111010001111101110010100110000101001110111110001011100000100011010110011110101100010000011101000111110111001010011000010100111011111000101110000010001101011001
10110101100010000011101000111110111001010011010010100111011111000101110000010001101011001011010110001000001110100011111011100101001101001010011101111100010111000001000110101100
10000000000000000000000000000000000000000000100000000000000000000000000000000000000000000111111111111111111111111111111111111111111101111111111111111111111111111111111111111111
11011010110001000001110100011111011100101001110110101100010000011101000111110111001010010010010100111011111000101110000010001101011000100101001110111110001011100000100011010110
11101101011000100000111010001111101110010100111011010110001000001110100011111011100101000001001010011101111100010111000001000110101100010010100111011111000101110000010001101011
10110110101100010000011101000111110111001010101101101011000100000111010001111101110010100100100101001110111110001011100000100011010101001001010011101111100010111000001000110101
10011011010110001000001110100011111011100101100110110101100010000011101000111110111001010110010010100111011111000101110000010001101001100100101001110111110001011100000100011010
11001101101011000100000111010001111101110010110011011010110001000001110100011111011100100011001001010011101111100010111000001000110100110010010100111011111000101110000010001101
10100110110101100010000011101000111110111001101001101101011000100000111010001111101110010101100100101001110111110001011100000100011001011001001010011101111100010111000001000110
11010011011010110001000001110100011111011100110100110110101100010000011101000111110111000010110010010100111011111000101110000010001100101100100101001110111110001011100000100011
10101001101101011000100000111010001111101110101010011011010110001000001110100011111011100101011001001010011101111100010111000001000101010110010010100111011111000101110000010001
10010100110110101100010000011101000111110111100101001101101011000100000111010001111101110110101100100101001110111110001011100000100001101011001001010011101111100010111000001000
11001010011011010110001000001110100011111011110010100110110101100010000011101000111110110011010110010010100111011111000101110000010000110101100100101001110111110001011100000100
11100101001101101011000100000111010001111101111001010011011010110001000001110100011111010001101011001001010011101111100010111000001000011010110010010100111011111000101110000010
11110010100110110101100010000011101000111110111100101001101101011000100000111010001111100000110101100100101001110111110001011100000100001101011001001010011101111100010111000001
10111001010011011010110001000001110100011111101110010100110110101100010000011101000111110100011010110010010100111011111000101110000001000110101100100101001110111110001011100000
11011100101001101101011000100000111010001111110111001010011011010110001000001110100011110010001101011001001010011101111100010111000000100011010110010010100111011111000101110000
11101110010100110110101100010000011101000111111011100101001101101011000100000111010001110001000110101100100101001110111110001011100000010001101011001001010011101111100010111000
11110111001010011011010110001000001110100011111101110010100110110101100010000011101000110000100011010110010010100111011111000101110000001000110101100100101001110111110001011100
11111011100101001101101011000100000111010001111110111001010011011010110001000001110100010000010001101011001001010011101111100010111000000100011010110010010100111011111000101110
11111101110010100110110101100010000011101000111111011100101001101101011000100000111010000000001000110101100100101001110111110001011100000010001101011001001010011101111100010111
10111110111001010011011010110001000001110100101111101110010100110110101100010000011101000100000100011010110010010100111011111000101101000001000110101100100101001110111110001011
10011111011100101001101101011000100000111010100111110111001010011011010110001000001110100110000010001101011001001010011101111100010101100000100011010110010010100111011111000101
10001111101110010100110110101100010000011101100011111011100101001101101011000100000111010111000001000110101100100101001110111110001001110000010001101011001001010011101111100010
11000111110111001010011011010110001000001110110001111101110010100110110101100010000011100011100000100011010110010010100111011111000100111000001000110101100100101001110111110001
10100011111011100101001101101011000100000111101000111110111001010011011010110001000001110101110000010001101011001001010011101111100001011100000100011010110010010100111011111000
11010001111101110010100110110101100010000011110100011111011100101001101101011000100000110010111000001000110101100100101001110111110000101110000010001101011001001010011101111100
11101000111110111001010011011010110001000001111010001111101110010100110110101100010000010001011100000100011010110010010100111011111000010111000001000110101100100101001110111110
11110100011111011100101001101101011000100000111101000111110111001010011011010110001000000000101110000010001101011001001010011101111100001011100000100011010110010010100111011111
10111010001111101110010100110110101100010000101110100011111011100101001101101011000100000100010111000001000110101100100101001110111101000101110000010001101011001001010011101111
10011101000111110111001010011011010110001000100111010001111101110010100110110101100010000110001011100000100011010110010010100111011101100010111000001000110101100100101001110111
10001110100011111011100101001101101011000100100011101000111110111001010011011010110001000111000101110000010001101011001001010011101101110001011100000100011010110010010100111011
10000111010001111101110010100110110101100010100001110100011111011100101001101101011000100111100010111000001000110101100100101001110101111000101110000010001101011001001010011101
10000011101000111110111001010011011010110001100000111010001111101110010100110110101100010111110001011100000100011010110010010100111001111100010111000001000110101100100101001110
11000001110100011111011100101001101101011000110000011101000111110111001010011011010110000011111000101110000010001101011001001010011100111110001011100000100011010110010010100111
10100000111010001111101110010100110110101100101000001110100011111011100101001101101011000101111100010111000001000110101100100101001101011111000101110000010001101011001001010011
10010000011101000111110111001010011011010110100100000111010001111101110010100110110101100110111110001011100000100011010110010010100101101111100010111000001000110101100100101001
10001000001110100011111011100101001101101011100010000011101000111110111001010011011010110111011111000101110000010001101011001001010001110111110001011100000100011010110010010100
11000100000111010001111101110010100110110101110001000001110100011111011100101001101101010011101111100010111000001000110101100100101000111011111000101110000010001101011001001010
11100010000011101000111110111001010011011010111000100000111010001111101110010100110110100001110111110001011100000100011010110010010100011101111100010111000001000110101100100101
10110001000001110100011111011100101001101101101100010000011101000111110111001010011011010100111011111000101110000010001101011001001001001110111110001011100000100011010110010010
11011000100000111010001111101110010100110110110110001000001110100011111011100101001101100010011101111100010111000001000110101100100100100111011111000101110000010001101011001001
10101100010000011101000111110111001010011011101011000100000111010001111101110010100110110101001110111110001011100000100011010110010001010011101111100010111000001000110101100100
11010110001000001110100011111011100101001101110101100010000011101000111110111001010011010010100111011111000101110000010001101011001000101001110111110001011100000100011010110010
11101011000100000111010001111101110010100110111010110001000001110100011111011100101001100001010011101111100010111000001000110101100100010100111011111000101110000010001101011001
10110101100010000011101000111110111001010011101101011000100000111010001111101110010100110100101001110111110001011100000100011010110001001010011101111100010111000001000110101100
10000000000000000000000000000000000000000000011111111111111111111111111111111111111111110111111111111111111111111111111111111111111110000000000000000000000000000000000000000000
11011010110001000001110100011111011100101001001001010011101111100010111000001000110101100010010100111011111000101110000010001101011011011010110001000001110100011111011100101001
11101101011000100000111010001111101110010100000100101001110111110001011100000100011010110001001010011101111100010111000001000110101111101101011000100000111010001111101110010100
10110110101100010000011101000111110111001010010010010100111011111000101110000010001101010100100101001110111110001011100000100011010110110110101100010000011101000111110111001010
10011011010110001000001110100011111011100101011001001010011101111100010111000001000110100110010010100111011111000101110000010001101010011011010110001000001110100011111011100101
11001101101011000100000111010001111101110010001100100101001110111110001011100000100011010011001001010011101111100010111000001000110111001101101011000100000111010001111101110010
10100110110101100010000011101000111110111001010110010010100111011111000101110000010001100101100100101001110111110001011100000100011010100110110101100010000011101000111110111001
11010011011010110001000001110100011111011100001011001001010011101111100010111000001000110010110010010100111011111000101110000010001111010011011010110001000001110100011111011100
10101001101101011000100000111010001111101110010101100100101001110111110001011100000100010101011001001010011101111100010111000001000110101001101101011000100000111010001111101110
10010100110110101100010000011101000111110111011010110010010100111011111000101110000010000110101100100101001110111110001011100000100010010100110110101100010000011101000111110111
11001010011011010110001000001110100011111011001101011001001010011101111100010111000001000011010110010010100111011111000101110000010011001010011011010110001000001110100011111011
11100101001101101011000100000111010001111101000110101100100101001110111110001011100000100001101011001001010011101111100010111000001011100101001101101011000100000111010001111101
11110010100110110101100010000011101000111110000011010110010010100111011111000101110000010000110101100100101001110111110001011100000111110010100110110101100010000011101000111110
10111001010011011010110001000001110100011111010001101011001001010011101111100010111000000100011010110010010100111011111000101110000010111001010011011010110001000001110100011111
11011100101001101101011000100000111010001111001000110101100100101001110111110001011100000010001101011001001010011101111100010111000011011100101001101101011000100000111010001111
11101110010100110110101100010000011101000111000100011010110010010100111011111000101110000001000110101100100101001110111110001011100011101110010100110110101100010000011101000111
11110111001010011011010110001000001110100011000010001101011001001010011101111100010111000000100011010110010010100111011111000101110011110111001010011011010110001000001110100011
11111011100101001101101011000100000111010001000001000110101100100101001110111110001011100000010001101011001001010011101111100010111011111011100101001101101011000100000111010001
11111101110010100110110101100010000011101000000000100011010110010010100111011111000101110000001000110101100100101001110111110001011111111101110010100110110101100010000011101000
10111110111001010011011010110001000001110100010000010001101011001001010011101111100010110100000100011010110010010100111011111000101110111110111001010011011010110001000001110100
10011111011100101001101101011000100000111010011000001000110101100100101001110111110001010110000010001101011001001010011101111100010110011111011100101001101101011000100000111010
10001111101110010100110110101100010000011101011100000100011010110010010100111011111000100111000001000110101100100101001110111110001010001111101110010100110110101100010000011101
11000111110111001010011011010110001000001110001110000010001101011001001010011101111100010011100000100011010110010010100111011111000111000111110111001010011011010110001000001110
10100011111011100101001101101011000100000111010111000001000110101100100101001110111110000101110000010001101011001001010011101111100010100011111011100101001101101011000100000111
11010001111101110010100110110101100010000011001011100000100011010110010010100111011111000010111000001000110101100100101001110111110011010001111101110010100110110101100010000011
11101000111110111001010011011010110001000001000101110000010001101011001001010011101111100001011100000100011010110010010100111011111011101000111110111001010011011010110001000001
11110100011111011100101001101101011000100000000010111000001000110101100100101001110111110000101110000010001101011001001010011101111111110100011111011100101001101101011000100000
10111010001111101110010100110110101100010000010001011100000100011010110010010100111011110100010111000001000110101100100101001110111110111010001111101110010100110110101100010000
10011101000111110111001010011011010110001000011000101110000010001101011001001010011101110110001011100000100011010110010010100111011110011101000111110111001010011011010110001000
10001110100011111011100101001101101011000100011100010111000001000110101100100101001110110111000101110000010001101011001001010011101110001110100011111011100101001101101011000100
10000111010001111101110010100110110101100010011110001011100000100011010110010010100111010111100010111000001000110101100100101001110110000111010001111101110010100110110101100010
10000011101000111110111001010011011010110001011111000101110000010001101011001001010011100111110001011100000100011010110010010100111010000011101000111110111001010011011010110001
11000001110100011111011100101001101101011000001111100010111000001000110101100100101001110011111000101110000010001101011001001010011111000001110100011111011100101001101101011000
10100000111010001111101110010100110110101100010111110001011100000100011010110010010100110101111100010111000001000110101100100101001110100000111010001111101110010100110110101100
10010000011101000111110111001010011011010110011011111000101110000010001101011001001010010110111110001011100000100011010110010010100110010000011101000111110111001010011011010110
10001000001110100011111011100101001101101011011101111100010111000001000110101100100101000111011111000101110000010001101011001001010010001000001110100011111011100101001101101011
11000100000111010001111101110010100110110101001110111110001011100000100011010110010010100011101111100010111000001000110101100100101011000100000111010001111101110010100110110101
11100010000011101000111110111001010011011010000111011111000101110000010001101011001001010001110111110001011100000100011010110010010111100010000011101000111110111001010011011010
10110001000001110100011111011100101001101101010011101111100010111000001000110101100100100100111011111000101110000010001101011001001010110001000001110100011111011100101001101101
11011000100000111010001111101110010100110110001001110111110001011100000100011010110010010010011101111100010111000001000110101100100111011000100000111010001111101110010100110110
10101100010000011101000111110111001010011011010100111011111000101110000010001101011001000101001110111110001011100000100011010110010010101100010000011101000111110111001010011011
11010110001000001110100011111011100101001101001010011101111100010111000001000110101100100010100111011111000101110000010001101011001011010110001000001110100011111011100101001101
11101011000100000111010001111101110010100110000101001110111110001011100000100011010110010001010011101111100010111000001000110101100111101011000100000111010001111101110010100110
10110101100010000011101000111110111001010011010010100111011111000101110000010001101011000100101001110111110001011100000100011010110010110101100010000011101000111110111001010011
