01111111111111111111111111111111111111111111111111111111111111111111111111111111111111111111111111111111111111111111111111111111111111111111111111111111
00110110011110000111111100100010110101111101111010110000100110010100011001010101011001110101100110111100101000010000010100101110110000000111100001100100
00011011001111000011111110010001011010111110111101011000010011001010001100101010101100111010110011011110010100001000001010010111011000000011110000110010
00001101100111100001111111001000101101011111011110101100001001100101000110010101010110011101011001101111001010000100000101001011101100000001111000011001
01000110110011110000111111100100010110101111101111010110000100110010100011001010101011001110101100110111100101000010000010100101110110000000111100001100
00100011011001111000011111110010001011010111110111101011000010011001010001100101010101100111010110011011110010100001000001010010111011000000011110000110
00010001101100111100001111111001000101101011111011110101100001001100101000110010101010110011101011001101111001010000100000101001011101100000001111000011
01001000110110011110000111111100100010110101111101111010110000100110010100011001010101011001110101100110111100101000010000010100101110110000000111100001
01100100011011001111000011111110010001011010111110111101011000010011001010001100101010101100111010110011011110010100001000001010010111011000000011110000
00110010001101100111100001111111001000101101011111011110101100001001100101000110010101010110011101011001101111001010000100000101001011101100000001111000
00011001000110110011110000111111100100010110101111101111010110000100110010100011001010101011001110101100110111100101000010000010100101110110000000111100
00001100100011011001111000011111110010001011010111110111101011000010011001010001100101010101100111010110011011110010100001000001010010111011000000011110
00000110010001101100111100001111111001000101101011111011110101100001001100101000110010101010110011101011001101111001010000100000101001011101100000001111
01000011001000110110011110000111111100100010110101111101111010110000100110010100011001010101011001110101100110111100101000010000010100101110110000000111
01100001100100011011001111000011111110010001011010111110111101011000010011001010001100101010101100111010110011011110010100001000001010010111011000000011
01110000110010001101100111100001111111001000101101011111011110101100001001100101000110010101010110011101011001101111001010000100000101001011101100000001
01111000011001000110110011110000111111100100010110101111101111010110000100110010100011001010101011001110101100110111100101000010000010100101110110000000
00111100001100100011011001111000011111110010001011010111110111101011000010011001010001100101010101100111010110011011110010100001000001010010111011000000
00011110000110010001101100111100001111111001000101101011111011110101100001001100101000110010101010110011101011001101111001010000100000101001011101100000
00001111000011001000110110011110000111111100100010110101111101111010110000100110010100011001010101011001110101100110111100101000010000010100101110110000
00000111100001100100011011001111000011111110010001011010111110111101011000010011001010001100101010101100111010110011011110010100001000001010010111011000
00000011110000110010001101100111100001111111001000101101011111011110101100001001100101000110010101010110011101011001101111001010000100000101001011101100
00000001111000011001000110110011110000111111100100010110101111101111010110000100110010100011001010101011001110101100110111100101000010000010100101110110
00000000111100001100100011011001111000011111110010001011010111110111101011000010011001010001100101010101100111010110011011110010100001000001010010111011
01000000011110000110010001101100111100001111111001000101101011111011110101100001001100101000110010101010110011101011001101111001010000100000101001011101
01100000001111000011001000110110011110000111111100100010110101111101111010110000100110010100011001010101011001110101100110111100101000010000010100101110
00110000000111100001100100011011001111000011111110010001011010111110111101011000010011001010001100101010101100111010110011011110010100001000001010010111
01011000000011110000110010001101100111100001111111001000101101011111011110101100001001100101000110010101010110011101011001101111001010000100000101001011
01101100000001111000011001000110110011110000111111100100010110101111101111010110000100110010100011001010101011001110101100110111100101000010000010100101
01110110000000111100001100100011011001111000011111110010001011010111110111101011000010011001010001100101010101100111010110011011110010100001000001010010
00111011000000011110000110010001101100111100001111111001000101101011111011110101100001001100101000110010101010110011101011001101111001010000100000101001
01011101100000001111000011001000110110011110000111111100100010110101111101111010110000100110010100011001010101011001110101100110111100101000010000010100
00101110110000000111100001100100011011001111000011111110010001011010111110111101011000010011001010001100101010101100111010110011011110010100001000001010
00010111011000000011110000110010001101100111100001111111001000101101011111011110101100001001100101000110010101010110011101011001101111001010000100000101
01001011101100000001111000011001000110110011110000111111100100010110101111101111010110000100110010100011001010101011001110101100110111100101000010000010
00100101110110000000111100001100100011011001111000011111110010001011010111110111101011000010011001010001100101010101100111010110011011110010100001000001
01010010111011000000011110000110010001101100111100001111111001000101101011111011110101100001001100101000110010101010110011101011001101111001010000100000
00101001011101100000001111000011001000110110011110000111111100100010110101111101111010110000100110010100011001010101011001110101100110111100101000010000
00010100101110110000000111100001100100011011001111000011111110010001011010111110111101011000010011001010001100101010101100111010110011011110010100001000
00001010010111011000000011110000110010001101100111100001111111001000101101011111011110101100001001100101000110010101010110011101011001101111001010000100
00000101001011101100000001111000011001000110110011110000111111100100010110101111101111010110000100110010100011001010101011001110101100110111100101000010
00000010100101110110000000111100001100100011011001111000011111110010001011010111110111101011000010011001010001100101010101100111010110011011110010100001
01000001010010111011000000011110000110010001101100111100001111111001000101101011111011110101100001001100101000110010101010110011101011001101111001010000
00100000101001011101100000001111000011001000110110011110000111111100100010110101111101111010110000100110010100011001010101011001110101100110111100101000
00010000010100101110110000000111100001100100011011001111000011111110010001011010111110111101011000010011001010001100101010101100111010110011011110010100
00001000001010010111011000000011110000110010001101100111100001111111001000101101011111011110101100001001100101000110010101010110011101011001101111001010
00000100000101001011101100000001111000011001000110110011110000111111100100010110101111101111010110000100110010100011001010101011001110101100110111100101
01000010000010100101110110000000111100001100100011011001111000011111110010001011010111110111101011000010011001010001100101010101100111010110011011110010
00100001000001010010111011000000011110000110010001101100111100001111111001000101101011111011110101100001001100101000110010101010110011101011001101111001
01010000100000101001011101100000001111000011001000110110011110000111111100100010110101111101111010110000100110010100011001010101011001110101100110111100
00101000010000010100101110110000000111100001100100011011001111000011111110010001011010111110111101011000010011001010001100101010101100111010110011011110
00010100001000001010010111011000000011110000110010001101100111100001111111001000101101011111011110101100001001100101000110010101010110011101011001101111
01001010000100000101001011101100000001111000011001000110110011110000111111100100010110101111101111010110000100110010100011001010101011001110101100110111
01100101000010000010100101110110000000111100001100100011011001111000011111110010001011010111110111101011000010011001010001100101010101100111010110011011
01110010100001000001010010111011000000011110000110010001101100111100001111111001000101101011111011110101100001001100101000110010101010110011101011001101
01111001010000100000101001011101100000001111000011001000110110011110000111111100100010110101111101111010110000100110010100011001010101011001110101100110
00111100101000010000010100101110110000000111100001100100011011001111000011111110010001011010111110111101011000010011001010001100101010101100111010110011
01011110010100001000001010010111011000000011110000110010001101100111100001111111001000101101011111011110101100001001100101000110010101010110011101011001
01101111001010000100000101001011101100000001111000011001000110110011110000111111100100010110101111101111010110000100110010100011001010101011001110101100
00110111100101000010000010100101110110000000111100001100100011011001111000011111110010001011010111110111101011000010011001010001100101010101100111010110
00011011110010100001000001010010111011000000011110000110010001101100111100001111111001000101101011111011110101100001001100101000110010101010110011101011
01001101111001010000100000101001011101100000001111000011001000110110011110000111111100100010110101111101111010110000100110010100011001010101011001110101
01100110111100101000010000010100101110110000000111100001100100011011001111000011111110010001011010111110111101011000010011001010001100101010101100111010
00110011011110010100001000001010010111011000000011110000110010001101100111100001111111001000101101011111011110101100001001100101000110010101010110011101
01011001101111001010000100000101001011101100000001111000011001000110110011110000111111100100010110101111101111010110000100110010100011001010101011001110
00101100110111100101000010000010100101110110000000111100001100100011011001111000011111110010001011010111110111101011000010011001010001100101010101100111
01010110011011110010100001000001010010111011000000011110000110010001101100111100001111111001000101101011111011110101100001001100101000110010101010110011
01101011001101111001010000100000101001011101100000001111000011001000110110011110000111111100100010110101111101111010110000100110010100011001010101011001
01110101100110111100101000010000010100101110110000000111100001100100011011001111000011111110010001011010111110111101011000010011001010001100101010101100
00111010110011011110010100001000001010010111011000000011110000110010001101100111100001111111001000101101011111011110101100001001100101000110010101010110
00011101011001101111001010000100000101001011101100000001111000011001000110110011110000111111100100010110101111101111010110000100110010100011001010101011
01001110101100110111100101000010000010100101110110000000111100001100100011011001111000011111110010001011010111110111101011000010011001010001100101010101
01100111010110011011110010100001000001010010111011000000011110000110010001101100111100001111111001000101101011111011110101100001001100101000110010101010
00110011101011001101111001010000100000101001011101100000001111000011001000110110011110000111111100100010110101111101111010110000100110010100011001010101
01011001110101100110111100101000010000010100101110110000000111100001100100011011001111000011111110010001011010111110111101011000010011001010001100101010
00101100111010110011011110010100001000001010010111011000000011110000110010001101100111100001111111001000101101011111011110101100001001100101000110010101
01010110011101011001101111001010000100000101001011101100000001111000011001000110110011110000111111100100010110101111101111010110000100110010100011001010
00101011001110101100110111100101000010000010100101110110000000111100001100100011011001111000011111110010001011010111110111101011000010011001010001100101
01010101100111010110011011110010100001000001010010111011000000011110000110010001101100111100001111111001000101101011111011110101100001001100101000110010
00101010110011101011001101111001010000100000101001011101100000001111000011001000110110011110000111111100100010110101111101111010110000100110010100011001
01010101011001110101100110111100101000010000010100101110110000000111100001100100011011001111000011111110010001011010111110111101011000010011001010001100
00101010101100111010110011011110010100001000001010010111011000000011110000110010001101100111100001111111001000101101011111011110101100001001100101000110
00010101010110011101011001101111001010000100000101001011101100000001111000011001000110110011110000111111100100010110101111101111010110000100110010100011
01001010101011001110101100110111100101000010000010100101110110000000111100001100100011011001111000011111110010001011010111110111101011000010011001010001
01100101010101100111010110011011110010100001000001010010111011000000011110000110010001101100111100001111111001000101101011111011110101100001001100101000
00110010101010110011101011001101111001010000100000101001011101100000001111000011001000110110011110000111111100100010110101111101111010110000100110010100
00011001010101011001110101100110111100101000010000010100101110110000000111100001100100011011001111000011111110010001011010111110111101011000010011001010
00001100101010101100111010110011011110010100001000001010010111011000000011110000110010001101100111100001111111001000101101011111011110101100001001100101
01000110010101010110011101011001101111001010000100000101001011101100000001111000011001000110110011110000111111100100010110101111101111010110000100110010
00100011001010101011001110101100110111100101000010000010100101110110000000111100001100100011011001111000011111110010001011010111110111101011000010011001
01010001100101010101100111010110011011110010100001000001010010111011000000011110000110010001101100111100001111111001000101101011111011110101100001001100
00101000110010101010110011101011001101111001010000100000101001011101100000001111000011001000110110011110000111111100100010110101111101111010110000100110
00010100011001010101011001110101100110111100101000010000010100101110110000000111100001100100011011001111000011111110010001011010111110111101011000010011
01001010001100101010101100111010110011011110010100001000001010010111011000000011110000110010001101100111100001111111001000101101011111011110101100001001
01100101000110010101010110011101011001101111001010000100000101001011101100000001111000011001000110110011110000111111100100010110101111101111010110000100
00110010100011001010101011001110101100110111100101000010000010100101110110000000111100001100100011011001111000011111110010001011010111110111101011000010
00011001010001100101010101100111010110011011110010100001000001010010111011000000011110000110010001101100111100001111111001000101101011111011110101100001
01001100101000110010101010110011101011001101111001010000100000101001011101100000001111000011001000110110011110000111111100100010110101111101111010110000
00100110010100011001010101011001110101100110111100101000010000010100101110110000000111100001100100011011001111000011111110010001011010111110111101011000
00010011001010001100101010101100111010110011011110010100001000001010010111011000000011110000110010001101100111100001111111001000101101011111011110101100
00001001100101000110010101010110011101011001101111001010000100000101001011101100000001111000011001000110110011110000111111100100010110101111101111010110
00000100110010100011001010101011001110101100110111100101000010000010100101110110000000111100001100100011011001111000011111110010001011010111110111101011
01000010011001010001100101010101100111010110011011110010100001000001010010111011000000011110000110010001101100111100001111111001000101101011111011110101
01100001001100101000110010101010110011101011001101111001010000100000101001011101100000001111000011001000110110011110000111111100100010110101111101111010
00110000100110010100011001010101011001110101100110111100101000010000010100101110110000000111100001100100011011001111000011111110010001011010111110111101
01011000010011001010001100101010101100111010110011011110010100001000001010010111011000000011110000110010001101100111100001111111001000101101011111011110
00101100001001100101000110010101010110011101011001101111001010000100000101001011101100000001111000011001000110110011110000111111100100010110101111101111
01010110000100110010100011001010101011001110101100110111100101000010000010100101110110000000111100001100100011011001111000011111110010001011010111110111
01101011000010011001010001100101010101100111010110011011110010100001000001010010111011000000011110000110010001101100111100001111111001000101101011111011
01110101100001001100101000110010101010110011101011001101111001010000100000101001011101100000001111000011001000110110011110000111111100100010110101111101
01111010110000100110010100011001010101011001110101100110111100101000010000010100101110110000000111100001100100011011001111000011111110010001011010111110
00111101011000010011001010001100101010101100111010110011011110010100001000001010010111011000000011110000110010001101100111100001111111001000101101011111
01011110101100001001100101000110010101010110011101011001101111001010000100000101001011101100000001111000011001000110110011110000111111100100010110101111
01101111010110000100110010100011001010101011001110101100110111100101000010000010100101110110000000111100001100100011011001111000011111110010001011010111
01110111101011000010011001010001100101010101100111010110011011110010100001000001010010111011000000011110000110010001101100111100001111111001000101101011
01111011110101100001001100101000110010101010110011101011001101111001010000100000101001011101100000001111000011001000110110011110000111111100100010110101
01111101111010110000100110010100011001010101011001110101100110111100101000010000010100101110110000000111100001100100011011001111000011111110010001011010
00111110111101011000010011001010001100101010101100111010110011011110010100001000001010010111011000000011110000110010001101100111100001111111001000101101
01011111011110101100001001100101000110010101010110011101011001101111001010000100000101001011101100000001111000011001000110110011110000111111100100010110
00101111101111010110000100110010100011001010101011001110101100110111100101000010000010100101110110000000111100001100100011011001111000011111110010001011
01010111110111101011000010011001010001100101010101100111010110011011110010100001000001010010111011000000011110000110010001101100111100001111111001000101
01101011111011110101100001001100101000110010101010110011101011001101111001010000100000101001011101100000001111000011001000110110011110000111111100100010
00110101111101111010110000100110010100011001010101011001110101100110111100101000010000010100101110110000000111100001100100011011001111000011111110010001
01011010111110111101011000010011001010001100101010101100111010110011011110010100001000001010010111011000000011110000110010001101100111100001111111001000
00101101011111011110101100001001100101000110010101010110011101011001101111001010000100000101001011101100000001111000011001000110110011110000111111100100
00010110101111101111010110000100110010100011001010101011001110101100110111100101000010000010100101110110000000111100001100100011011001111000011111110010
00001011010111110111101011000010011001010001100101010101100111010110011011110010100001000001010010111011000000011110000110010001101100111100001111111001
01000101101011111011110101100001001100101000110010101010110011101011001101111001010000100000101001011101100000001111000011001000110110011110000111111100
00100010110101111101111010110000100110010100011001010101011001110101100110111100101000010000010100101110110000000111100001100100011011001111000011111110
00010001011010111110111101011000010011001010001100101010101100111010110011011110010100001000001010010111011000000011110000110010001101100111100001111111
01001000101101011111011110101100001001100101000110010101010110011101011001101111001010000100000101001011101100000001111000011001000110110011110000111111
01100100010110101111101111010110000100110010100011001010101011001110101100110111100101000010000010100101110110000000111100001100100011011001111000011111
01110010001011010111110111101011000010011001010001100101010101100111010110011011110010100001000001010010111011000000011110000110010001101100111100001111
01111001000101101011111011110101100001001100101000110010101010110011101011001101111001010000100000101001011101100000001111000011001000110110011110000111
01111100100010110101111101111010110000100110010100011001010101011001110101100110111100101000010000010100101110110000000111100001100100011011001111000011
01111110010001011010111110111101011000010011001010001100101010101100111010110011011110010100001000001010010111011000000011110000110010001101100111100001
01111111001000101101011111011110101100001001100101000110010101010110011101011001101111001010000100000101001011101100000001111000011001000110110011110000
00111111100100010110101111101111010110000100110010100011001010101011001110101100110111100101000010000010100101110110000000111100001100100011011001111000
00011111110010001011010111110111101011000010011001010001100101010101100111010110011011110010100001000001010010111011000000011110000110010001101100111100
00001111111001000101101011111011110101100001001100101000110010101010110011101011001101111001010000100000101001011101100000001111000011001000110110011110
00000111111100100010110101111101111010110000100110010100011001010101011001110101100110111100101000010000010100101110110000000111100001100100011011001111
01000011111110010001011010111110111101011000010011001010001100101010101100111010110011011110010100001000001010010111011000000011110000110010001101100111
01100001111111001000101101011111011110101100001001100101000110010101010110011101011001101111001010000100000101001011101100000001111000011001000110110011
01110000111111100100010110101111101111010110000100110010100011001010101011001110101100110111100101000010000010100101110110000000111100001100100011011001
01111000011111110010001011010111110111101011000010011001010001100101010101100111010110011011110010100001000001010010111011000000011110000110010001101100
00111100001111111001000101101011111011110101100001001100101000110010101010110011101011001101111001010000100000101001011101100000001111000011001000110110
00011110000111111100100010110101111101111010110000100110010100011001010101011001110101100110111100101000010000010100101110110000000111100001100100011011
01001111000011111110010001011010111110111101011000010011001010001100101010101100111010110011011110010100001000001010010111011000000011110000110010001101
01100111100001111111001000101101011111011110101100001001100101000110010101010110011101011001101111001010000100000101001011101100000001111000011001000110
00110011110000111111100100010110101111101111010110000100110010100011001010101011001110101100110111100101000010000010100101110110000000111100001100100011
01011001111000011111110010001011010111110111101011000010011001010001100101010101100111010110011011110010100001000001010010111011000000011110000110010001
01101100111100001111111001000101101011111011110101100001001100101000110010101010110011101011001101111001010000100000101001011101100000001111000011001000
10000000000000000000000000000000000000000000000000000000000000000000000000000000000000000000000000000000000000000000000000000000000000000000000000000000
11001001100001111000000011011101001010000010000101001111011001101011100110101010100110001010011001000011010111101111101011010001001111111000011110011011
11100100110000111100000001101110100101000001000010100111101100110101110011010101010011000101001100100001101011110111110101101000100111111100001111001101
11110010011000011110000000110111010010100000100001010011110110011010111001101010101001100010100110010000110101111011111010110100010011111110000111100110
10111001001100001111000000011011101001010000010000101001111011001101011100110101010100110001010011001000011010111101111101011010001001111111000011110011
11011100100110000111100000001101110100101000001000010100111101100110101110011010101010011000101001100100001101011110111110101101000100111111100001111001
11101110010011000011110000000110111010010100000100001010011110110011010111001101010101001100010100110010000110101111011111010110100010011111110000111100
10110111001001100001111000000011011101001010000010000101001111011001101011100110101010100110001010011001000011010111101111101011010001001111111000011110
10011011100100110000111100000001101110100101000001000010100111101100110101110011010101010011000101001100100001101011110111110101101000100111111100001111
11001101110010011000011110000000110111010010100000100001010011110110011010111001101010101001100010100110010000110101111011111010110100010011111110000111
11100110111001001100001111000000011011101001010000010000101001111011001101011100110101010100110001010011001000011010111101111101011010001001111111000011
11110011011100100110000111100000001101110100101000001000010100111101100110101110011010101010011000101001100100001101011110111110101101000100111111100001
11111001101110010011000011110000000110111010010100000100001010011110110011010111001101010101001100010100110010000110101111011111010110100010011111110000
10111100110111001001100001111000000011011101001010000010000101001111011001101011100110101010100110001010011001000011010111101111101011010001001111111000
10011110011011100100110000111100000001101110100101000001000010100111101100110101110011010101010011000101001100100001101011110111110101101000100111111100
10001111001101110010011000011110000000110111010010100000100001010011110110011010111001101010101001100010100110010000110101111011111010110100010011111110
10000111100110111001001100001111000000011011101001010000010000101001111011001101011100110101010100110001010011001000011010111101111101011010001001111111
11000011110011011100100110000111100000001101110100101000001000010100111101100110101110011010101010011000101001100100001101011110111110101101000100111111
11100001111001101110010011000011110000000110111010010100000100001010011110110011010111001101010101001100010100110010000110101111011111010110100010011111
11110000111100110111001001100001111000000011011101001010000010000101001111011001101011100110101010100110001010011001000011010111101111101011010001001111
11111000011110011011100100110000111100000001101110100101000001000010100111101100110101110011010101010011000101001100100001101011110111110101101000100111
11111100001111001101110010011000011110000000110111010010100000100001010011110110011010111001101010101001100010100110010000110101111011111010110100010011
11111110000111100110111001001100001111000000011011101001010000010000101001111011001101011100110101010100110001010011001000011010111101111101011010001001
11111111000011110011011100100110000111100000001101110100101000001000010100111101100110101110011010101010011000101001100100001101011110111110101101000100
10111111100001111001101110010011000011110000000110111010010100000100001010011110110011010111001101010101001100010100110010000110101111011111010110100010
10011111110000111100110111001001100001111000000011011101001010000010000101001111011001101011100110101010100110001010011001000011010111101111101011010001
11001111111000011110011011100100110000111100000001101110100101000001000010100111101100110101110011010101010011000101001100100001101011110111110101101000
10100111111100001111001101110010011000011110000000110111010010100000100001010011110110011010111001101010101001100010100110010000110101111011111010110100
10010011111110000111100110111001001100001111000000011011101001010000010000101001111011001101011100110101010100110001010011001000011010111101111101011010
10001001111111000011110011011100100110000111100000001101110100101000001000010100111101100110101110011010101010011000101001100100001101011110111110101101
11000100111111100001111001101110010011000011110000000110111010010100000100001010011110110011010111001101010101001100010100110010000110101111011111010110
10100010011111110000111100110111001001100001111000000011011101001010000010000101001111011001101011100110101010100110001010011001000011010111101111101011
11010001001111111000011110011011100100110000111100000001101110100101000001000010100111101100110101110011010101010011000101001100100001101011110111110101
11101000100111111100001111001101110010011000011110000000110111010010100000100001010011110110011010111001101010101001100010100110010000110101111011111010
10110100010011111110000111100110111001001100001111000000011011101001010000010000101001111011001101011100110101010100110001010011001000011010111101111101
11011010001001111111000011110011011100100110000111100000001101110100101000001000010100111101100110101110011010101010011000101001100100001101011110111110
10101101000100111111100001111001101110010011000011110000000110111010010100000100001010011110110011010111001101010101001100010100110010000110101111011111
11010110100010011111110000111100110111001001100001111000000011011101001010000010000101001111011001101011100110101010100110001010011001000011010111101111
11101011010001001111111000011110011011100100110000111100000001101110100101000001000010100111101100110101110011010101010011000101001100100001101011110111
11110101101000100111111100001111001101110010011000011110000000110111010010100000100001010011110110011010111001101010101001100010100110010000110101111011
11111010110100010011111110000111100110111001001100001111000000011011101001010000010000101001111011001101011100110101010100110001010011001000011010111101
11111101011010001001111111000011110011011100100110000111100000001101110100101000001000010100111101100110101110011010101010011000101001100100001101011110
10111110101101000100111111100001111001101110010011000011110000000110111010010100000100001010011110110011010111001101010101001100010100110010000110101111
11011111010110100010011111110000111100110111001001100001111000000011011101001010000010000101001111011001101011100110101010100110001010011001000011010111
11101111101011010001001111111000011110011011100100110000111100000001101110100101000001000010100111101100110101110011010101010011000101001100100001101011
11110111110101101000100111111100001111001101110010011000011110000000110111010010100000100001010011110110011010111001101010101001100010100110010000110101
11111011111010110100010011111110000111100110111001001100001111000000011011101001010000010000101001111011001101011100110101010100110001010011001000011010
10111101111101011010001001111111000011110011011100100110000111100000001101110100101000001000010100111101100110101110011010101010011000101001100100001101
11011110111110101101000100111111100001111001101110010011000011110000000110111010010100000100001010011110110011010111001101010101001100010100110010000110
10101111011111010110100010011111110000111100110111001001100001111000000011011101001010000010000101001111011001101011100110101010100110001010011001000011
11010111101111101011010001001111111000011110011011100100110000111100000001101110100101000001000010100111101100110101110011010101010011000101001100100001
11101011110111110101101000100111111100001111001101110010011000011110000000110111010010100000100001010011110110011010111001101010101001100010100110010000
10110101111011111010110100010011111110000111100110111001001100001111000000011011101001010000010000101001111011001101011100110101010100110001010011001000
10011010111101111101011010001001111111000011110011011100100110000111100000001101110100101000001000010100111101100110101110011010101010011000101001100100
10001101011110111110101101000100111111100001111001101110010011000011110000000110111010010100000100001010011110110011010111001101010101001100010100110010
10000110101111011111010110100010011111110000111100110111001001100001111000000011011101001010000010000101001111011001101011100110101010100110001010011001
11000011010111101111101011010001001111111000011110011011100100110000111100000001101110100101000001000010100111101100110101110011010101010011000101001100
10100001101011110111110101101000100111111100001111001101110010011000011110000000110111010010100000100001010011110110011010111001101010101001100010100110
10010000110101111011111010110100010011111110000111100110111001001100001111000000011011101001010000010000101001111011001101011100110101010100110001010011
11001000011010111101111101011010001001111111000011110011011100100110000111100000001101110100101000001000010100111101100110101110011010101010011000101001
11100100001101011110111110101101000100111111100001111001101110010011000011110000000110111010010100000100001010011110110011010111001101010101001100010100
10110010000110101111011111010110100010011111110000111100110111001001100001111000000011011101001010000010000101001111011001101011100110101010100110001010
10011001000011010111101111101011010001001111111000011110011011100100110000111100000001101110100101000001000010100111101100110101110011010101010011000101
11001100100001101011110111110101101000100111111100001111001101110010011000011110000000110111010010100000100001010011110110011010111001101010101001100010
10100110010000110101111011111010110100010011111110000111100110111001001100001111000000011011101001010000010000101001111011001101011100110101010100110001
11010011001000011010111101111101011010001001111111000011110011011100100110000111100000001101110100101000001000010100111101100110101110011010101010011000
10101001100100001101011110111110101101000100111111100001111001101110010011000011110000000110111010010100000100001010011110110011010111001101010101001100
10010100110010000110101111011111010110100010011111110000111100110111001001100001111000000011011101001010000010000101001111011001101011100110101010100110
10001010011001000011010111101111101011010001001111111000011110011011100100110000111100000001101110100101000001000010100111101100110101110011010101010011
11000101001100100001101011110111110101101000100111111100001111001101110010011000011110000000110111010010100000100001010011110110011010111001101010101001
11100010100110010000110101111011111010110100010011111110000111100110111001001100001111000000011011101001010000010000101001111011001101011100110101010100
10110001010011001000011010111101111101011010001001111111000011110011011100100110000111100000001101110100101000001000010100111101100110101110011010101010
10011000101001100100001101011110111110101101000100111111100001111001101110010011000011110000000110111010010100000100001010011110110011010111001101010101
11001100010100110010000110101111011111010110100010011111110000111100110111001001100001111000000011011101001010000010000101001111011001101011100110101010
10100110001010011001000011010111101111101011010001001111111000011110011011100100110000111100000001101110100101000001000010100111101100110101110011010101
11010011000101001100100001101011110111110101101000100111111100001111001101110010011000011110000000110111010010100000100001010011110110011010111001101010
10101001100010100110010000110101111011111010110100010011111110000111100110111001001100001111000000011011101001010000010000101001111011001101011100110101
11010100110001010011001000011010111101111101011010001001111111000011110011011100100110000111100000001101110100101000001000010100111101100110101110011010
10101010011000101001100100001101011110111110101101000100111111100001111001101110010011000011110000000110111010010100000100001010011110110011010111001101
11010101001100010100110010000110101111011111010110100010011111110000111100110111001001100001111000000011011101001010000010000101001111011001101011100110
10101010100110001010011001000011010111101111101011010001001111111000011110011011100100110000111100000001101110100101000001000010100111101100110101110011
11010101010011000101001100100001101011110111110101101000100111111100001111001101110010011000011110000000110111010010100000100001010011110110011010111001
11101010101001100010100110010000110101111011111010110100010011111110000111100110111001001100001111000000011011101001010000010000101001111011001101011100
10110101010100110001010011001000011010111101111101011010001001111111000011110011011100100110000111100000001101110100101000001000010100111101100110101110
10011010101010011000101001100100001101011110111110101101000100111111100001111001101110010011000011110000000110111010010100000100001010011110110011010111
11001101010101001100010100110010000110101111011111010110100010011111110000111100110111001001100001111000000011011101001010000010000101001111011001101011
11100110101010100110001010011001000011010111101111101011010001001111111000011110011011100100110000111100000001101110100101000001000010100111101100110101
11110011010101010011000101001100100001101011110111110101101000100111111100001111001101110010011000011110000000110111010010100000100001010011110110011010
10111001101010101001100010100110010000110101111011111010110100010011111110000111100110111001001100001111000000011011101001010000010000101001111011001101
11011100110101010100110001010011001000011010111101111101011010001001111111000011110011011100100110000111100000001101110100101000001000010100111101100110
10101110011010101010011000101001100100001101011110111110101101000100111111100001111001101110010011000011110000000110111010010100000100001010011110110011
11010111001101010101001100010100110010000110101111011111010110100010011111110000111100110111001001100001111000000011011101001010000010000101001111011001
11101011100110101010100110001010011001000011010111101111101011010001001111111000011110011011100100110000111100000001101110100101000001000010100111101100
10110101110011010101010011000101001100100001101011110111110101101000100111111100001111001101110010011000011110000000110111010010100000100001010011110110
10011010111001101010101001100010100110010000110101111011111010110100010011111110000111100110111001001100001111000000011011101001010000010000101001111011
11001101011100110101010100110001010011001000011010111101111101011010001001111111000011110011011100100110000111100000001101110100101000001000010100111101
11100110101110011010101010011000101001100100001101011110111110101101000100111111100001111001101110010011000011110000000110111010010100000100001010011110
10110011010111001101010101001100010100110010000110101111011111010110100010011111110000111100110111001001100001111000000011011101001010000010000101001111
11011001101011100110101010100110001010011001000011010111101111101011010001001111111000011110011011100100110000111100000001101110100101000001000010100111
11101100110101110011010101010011000101001100100001101011110111110101101000100111111100001111001101110010011000011110000000110111010010100000100001010011
11110110011010111001101010101001100010100110010000110101111011111010110100010011111110000111100110111001001100001111000000011011101001010000010000101001
11111011001101011100110101010100110001010011001000011010111101111101011010001001111111000011110011011100100110000111100000001101110100101000001000010100
10111101100110101110011010101010011000101001100100001101011110111110101101000100111111100001111001101110010011000011110000000110111010010100000100001010
10011110110011010111001101010101001100010100110010000110101111011111010110100010011111110000111100110111001001100001111000000011011101001010000010000101
11001111011001101011100110101010100110001010011001000011010111101111101011010001001111111000011110011011100100110000111100000001101110100101000001000010
10100111101100110101110011010101010011000101001100100001101011110111110101101000100111111100001111001101110010011000011110000000110111010010100000100001
11010011110110011010111001101010101001100010100110010000110101111011111010110100010011111110000111100110111001001100001111000000011011101001010000010000
10101001111011001101011100110101010100110001010011001000011010111101111101011010001001111111000011110011011100100110000111100000001101110100101000001000
10010100111101100110101110011010101010011000101001100100001101011110111110101101000100111111100001111001101110010011000011110000000110111010010100000100
10001010011110110011010111001101010101001100010100110010000110101111011111010110100010011111110000111100110111001001100001111000000011011101001010000010
10000101001111011001101011100110101010100110001010011001000011010111101111101011010001001111111000011110011011100100110000111100000001101110100101000001
11000010100111101100110101110011010101010011000101001100100001101011110111110101101000100111111100001111001101110010011000011110000000110111010010100000
10100001010011110110011010111001101010101001100010100110010000110101111011111010110100010011111110000111100110111001001100001111000000011011101001010000
10010000101001111011001101011100110101010100110001010011001000011010111101111101011010001001111111000011110011011100100110000111100000001101110100101000
10001000010100111101100110101110011010101010011000101001100100001101011110111110101101000100111111100001111001101110010011000011110000000110111010010100
10000100001010011110110011010111001101010101001100010100110010000110101111011111010110100010011111110000111100110111001001100001111000000011011101001010
10000010000101001111011001101011100110101010100110001010011001000011010111101111101011010001001111111000011110011011100100110000111100000001101110100101
11000001000010100111101100110101110011010101010011000101001100100001101011110111110101101000100111111100001111001101110010011000011110000000110111010010
10100000100001010011110110011010111001101010101001100010100110010000110101111011111010110100010011111110000111100110111001001100001111000000011011101001
11010000010000101001111011001101011100110101010100110001010011001000011010111101111101011010001001111111000011110011011100100110000111100000001101110100
10101000001000010100111101100110101110011010101010011000101001100100001101011110111110101101000100111111100001111001101110010011000011110000000110111010
10010100000100001010011110110011010111001101010101001100010100110010000110101111011111010110100010011111110000111100110111001001100001111000000011011101
11001010000010000101001111011001101011100110101010100110001010011001000011010111101111101011010001001111111000011110011011100100110000111100000001101110
10100101000001000010100111101100110101110011010101010011000101001100100001101011110111110101101000100111111100001111001101110010011000011110000000110111
11010010100000100001010011110110011010111001101010101001100010100110010000110101111011111010110100010011111110000111100110111001001100001111000000011011
11101001010000010000101001111011001101011100110101010100110001010011001000011010111101111101011010001001111111000011110011011100100110000111100000001101
11110100101000001000010100111101100110101110011010101010011000101001100100001101011110111110101101000100111111100001111001101110010011000011110000000110
10111010010100000100001010011110110011010111001101010101001100010100110010000110101111011111010110100010011111110000111100110111001001100001111000000011
11011101001010000010000101001111011001101011100110101010100110001010011001000011010111101111101011010001001111111000011110011011100100110000111100000001
11101110100101000001000010100111101100110101110011010101010011000101001100100001101011110111110101101000100111111100001111001101110010011000011110000000
10110111010010100000100001010011110110011010111001101010101001100010100110010000110101111011111010110100010011111110000111100110111001001100001111000000
10011011101001010000010000101001111011001101011100110101010100110001010011001000011010111101111101011010001001111111000011110011011100100110000111100000
10001101110100101000001000010100111101100110101110011010101010011000101001100100001101011110111110101101000100111111100001111001101110010011000011110000
10000110111010010100000100001010011110110011010111001101010101001100010100110010000110101111011111010110100010011111110000111100110111001001100001111000
10000011011101001010000010000101001111011001101011100110101010100110001010011001000011010111101111101011010001001111111000011110011011100100110000111100
10000001101110100101000001000010100111101100110101110011010101010011000101001100100001101011110111110101101000100111111100001111001101110010011000011110
10000000110111010010100000100001010011110110011010111001101010101001100010100110010000110101111011111010110100010011111110000111100110111001001100001111
11000000011011101001010000010000101001111011001101011100110101010100110001010011001000011010111101111101011010001001111111000011110011011100100110000111
11100000001101110100101000001000010100111101100110101110011010101010011000101001100100001101011110111110101101000100111111100001111001101110010011000011
11110000000110111010010100000100001010011110110011010111001101010101001100010100110010000110101111011111010110100010011111110000111100110111001001100001
11111000000011011101001010000010000101001111011001101011100110101010100110001010011001000011010111101111101011010001001111111000011110011011100100110000
10111100000001101110100101000001000010100111101100110101110011010101010011000101001100100001101011110111110101101000100111111100001111001101110010011000
10011110000000110111010010100000100001010011110110011010111001101010101001100010100110010000110101111011111010110100010011111110000111100110111001001100
10001111000000011011101001010000010000101001111011001101011100110101010100110001010011001000011010111101111101011010001001111111000011110011011100100110
10000111100000001101110100101000001000010100111101100110101110011010101010011000101001100100001101011110111110101101000100111111100001111001101110010011
11000011110000000110111010010100000100001010011110110011010111001101010101001100010100110010000110101111011111010110100010011111110000111100110111001001
11100001111000000011011101001010000010000101001111011001101011100110101010100110001010011001000011010111101111101011010001001111111000011110011011100100
10110000111100000001101110100101000001000010100111101100110101110011010101010011000101001100100001101011110111110101101000100111111100001111001101110010
10011000011110000000110111010010100000100001010011110110011010111001101010101001100010100110010000110101111011111010110100010011111110000111100110111001
11001100001111000000011011101001010000010000101001111011001101011100110101010100110001010011001000011010111101111101011010001001111111000011110011011100
10100110000111100000001101110100101000001000010100111101100110101110011010101010011000101001100100001101011110111110101101000100111111100001111001101110
10010011000011110000000110111010010100000100001010011110110011010111001101010101001100010100110010000110101111011111010110100010011111110000111100110111
