0001000101111110100010000011100101001010011100010010011000000110010010011101110100101110111000010001011111101000100000111001010010100111000100100110000001100100100111011101001011101110
0000100010111111010001000001110010100101001110101001001100000011001000001110111010010111011100001000101111110100010000011100101001010011101010010011000000110010000011101110100101110111
0000010001011111101000100000111001010010100111010100100110000001100101000111011101001011101100000100010111111010001000001110010100101001110101001001100000011001010001110111010010111011
1000001000101111110100010000011100101001010011001010010011000000110011100011101110100101110110000010001011111101000100000111001010010100110010100100110000001100111000111011101001011101
0100000100010111111010011000001110010100101001100101001001100000011001110001110111010010111001000001000101111110100110000011100101001010011001010010011000000110011100011101110100101110
0010000010001011111101011100000111001010010100010010100100110000001100111000111011101001011100100000100010111111010111000001110010100101000100101001001100000011001110001110111010010111
0001000001000101111110101110000011100101001010001001010010011000000111011100011101110100101100010000010001011111101011100000111001010010100010010100100110000001110111000111011101001011
1000100000100010111111000111000001110010100101100100101001001100000011101110001110111010010110001000001000101111110001110000011100101001011001001010010011000000111011100011101110100101
0100010000010001011111110011100000111001010010110010010100100110000001110111000111011101001001000100000100010111111100111000001110010100101100100101001001100000011101110001110111010010
1010001000001000101111101001110000011100101001011001001010010011000000111011100011101110100110100010000010001011111010011100000111001010010110010010100100110000001110111000111011101001
1101000100000100010111110100111000001110010100001100100101001001100001011101110001110111010011010001000001000101111101001110000011100101000011001001010010011000010111011100011101110100
1110100010000010001011101010011100000111001010000110010010100100110000101110111000111011101011101000100000100010111010100111000001110010100001100100101001001100001011101110001110111010
1111010001000001000101100101001110000011100101000011001001010010011000010111011100011101110111110100010000010001011001010011100000111001010000110010010100100110000101110111000111011101
1111101000100000100010110010100111000001110010000001100100101001001101001011101110001110111011111010001000001000101100101001110000011100100000011001001010010011010010111011100011101110
1111110100010000010001001001010011100000111001000000110010010100100110100101110111000111011111111101000100000100010010010100111000001110010000001100100101001001101001011101110001110111
0111111010001000001000110100101001110000011100100000011001001010010011010010111011100011101101111110100010000010001101001010011100000111001000000110010010100100110100101110111000111011
1011111101000100000100001010010100111000001110110000001100100101001001101001011101110001110110111111010001000001000010100101001110000011101100000011001001010010011010010111011100011101
0101111110100010000010000101001010011100000111011000000110010010100101110100101110111000111001011111101000100000100001010010100111000001110110000001100100101001011101001011101110001110
0010111111010001000001010010100101001110000011001100000011001001010010111010010111011100011100101111110100010000010100101001010011100000110011000000110010010100101110100101110111000111
0001011111101000100000111001010010100111000001100110000001100100101001011101001011101110001100010111111010001000001110010100101001110000011001100000011001001010010111010010111011100011
1000101111110100010000011100101001010011100000010011000000110010010101101110100101110111000110001011111101000100000111001010010100111000000100110000001100100101011011101001011101110001
0100010111111010001000001110010100101001110000001001100000011001001011110111010010111011100001000101111110100010000011100101001010011100000010011000000110010010111101110100101110111000
0010001011111101000100000111001010010100111000100100110000001100100100111011101001011101110000100010111111010001000001110010100101001110001001001100000011001001001110111010010111011100
1110001101011010110001100010001011111101000100110001000101101000100010100100110000001100100111100011010110101100011000100010111111010001001100010001011010001000101001001100000011001001
1111000110101101011000100001000101111110100010111000100010110100010001010010011000000110010011110001101011010110001000010001011111101000101110001000101101000100010100100110000001100100
1111100011010110101100000000100010111111010001011100010001011010001000101001001100000011001011111000110101101011000000001000101111110100010111000100010110100010001010010011000000110010
0111110001101011010110010000010001011111101000001110001000101101000100010100100110000001100101111100011010110101100100000100010111111010000011100010001011010001000101001001100000011001
0011111000110101101011001000001000101111110100000111000100010110100011001010010011000000110000111110001101011010110010000010001011111101000001110001000101101000110010100100110000001100
0001111100011010110101100100000100010111111010100011100010001011010000100101001001100000011000011111000110101101011001000001000101111110101000111000100010110100001001010010011000000110
1000111110001101011010100010000010001011111101010001110001000101101000010010100100110000001110001111100011010110101000100000100010111111010100011100010001011010000100101001001100000011
1100011111000110101101010001000001000101111110001000111000100010110101001001010010011000000111000111110001101011010100010000010001011111100010001110001000101101010010010100100110000001
0110001111100011010110101000100000100010111111000100011100010001011011100100101001001100000001100011111000110101101010001000001000101111110001000111000100010110111001001010010011000000
1011000111110001101011010100010000010001011111100010001110001000101100110010010100100110000010110001111100011010110101000100000100010111111000100011100010001011001100100101001001100000
0101100011111000110101111010001000001000101111010001000111000100010110011001001010010011000001011000111110001101011110100010000010001011110100010001110001000101100110010010100100110000
1010110001111100011010111101000100000100010111101000100011100010001010001100100101001001100010101100011111000110101111010001000001000101111010001000111000100010100011001001010010011000
1101011000111110001101011110100010000010001011110100010001110001000100000110010010100100110011010110001111100011010111101000100000100010111101000100011100010001000001100100101001001100
0110101100011111000110111111010001000001000101011010001000111000100010000011001001010010011001101011000111110001101111110100010000010001010110100010001110001000100000110010010100100110
1011010110001111100011011111101000100000100010101101000100011100010000000001100100101001001110110101100011111000110111111010001000001000101011010001000111000100000000011001001010010011
0101101011000111110001101111110100010000010001010110100010001110001001000000110010010100100101011010110001111100011011111101000100000100010101101000100011100010010000001100100101001001
1010110101100011111000110111111010001000001000001011010001000111000101100000011001001010010010101101011000111110001101111110100010000010000010110100010001110001011000000110010010100100
1101011010110001111100001011111101000100000100000101101000100011100010110000001100100101001011010110101100011111000010111111010001000001000001011010001000111000101100000011001001010010
0110101101011000111110000101111110100010000010100010110100010001110000011000000110010010100101101011010110001111100001011111101000100000101000101101000100011100000110000001100100101001
0011010110101100011111000010111111010001000001010001011010001000111001001100000011001001010000110101101011000111110000101111110100010000010100010110100010001110010011000000110010010100
0001101011010110001111110001011111101000100000001000101101000100011100100110000001100100101000011010110101100011111100010111111010001000000010001011010001000111001001100000011001001010
1000110101101011000111101000101111110100010000000100010110100010001110010011000000110010010110001101011010110001111010001011111101000100000001000101101000100011100100110000001100100101
1100011010110101100011100100010111111010001000100010001011010001000111001001100000011001001011000110101101011000111001000101111110100010001000100010110100010001110010011000000110010010
1011011001111110011011000111011101001011101110000100010111111010001001110001101011010110001110110110011111100110110001110111010010111011100001000101111110100010011100011010110101100011
0101101100111111001101100011101110100101110111000010001011111101000101111000110101101011000101011011001111110011011000111011101001011101110000100010111111010001011110001101011010110001
1010110110011111100110110001110111010010111011000001000101111110100011111100011010110101100010101101100111111001101100011101110100101110110000010001011111101000111111000110101101011000
1101011011001111110011011000111011101001011101100000100010111111010000111110001101011010110011010110110011111100110110001110111010010111011000001000101111110100001111100011010110101100
0110101101100111111001111100011101110100101110010000010001011111101000011111000110101101011001101011011001111110011111000111011101001011100100000100010111111010000111110001101011010110
1011010110110011111100101110001110111010010111001000001000101111110100001111100011010110101110110101101100111111001011100011101110100101110010000010001011111101000011111000110101101011
1101101011011001111110010111000111011101001011000100000100010111111011000111110001101011010111011010110110011111100101110001110111010010110001000001000101111110110001111100011010110101
0110110101101100111111011011100011101110100101100010000010001011111101100011111000110101101001101101011011001111110110111000111011101001011000100000100010111111011000111110001101011010
0011011010110110011111111101110001110111010010010001000001000101111110110001111100011010110100110110101101100111111111011100011101110100100100010000010001011111101100011111000110101101
1001101101011011001111101110111000111011101001101000100000100010111111011000111110001101011010011011010110110011111011101110001110111010011010001000001000101111110110001111100011010110
1100110110101101100111110111011100011101110100110100010000010001011110101100011111000110101111001101101011011001111101110111000111011101001101000100000100010111101011000111110001101011
1110011011010110110011101011101110001110111010111010001000001000101111010110001111100011010111100110110101101100111010111011100011101110101110100010000010001011110101100011111000110101
1111001101101011011001100101110111000111011101111101000100000100010111101011000111110001101011110011011010110110011001011101110001110111011111010001000001000101111010110001111100011010
1111100110110101101100110010111011100011101110111110100010000010001010110101100011111000110111111001101101011011001100101110111000111011101111101000100000100010101101011000111110001101
1111110011011010110110001001011101110001110111111111010001000001000101011010110001111100011011111100110110101101100010010111011100011101111111110100010000010001010110101100011111000110
0111111001101101011011010100101110111000111011011111101000100000100010101101011000111110001101111110011011010110110101001011101110001110110111111010001000001000101011010110001111100011
0011111100110110101101111010010111011100011101101111110100010000010001010110101100011111000100111111001101101011011110100101110111000111011011111101000100000100010101101011000111110001
1001111110011011010110111101001011101110001110010111111010001000001001101011010110001111100010011111100110110101101111010010111011100011100101111110100010000010011010110101100011111000
1100111111001101101011001110100101110111000111001011111101000100000100110101101011000111110011001111110011011010110011101001011101110001110010111111010001000001001101011010110001111100
0110011111100110110101110111010010111011100011000101111110100010000010011010110101100011111001100111111001101101011101110100101110111000110001011111101000100000100110101101011000111110
1011001111110011011010111011101001011101110001100010111111010001000000001101011010110001111110110011111100110110101110111010010111011100011000101111110100010000000011010110101100011111
1101100111111001101101011101110100101110111000010001011111101000100001000110101101011000111111011001111110011011010111011101001011101110000100010111111010001000010001101011010110001111
0110110011111100110110101110111010010111011100001000101111110100010001100011010110101100011101101100111111001101101011101110100101110111000010001011111101000100011000110101101011000111
1100010001011010001000110110110011111100110110000111001010010100111000001000101111110100010011000100010110100010001101101100111111001101100001110010100101001110000010001011111101000100
1110001000101101000100001011011001111110011011000011100101001010011100000100010111111010001011100010001011010001000010110110011111100110110000111001010010100111000001000101111110100010
0111000100010110100010010101101100111111001101000001110010100101001110000010001011111101000101110001000101101000100101011011001111110011010000011100101001010011100000100010111111010001
0011100010001011010001011010110110011111100110100000111001010010100111000001000101111110100000111000100010110100010110101101100111111001101000001110010100101001110000010001011111101000
0001110001000101101000101101011011001111110011110000011100101001010010100000100010111111010000011100010001011010001011010110110011111100111100000111001010010100101000001000101111110100
1000111000100010110100010110101101100111111001111000001110010100101000010000010001011111101010001110001000101101000101101011011001111110011110000011100101001010000100000100010111111010
0100011100010001011010011011010110110011111100011100000111001010010100001000001000101111110101000111000100010110100110110101101100111111000111000001110010100101000010000010001011111101
0010001110001000101101001101101011011001111110001110000011100101001011000100000100010111111000100011100010001011010011011010110110011111100011100000111001010010110001000001000101111110
0001000111000100010110100110110101101100111111100111000001110010100100100010000010001011111100010001110001000101101001101101011011001111111001110000011100101001001000100000100010111111
1000100011100010001011010011011010110110011111010011100000111001010011010001000001000101111110001000111000100010110100110110101101100111110100111000001110010100110100010000010001011111
0100010001110001000101111001101101011011001111101001110000011100101001101000100000100010111101000100011100010001011110011011010110110011111010011100000111001010011010001000001000101111
1010001000111000100010111100110110101101100111010100111000001110010101110100010000010001011110100010001110001000101111001101101011011001110101001110000011100101011101000100000100010111
1101000100011100010001011110011011010110110011001010011100000111001011111010001000001000101111010001000111000100010111100110110101101100110010100111000001110010111110100010000010001011
0110100010001110001000111111001101101011011001100101001110000011100101111101000100000100010101101000100011100010001111110011011010110110011001010011100000111001011111010001000001000101
1011010001000111000100011111100110110101101100010010100111000001110011111110100010000010001010110100010001110001000111111001101101011011000100101001110000011100111111101000100000100010
0101101000100011100010001111110011011010110110101001010011100000111000111111010001000001000101011010001000111000100011111100110110101101101010010100111000001110001111110100010000010001
0010110100010001110001000111111001101101011011010100101001110000011101011111101000100000100000101101000100011100010001111110011011010110110101001010011100000111010111111010001000001000
0001011010001000111000110011111100110110101101001010010100111000001110101111110100010000010000010110100010001110001100111111001101101011010010100101001110000011101011111101000100000100
1000101101000100011100011001111110011011010110100101001010011100000110010111111010001000001010001011010001000111000110011111100110110101101001010010100111000001100101111110100010000010
0100010110100010001110001100111111001101101011110010100101001110000010001011111101000100000101000101101000100011100011001111110011011010111100101001010011100000100010111111010001000001
0010001011010001000111010110011111100110110101111001010010100111000001000101111110100010000000100010110100010001110101100111111001101101011110010100101001110000010001011111101000100000
0001000101101000100011111011001111110011011010011100101001010011100000100010111111010001000000010001011010001000111110110011111100110110100111001010010100111000001000101111110100010000
1000100010110100010001101101100111111001101101001110010100101001110000010001011111101000100010001000101101000100011011011001111110011011010011100101001010011100000100010111111010001000
0001000101111110100010000011100101001010011100010010011000000110010010011101110100101110111011101110100000010111011111000110101101011000111011011001111110011011011000100010110100010001
0000100010111111010001000001110010100101001110101001001100000011001000001110111010010111011111110111010000001011101111100011010110101100010101101100111111001101111100010001011010001000
0000010001011111101000100000111001010010100111010100100110000001100101000111011101001011101111111011101000000101110111110001101011010110001010110110011111100110101110001000101101000100
1000001000101111110100010000011100101001010011001010010011000000110011100011101110100101110101111101110100000010111011111000110101101011001101011011001111110011000111000100010110100010
0100000100010111111010011000001110010100101001100101001001100000011001110001110111010010111010111110111010000001011001111100011010110101100110101101100111111001100011100010001011010001
0010000010001011111101011100000111001010010100010010100100110000001100111000111011101001011111011111011101000000101000111110001101011010111011010110110011111100110001110001000101101000
0001000001000101111110101110000011100101001010001001010010011000000111011100011101110100101111101111101110100000010100011111000110101101011101101011011001111110001000111000100010110100
1000100000100010111111000111000001110010100101100100101001001100000011101110001110111010010101110111110111010000001110001111100011010110100110110101101100111111000100011100010001011010
0100010000010001011111110011100000111001010010110010010100100110000001110111000111011101001010111011111011101000000011000111110001101011010011011010110110011111100010001110001000101101
1010001000001000101111101001110000011100101001011001001010010011000000111011100011101110100101011101111101110100000101100011111000110101101001101101011011001111110001000111000100010110
1101000100000100010111110100111000001110010100001100100101001001100001011101110001110111010000101110111110111010000010110001111100011010111100110110101101100111101000100011100010001011
1110100010000010001011101010011100000111001010000110010010100100110000101110111000111011101000010111011111011101000101011000111110001101011110011011010110110011110100010001110001000101
1111010001000001000101100101001110000011100101000011001001010010011000010111011100011101110100001011101111101110100110101100011111000110101111001101101011011001111010001000111000100010
1111101000100000100010110010100111000001110010000001100100101001001101001011101110001110111000000101110111110111010011010110001111100011011111100110110101101100101101000100011100010001
1111110100010000010001001001010011100000111001000000110010010100100110100101110111000111011100000010111011111011101101101011000111110001101111110011011010110110010110100010001110001000
0111111010001000001000110100101001110000011100100000011001001010010011010010111011100011101110000001011101111101110010110101100011111000110111111001101101011011001011010001000111000100
1011111101000100000100001010010100111000001110110000001100100101001001101001011101110001110101000000101110111110111101011010110001111100010011111100110110101101100101101000100011100010
0101111110100010000010000101001010011100000111011000000110010010100101110100101110111000111010100000010111011111011110101101011000111110001001111110011011010110100010110100010001110001
0010111111010001000001010010100101001110000011001100000011001001010010111010010111011100011111010000001011101111101011010110101100011111001100111111001101101011010001011010001000111000
0001011111101000100000111001010010100111000001100110000001100100101001011101001011101110001111101000000101110111110001101011010110001111100110011111100110110101101000101101000100011100
1000101111110100010000011100101001010011100000010011000000110010010101101110100101110111000101110100000010111011111000110101101011000111111011001111110011011010100100010110100010001110
0100010111111010001000001110010100101001110000001001100000011001001011110111010010111011100010111010000001011101111100011010110101100011111101100111111001101101000010001011010001000111
0010001011111101000100000111001010010100111000100100110000001100100100111011101001011101110011011101000000101110111110001101011010110001110110110011111100110110110001000101101000100011
1110001101011010110001100010001011111101000100110001000101101000100010100100110000001100100100011100101001010011100111011101000000101110110011101110100101110111010110110011111100110110
1111000110101101011000100001000101111110100010111000100010110100010001010010011000000110010000001110010100101001110111101110100000010111010001110111010010111011101011011001111110011011
1111100011010110101100000000100010111111010001011100010001011010001000101001001100000011001000000111001010010100111111110111010000001011101000111011101001011101110101101100111111001101
0111110001101011010110010000010001011111101000001110001000101101000100010100100110000001100110000011100101001010011011111011101000000101111100011101110100101110111010110110011111100110
0011111000110101101011001000001000101111110100000111000100010110100011001010010011000000110011000001110010100101001101111101110100000010111110001110111010010111001101011011001111110011
0001111100011010110101100100000100010111111010100011100010001011010000100101001001100000011011100000111001010010100110111110111010000001010111000111011101001011110110101101100111111001
1000111110001101011010100010000010001011111101010001110001000101101000010010100100110000001101110000011100101001010111011111011101000000101011100011101110100101111011010110110011111100
1100011111000110101101010001000001000101111110001000111000100010110101001001010010011000000100111000001110010100101011101111101110100000011101110001110111010010101101101011011001111110
0110001111100011010110101000100000100010111111000100011100010001011011100100101001001100000010011100000111001010010101110111110111010000001110111000111011101001000110110101101100111111
1011000111110001101011010100010000010001011111100010001110001000101100110010010100100110000001001110000011100101001010111011111011101000000111011100011101110100110011011010110110011111
0101100011111000110101111010001000001000101111010001000111000100010110011001001010010011000010100111000001110010100001011101111101110100001011101110001110111010011001101101011011001111
1010110001111100011010111101000100000100010111101000100011100010001010001100100101001001100001010011100000111001010000101110111110111010000101110111000111011101011100110110101101100111
1101011000111110001101011110100010000010001011110100010001110001000100000110010010100100110000101001110000011100101000010111011111011101000010111011100011101110111110011011010110110011
0110101100011111000110111111010001000001000101011010001000111000100010000011001001010010011010010100111000001110010000001011101111101110101001011101110001110111011111001101101011011001
1011010110001111100011011111101000100000100010101101000100011100010000000001100100101001001101001010011100000111001000000101110111110111010100101110111000111011111111100110110101101100
0101101011000111110001101111110100010000010001010110100010001110001001000000110010010100100110100101001110000011100100000010111011111011101010010111011100011101101111110011011010110110
1010110101100011111000110111111010001000001000001011010001000111000101100000011001001010010001010010100111000001110010000001011101111101111101001011101110001110100111111001101101011011
1101011010110001111100001011111101000100000100000101101000100011100010110000001100100101001000101001010011100000111101000000101110111110111110100101110111000111010011111100110110101101
0110101101011000111110000101111110100010000010100010110100010001110000011000000110010010100110010100101001110000011110100000010111011111010111010010111011100011111001111110011011010110
0011010110101100011111000010111111010001000001010001011010001000111001001100000011001001010011001010010100111000001111010000001011101111101011101001011101110001101100111111001101101011
0001101011010110001111110001011111101000100000001000101101000100011100100110000001100100101011100101001010011100000011101000000101110111111101110100101110111000110110011111100110110101
1000110101101011000111101000101111110100010000000100010110100010001110010011000000110010010101110010100101001110000101110100000010111011111110111010010111011100011011001111110011011010
1100011010110101100011100100010111111010001000100010001011010001000111001001100000011001001000111001010010100111000110111010000001011101110111011101001011101110001101100111111001101101
1011011001111110011011000111011101001011101110000100010111111010001001110001101011010110001101001001100000011001001110001000101101000100011110111010000001011101100011100101001010011100
0101101100111111001101100011101110100101110111000010001011111101000101111000110101101011000110100100110000001100100111000100010110100010001111011101000000101110100001110010100101001110
1010110110011111100110110001110111010010111011000001000101111110100011111100011010110101100001010010011000000110010011100010001011010001001111101110100000010111000000111001010010100111
1101011011001111110011011000111011101001011101100000100010111111010000111110001101011010110000101001001100000011001001110001000101101000100111110111010000001011110000011100101001010011
0110101101100111111001111100011101110100101110010000010001011111101000011111000110101101011010010100100110000001100000111000100010110100011011111011101000000101111000001110010100101001
1011010110110011111100101110001110111010010111001000001000101111110100001111100011010110101101001010010011000000110100011100010001011010001101111101110100000010111100000111001010010100
1101101011011001111110010111000111011101001011000100000100010111111011000111110001101011010100100101001001100000011010001110001000101101001110111110111010000001001110000011100101001010
0110110101101100111111011011100011101110100101100010000010001011111101100011111000110101101010010010100100110000001001000111000100010110100111011111011101000000100111000001110010100101
0011011010110110011111111101110001110111010010010001000001000101111110110001111100011010110111001001010010011000000000100011100010001011011011101111101110100000010011100000111001010010
1001101101011011001111101110111000111011101001101000100000100010111111011000111110001101011001100100101001001100000100010001110001000101100101110111110111010000001001110000011100101001
1100110110101101100111110111011100011101110100110100010000010001011110101100011111000110101100110010010100100110000010001000111000100010110010111011111011101000010100111000001110010100
1110011011010110110011101011101110001110111010111010001000001000101111010110001111100011010100011001001010010011000101000100011100010001010001011101111101110100001010011100000111001010
1111001101101011011001100101110111000111011101111101000100000100010111101011000111110001101000001100100101001001100110100010001110001000100000101110111110111010000101001110000011100101
1111100110110101101100110010111011100011101110111110100010000010001010110101100011111000110100000110010010100100110011010001000111000100010000010111011111011101010010100111000001110010
1111110011011010110110001001011101110001110111111111010001000001000101011010110001111100011000000011001001010010011101101000100011100010000000001011101111101110101001010011100000111001
0111111001101101011011010100101110111000111011011111101000100000100010101101011000111110001110000001100100101001001010110100010001110001001000000101110111110111010100101001110000011100
0011111100110110101101111010010111011100011101101111110100010000010001010110101100011111000111000000110010010100100001011010001000111000100100000010111011111011101010010100111000001110
1001111110011011010110111101001011101110001110010111111010001000001001101011010110001111100001100000011001001010010000101101000100011100011010000001011101111101100101001010011100000111
1100111111001101101011001110100101110111000111001011111101000100000100110101101011000111110000110000001100100101001100010110100010001110001101000000101110111110110010100101001110000011
0110011111100110110101110111010010111011100011000101111110100010000010011010110101100011111010011000000110010010100010001011010001000111001110100000010111011111011001010010100111000001
1011001111110011011010111011101001011101110001100010111111010001000000001101011010110001111101001100000011001001010001000101101000100011100111010000001011101111111100101001010011100000
1101100111111001101101011101110100101110111000010001011111101000100001000110101101011000111100100110000001100100101000100010110100010001111011101000000101110111101110010100101001110000
0110110011111100110110101110111010010111011100001000101111110100010001100011010110101100011110010011000000110010010100010001011010001000111101110100000010111011100111001010010100111000
1100010001011010001000110110110011111100110110000111001010010100111000001000101111110100010000111011101001011101110010010011000000110010011110001101011010110001111101110100000010111011
1110001000101101000100001011011001111110011011000011100101001010011100000100010111111010001000011101110100101110111101001001100000011001001111000110101101011000111110111010000001011101
0111000100010110100010010101101100111111001101000001110010100101001110000010001011111101000110001110111010010111011010100100110000001100101111100011010110101100011111011101000000101110
0011100010001011010001011010110110011111100110100000111001010010100111000001000101111110100011000111011101001011101001010010011000000110010111110001101011010110001111101110100000010111
0001110001000101101000101101011011001111110011110000011100101001010010100000100010111111010011100011101110100101110100101001001100000011000011111000110101101011010111110111010000001011
1000111000100010110100010110101101100111111001111000001110010100101000010000010001011111101001110001110111010010111010010100100110000001100001111100011010110101111011111011101000000101
0100011100010001011010011011010110110011111100011100000111001010010100001000001000101111110110111000111011101001011001001010010011000000111000111110001101011010111101111101110100000010
0010001110001000101101001101101011011001111110001110000011100101001011000100000100010111111011011100011101110100101100100101001001100000011100011111000110101101001110111110111010000001
0001000111000100010110100110110101101100111111100111000001110010100100100010000010001011111111101110001110111010010110010010100100110000000110001111100011010110110111011111011101000000
1000100011100010001011010011011010110110011111010011100000111001010011010001000001000101111101110111000111011101001011001001010010011000001011000111110001101011001011101111101110100000
0100010001110001000101111001101101011011001111101001110000011100101001101000100000100010111110111011100011101110100001100100101001001100000101100011111000110101100101110111110111010000
1010001000111000100010111100110110101101100111010100111000001110010101110100010000010001011101011101110001110111010000110010010100100110001010110001111100011010100010111011111011101000
1101000100011100010001011110011011010110110011001010011100000111001011111010001000001000101100101110111000111011101000011001001010010011001101011000111110001101000001011101111101110100
0110100010001110001000111111001101101011011001100101001110000011100101111101000100000100010110010111011100011101110000001100100101001001100110101100011111000110100000101110111110111010
1011010001000111000100011111100110110101101100010010100111000001110011111110100010000010001001001011101110001110111000000110010010100100111011010110001111100011000000010111011111011101
0101101000100011100010001111110011011010110110101001010011100000111000111111010001000001000110100101110111000111011100000011001001010010010101101011000111110001110000001011101111101110
0010110100010001110001000111111001101101011011010100101001110000011101011111101000100000100011010010111011100011101110000001100100101001001010110101100011111000101000000101110111110111
0001011010001000111000110011111100110110101101001010010100111000001110101111110100010000010011101001011101110001110011000000110010010100101101011010110001111100010100000010111011111011
1000101101000100011100011001111110011011010110100101001010011100000110010111111010001000001001110100101110111000111001100000011001001010010110101101011000111110011010000001011101111101
0100010110100010001110001100111111001101101011110010100101001110000010001011111101000100000110111010010111011100011100110000001100100101000011010110101100011111011101000000101110111110
0010001011010001000111010110011111100110110101111001010010100111000001000101111110100010000011011101001011101110001010011000000110010010100001101011010110001111101110100000010111011111
0001000101101000100011111011001111110011011010011100101001010011100000100010111111010001000011101110100101110111000001001100000011001001011000110101101011000111110111010000001011101111
1000100010110100010001101101100111111001101101001110010100101001110000010001011111101000100001110111010010111011100100100110000001100100101100011010110101100011111011101000000101110111
1110111010000001011101111100011010110101100011101101100111111001101101100010001011010001000111101110100000010111011111000110101101011000111011011001111110011011011000100010110100010001
1111011101000000101110111110001101011010110001010110110011111100110111110001000101101000100011110111010000001011101111100011010110101100010101101100111111001101111100010001011010001000
1111101110100000010111011111000110101101011000101011011001111110011010111000100010110100010011111011101000000101110111110001101011010110001010110110011111100110101110001000101101000100
0111110111010000001011101111100011010110101100110101101100111111001100011100010001011010001001111101110100000010111011111000110101101011001101011011001111110011000111000100010110100010
1011111011101000000101100111110001101011010110011010110110011111100110001110001000101101000110111110111010000001011001111100011010110101100110101101100111111001100011100010001011010001
1101111101110100000010100011111000110101101011101101011011001111110011000111000100010110100011011111011101000000101000111110001101011010111011010110110011111100110001110001000101101000
1110111110111010000001010001111100011010110101110110101101100111111000100011100010001011010011101111101110100000010100011111000110101101011101101011011001111110001000111000100010110100
0111011111011101000000111000111110001101011010011011010110110011111100010001110001000101101001110111110111010000001110001111100011010110100110110101101100111111000100011100010001011010
1011101111101110100000001100011111000110101101001101101011011001111110001000111000100010110110111011111011101000000011000111110001101011010011011010110110011111100010001110001000101101
0101110111110111010000010110001111100011010110100110110101101100111111000100011100010001011001011101111101110100000101100011111000110101101001101101011011001111110001000111000100010110
0010111011111011101000001011000111110001101011110011011010110110011110100010001110001000101100101110111110111010000010110001111100011010111100110110101101100111101000100011100010001011
0001011101111101110100010101100011111000110101111001101101011011001111010001000111000100010100010111011111011101000101011000111110001101011110011011010110110011110100010001110001000101
0000101110111110111010011010110001111100011010111100110110101101100111101000100011100010001000001011101111101110100110101100011111000110101111001101101011011001111010001000111000100010
0000010111011111011101001101011000111110001101111110011011010110110010110100010001110001000100000101110111110111010011010110001111100011011111100110110101101100101101000100011100010001
0000001011101111101110110110101100011111000110111111001101101011011001011010001000111000100000000010111011111011101101101011000111110001101111110011011010110110010110100010001110001000
1000000101110111110111001011010110001111100011011111100110110101101100101101000100011100010010000001011101111101110010110101100011111000110111111001101101011011001011010001000111000100
0100000010111011111011110101101011000111110001001111110011011010110110010110100010001110001001000000101110111110111101011010110001111100010011111100110110101101100101101000100011100010
1010000001011101111101111010110101100011111000100111111001101101011010001011010001000111000110100000010111011111011110101101011000111110001001111110011011010110100010110100010001110001
1101000000101110111110101101011010110001111100110011111100110110101101000101101000100011100011010000001011101111101011010110101100011111001100111111001101101011010001011010001000111000
1110100000010111011111000110101101011000111110011001111110011011010110100010110100010001110011101000000101110111110001101011010110001111100110011111100110110101101000101101000100011100
0111010000001011101111100011010110101100011111101100111111001101101010010001011010001000111001110100000010111011111000110101101011000111111011001111110011011010100100010110100010001110
1011101000000101110111110001101011010110001111110110011111100110110100001000101101000100011110111010000001011101111100011010110101100011111101100111111001101101000010001011010001000111
1101110100000010111011111000110101101011000111011011001111110011011011000100010110100010001111011101000000101110111110001101011010110001110110110011111100110110110001000101101000100011
0001110010100101001110011101110100000010111011001110111010010111011101011011001111110011011000011100101001010011100111011101000000101110110011101110100101110111010110110011111100110110
0000111001010010100111011110111010000001011101000111011101001011101110101101100111111001101100001110010100101001110111101110100000010111010001110111010010111011101011011001111110011011
0000011100101001010011111111011101000000101110100011101110100101110111010110110011111100110100000111001010010100111111110111010000001011101000111011101001011101110101101100111111001101
1000001110010100101001101111101110100000010111110001110111010010111011101011011001111110011010000011100101001010011011111011101000000101111100011101110100101110111010110110011111100110
1100000111001010010100110111110111010000001011111000111011101001011100110101101100111111001111000001110010100101001101111101110100000010111110001110111010010111001101011011001111110011
1110000011100101001010011011111011101000000101011100011101110100101111011010110110011111100111100000111001010010100110111110111010000001010111000111011101001011110110101101100111111001
0111000001110010100101011101111101110100000010101110001110111010010111101101011011001111110001110000011100101001010111011111011101000000101011100011101110100101111011010110110011111100
0011100000111001010010101110111110111010000001110111000111011101001010110110101101100111111000111000001110010100101011101111101110100000011101110001110111010010101101101011011001111110
1001110000011100101001010111011111011101000000111011100011101110100100011011010110110011111110011100000111001010010101110111110111010000001110111000111011101001000110110101101100111111
0100111000001110010100101011101111101110100000011101110001110111010011001101101011011001111101001110000011100101001010111011111011101000000111011100011101110100110011011010110110011111
1010011100000111001010000101110111110111010000101110111000111011101001100110110101101100111110100111000001110010100001011101111101110100001011101110001110111010011001101101011011001111
0101001110000011100101000010111011111011101000010111011100011101110101110011011010110110011101010011100000111001010000101110111110111010000101110111000111011101011100110110101101100111
0010100111000001110010100001011101111101110100001011101110001110111011111001101101011011001100101001110000011100101000010111011111011101000010111011100011101110111110011011010110110011
1001010011100000111001000000101110111110111010100101110111000111011101111100110110101101100110010100111000001110010000001011101111101110101001011101110001110111011111001101101011011001
0100101001110000011100100000010111011111011101010010111011100011101111111110011011010110110001001010011100000111001000000101110111110111010100101110111000111011111111100110110101101100
1010010100111000001110010000001011101111101110101001011101110001110110111111001101101011011010100101001110000011100100000010111011111011101010010111011100011101101111110011011010110110
0101001010011100000111001000000101110111110111110100101110111000111010011111100110110101101101010010100111000001110010000001011101111101111101001011101110001110100111111001101101011011
0010100101001110000011110100000010111011111011111010010111011100011101001111110011011010110100101001010011100000111101000000101110111110111110100101110111000111010011111100110110101101
1001010010100111000001111010000001011101111101011101001011101110001111100111111001101101011010010100101001110000011110100000010111011111010111010010111011100011111001111110011011010110
1100101001010011100000111101000000101110111110101110100101110111000110110011111100110110101111001010010100111000001111010000001011101111101011101001011101110001101100111111001101101011
1110010100101001110000001110100000010111011111110111010010111011100011011001111110011011010111100101001010011100000011101000000101110111111101110100101110111000110110011111100110110101
0111001010010100111000010111010000001011101111111011101001011101110001101100111111001101101001110010100101001110000101110100000010111011111110111010010111011100011011001111110011011010
0011100101001010011100011011101000000101110111011101110100101110111000110110011111100110110100111001010010100111000110111010000001011101110111011101001011101110001101100111111001101101
0100100110000001100100111000100010110100010001111011101000000101110110001110010100101001110001001001100000011001001110001000101101000100011110111010000001011101100011100101001010011100
1010010011000000110010011100010001011010001000111101110100000010111010000111001010010100111010100100110000001100100111000100010110100010001111011101000000101110100001110010100101001110
0101001001100000011001001110001000101101000100111110111010000001011100000011100101001010011101010010011000000110010011100010001011010001001111101110100000010111000000111001010010100111
0010100100110000001100100111000100010110100010011111011101000000101111000001110010100101001100101001001100000011001001110001000101101000100111110111010000001011110000011100101001010011
1001010010011000000110000011100010001011010001101111101110100000010111100000111001010010100110010100100110000001100000111000100010110100011011111011101000000101111000001110010100101001
0100101001001100000011010001110001000101101000110111110111010000001011110000011100101001010001001010010011000000110100011100010001011010001101111101110100000010111100000111001010010100
0010010100100110000001101000111000100010110100111011111011101000000100111000001110010100101000100101001001100000011010001110001000101101001110111110111010000001001110000011100101001010
1001001010010011000000100100011100010001011010011101111101110100000010011100000111001010010110010010100100110000001001000111000100010110100111011111011101000000100111000001110010100101
1100100101001001100000000010001110001000101101101110111110111010000001001110000011100101001011001001010010011000000000100011100010001011011011101111101110100000010011100000111001010010
0110010010100100110000010001000111000100010110010111011111011101000000100111000001110010100101100100101001001100000100010001110001000101100101110111110111010000001001110000011100101001
0011001001010010011000001000100011100010001011001011101111101110100001010011100000111001010000110010010100100110000010001000111000100010110010111011111011101000010100111000001110010100
0001100100101001001100010100010001110001000101000101110111110111010000101001110000011100101000011001001010010011000101000100011100010001010001011101111101110100001010011100000111001010
0000110010010100100110011010001000111000100010000010111011111011101000010100111000001110010100001100100101001001100110100010001110001000100000101110111110111010000101001110000011100101
0000011001001010010011001101000100011100010001000001011101111101110101001010011100000111001000000110010010100100110011010001000111000100010000010111011111011101010010100111000001110010
0000001100100101001001110110100010001110001000000000101110111110111010100101001110000011100100000011001001010010011101101000100011100010000000001011101111101110101001010011100000111001
1000000110010010100100101011010001000111000100100000010111011111011101010010100111000001110010000001100100101001001010110100010001110001001000000101110111110111010100101001110000011100
1100000011001001010010000101101000100011100010010000001011101111101110101001010011100000111011000000110010010100100001011010001000111000100100000010111011111011101010010100111000001110
0110000001100100101001000010110100010001110001101000000101110111110110010100101001110000011101100000011001001010010000101101000100011100011010000001011101111101100101001010011100000111
0011000000110010010100110001011010001000111000110100000010111011111011001010010100111000001100110000001100100101001100010110100010001110001101000000101110111110110010100101001110000011
1001100000011001001010001000101101000100011100111010000001011101111101100101001010011100000110011000000110010010100010001011010001000111001110100000010111011111011001010010100111000001
0100110000001100100101000100010110100010001110011101000000101110111111110010100101001110000001001100000011001001010001000101101000100011100111010000001011101111111100101001010011100000
0010011000000110010010100010001011010001000111101110100000010111011110111001010010100111000000100110000001100100101000100010110100010001111011101000000101110111101110010100101001110000
1001001100000011001001010001000101101000100011110111010000001011101110011100101001010011100010010011000000110010010100010001011010001000111101110100000010111011100111001010010100111000
0011101110100101110111001001001100000011001001111000110101101011000111110111010000001011101100111011101001011101110010010011000000110010011110001101011010110001111101110100000010111011
0001110111010010111011110100100110000001100100111100011010110101100011111011101000000101110100011101110100101110111101001001100000011001001111000110101101011000111110111010000001011101
1000111011101001011101101010010011000000110010111110001101011010110001111101110100000010111010001110111010010111011010100100110000001100101111100011010110101100011111011101000000101110
1100011101110100101110100101001001100000011001011111000110101101011000111110111010000001011111000111011101001011101001010010011000000110010111110001101011010110001111101110100000010111
1110001110111010010111010010100100110000001100001111100011010110101101011111011101000000101111100011101110100101110100101001001100000011000011111000110101101011010111110111010000001011
0111000111011101001011101001010010011000000110000111110001101011010111101111101110100000010101110001110111010010111010010100100110000001100001111100011010110101111011111011101000000101
1011100011101110100101100100101001001100000011100011111000110101101011110111110111010000001010111000111011101001011001001010010011000000111000111110001101011010111101111101110100000010
1101110001110111010010110010010100100110000001110001111100011010110100111011111011101000000111011100011101110100101100100101001001100000011100011111000110101101001110111110111010000001
1110111000111011101001011001001010010011000000011000111110001101011011011101111101110100000011101110001110111010010110010010100100110000000110001111100011010110110111011111011101000000
0111011100011101110100101100100101001001100000101100011111000110101100101110111110111010000001110111000111011101001011001001010010011000001011000111110001101011001011101111101110100000
1011101110001110111010000110010010100100110000010110001111100011010110010111011111011101000010111011100011101110100001100100101001001100000101100011111000110101100101110111110111010000
0101110111000111011101000011001001010010011000101011000111110001101010001011101111101110100001011101110001110111010000110010010100100110001010110001111100011010100010111011111011101000
0010111011100011101110100001100100101001001100110101100011111000110100000101110111110111010000101110111000111011101000011001001010010011001101011000111110001101000001011101111101110100
1001011101110001110111000000110010010100100110011010110001111100011010000010111011111011101010010111011100011101110000001100100101001001100110101100011111000110100000101110111110111010
0100101110111000111011100000011001001010010011101101011000111110001100000001011101111101110101001011101110001110111000000110010010100100111011010110001111100011000000010111011111011101
1010010111011100011101110000001100100101001001010110101100011111000111000000101110111110111010100101110111000111011100000011001001010010010101101011000111110001110000001011101111101110
1101001011101110001110111000000110010010100100101011010110001111100010100000010111011111011111010010111011100011101110000001100100101001001010110101100011111000101000000101110111110111
1110100101110111000111001100000011001001010010110101101011000111110001010000001011101111101111101001011101110001110011000000110010010100101101011010110001111100010100000010111011111011
0111010010111011100011100110000001100100101001011010110101100011111001101000000101110111110101110100101110111000111001100000011001001010010110101101011000111110011010000001011101111101
1011101001011101110001110011000000110010010100001101011010110001111101110100000010111011111010111010010111011100011100110000001100100101000011010110101100011111011101000000101110111110
1101110100101110111000101001100000011001001010000110101101011000111110111010000001011101111111011101001011101110001010011000000110010010100001101011010110001111101110100000010111011111
1110111010010111011100000100110000001100100101100011010110101100011111011101000000101110111111101110100101110111000001001100000011001001011000110101101011000111110111010000001011101111
0111011101001011101110010010011000000110010010110001101011010110001111101110100000010111011101110111010010111011100100100110000001100100101100011010110101100011111011101000000101110111
1110111010000001011101111100011010110101100011101101100111111001101101100010001011010001000100010001011111101000100000111001010010100111000100100110000001100100100111011101001011101110
1111011101000000101110111110001101011010110001010110110011111100110111110001000101101000100000001000101111110100010000011100101001010011101010010011000000110010000011101110100101110111
1111101110100000010111011111000110101101011000101011011001111110011010111000100010110100010000000100010111111010001000001110010100101001110101001001100000011001010001110111010010111011
0111110111010000001011101111100011010110101100110101101100111111001100011100010001011010001010000010001011111101000100000111001010010100110010100100110000001100111000111011101001011101
1011111011101000000101100111110001101011010110011010110110011111100110001110001000101101000101000001000101111110100110000011100101001010011001010010011000000110011100011101110100101110
1101111101110100000010100011111000110101101011101101011011001111110011000111000100010110100000100000100010111111010111000001110010100101000100101001001100000011001110001110111010010111
1110111110111010000001010001111100011010110101110110101101100111111000100011100010001011010000010000010001011111101011100000111001010010100010010100100110000001110111000111011101001011
0111011111011101000000111000111110001101011010011011010110110011111100010001110001000101101010001000001000101111110001110000011100101001011001001010010011000000111011100011101110100101
1011101111101110100000001100011111000110101101001101101011011001111110001000111000100010110101000100000100010111111100111000001110010100101100100101001001100000011101110001110111010010
0101110111110111010000010110001111100011010110100110110101101100111111000100011100010001011010100010000010001011111010011100000111001010010110010010100100110000001110111000111011101001
0010111011111011101000001011000111110001101011110011011010110110011110100010001110001000101111010001000001000101111101001110000011100101000011001001010010011000010111011100011101110100
0001011101111101110100010101100011111000110101111001101101011011001111010001000111000100010111101000100000100010111010100111000001110010100001100100101001001100001011101110001110111010
0000101110111110111010011010110001111100011010111100110110101101100111101000100011100010001011110100010000010001011001010011100000111001010000110010010100100110000101110111000111011101
0000010111011111011101001101011000111110001101111110011011010110110010110100010001110001000111111010001000001000101100101001110000011100100000011001001010010011010010111011100011101110
0000001011101111101110110110101100011111000110111111001101101011011001011010001000111000100011111101000100000100010010010100111000001110010000001100100101001001101001011101110001110111
1000000101110111110111001011010110001111100011011111100110110101101100101101000100011100010001111110100010000010001101001010011100000111001000000110010010100100110100101110111000111011
0100000010111011111011110101101011000111110001001111110011011010110110010110100010001110001010111111010001000001000010100101001110000011101100000011001001010010011010010111011100011101
1010000001011101111101111010110101100011111000100111111001101101011010001011010001000111000101011111101000100000100001010010100111000001110110000001100100101001011101001011101110001110
1101000000101110111110101101011010110001111100110011111100110110101101000101101000100011100000101111110100010000010100101001010011100000110011000000110010010100101110100101110111000111
1110100000010111011111000110101101011000111110011001111110011011010110100010110100010001110000010111111010001000001110010100101001110000011001100000011001001010010111010010111011100011
0111010000001011101111100011010110101100011111101100111111001101101010010001011010001000111010001011111101000100000111001010010100111000000100110000001100100101011011101001011101110001
1011101000000101110111110001101011010110001111110110011111100110110100001000101101000100011101000101111110100010000011100101001010011100000010011000000110010010111101110100101110111000
1101110100000010111011111000110101101011000111011011001111110011011011000100010110100010001100100010111111010001000001110010100101001110001001001100000011001001001110111010010111011100
0001110010100101001110011101110100000010111011001110111010010111011101011011001111110011011011100011010110101100011000100010111111010001001100010001011010001000101001001100000011001001
0000111001010010100111011110111010000001011101000111011101001011101110101101100111111001101111110001101011010110001000010001011111101000101110001000101101000100010100100110000001100100
0000011100101001010011111111011101000000101110100011101110100101110111010110110011111100110111111000110101101011000000001000101111110100010111000100010110100010001010010011000000110010
1000001110010100101001101111101110100000010111110001110111010010111011101011011001111110011001111100011010110101100100000100010111111010000011100010001011010001000101001001100000011001
1100000111001010010100110111110111010000001011111000111011101001011100110101101100111111001100111110001101011010110010000010001011111101000001110001000101101000110010100100110000001100
1110000011100101001010011011111011101000000101011100011101110100101111011010110110011111100100011111000110101101011001000001000101111110101000111000100010110100001001010010011000000110
0111000001110010100101011101111101110100000010101110001110111010010111101101011011001111110010001111100011010110101000100000100010111111010100011100010001011010000100101001001100000011
0011100000111001010010101110111110111010000001110111000111011101001010110110101101100111111011000111110001101011010100010000010001011111100010001110001000101101010010010100100110000001
1001110000011100101001010111011111011101000000111011100011101110100100011011010110110011111101100011111000110101101010001000001000101111110001000111000100010110111001001010010011000000
0100111000001110010100101011101111101110100000011101110001110111010011001101101011011001111110110001111100011010110101000100000100010111111000100011100010001011001100100101001001100000
1010011100000111001010000101110111110111010000101110111000111011101001100110110101101100111101011000111110001101011110100010000010001011110100010001110001000101100110010010100100110000
0101001110000011100101000010111011111011101000010111011100011101110101110011011010110110011110101100011111000110101111010001000001000101111010001000111000100010100011001001010010011000
0010100111000001110010100001011101111101110100001011101110001110111011111001101101011011001111010110001111100011010111101000100000100010111101000100011100010001000001100100101001001100
1001010011100000111001000000101110111110111010100101110111000111011101111100110110101101100101101011000111110001101111110100010000010001010110100010001110001000100000110010010100100110
0100101001110000011100100000010111011111011101010010111011100011101111111110011011010110110010110101100011111000110111111010001000001000101011010001000111000100000000011001001010010011
1010010100111000001110010000001011101111101110101001011101110001110110111111001101101011011001011010110001111100011011111101000100000100010101101000100011100010010000001100100101001001
0101001010011100000111001000000101110111110111110100101110111000111010011111100110110101101110101101011000111110001101111110100010000010000010110100010001110001011000000110010010100100
0010100101001110000011110100000010111011111011111010010111011100011101001111110011011010110111010110101100011111000010111111010001000001000001011010001000111000101100000011001001010010
1001010010100111000001111010000001011101111101011101001011101110001111100111111001101101011001101011010110001111100001011111101000100000101000101101000100011100000110000001100100101001
1100101001010011100000111101000000101110111110101110100101110111000110110011111100110110101100110101101011000111110000101111110100010000010100010110100010001110010011000000110010010100
1110010100101001110000001110100000010111011111110111010010111011100011011001111110011011010100011010110101100011111100010111111010001000000010001011010001000111001001100000011001001010
0111001010010100111000010111010000001011101111111011101001011101110001101100111111001101101010001101011010110001111010001011111101000100000001000101101000100011100100110000001100100101
0011100101001010011100011011101000000101110111011101110100101110111000110110011111100110110111000110101101011000111001000101111110100010001000100010110100010001110010011000000110010010
0100100110000001100100111000100010110100010001111011101000000101110110001110010100101001110010110110011111100110110001110111010010111011100001000101111110100010011100011010110101100011
1010010011000000110010011100010001011010001000111101110100000010111010000111001010010100111001011011001111110011011000111011101001011101110000100010111111010001011110001101011010110001
0101001001100000011001001110001000101101000100111110111010000001011100000011100101001010011110101101100111111001101100011101110100101110110000010001011111101000111111000110101101011000
0010100100110000001100100111000100010110100010011111011101000000101111000001110010100101001111010110110011111100110110001110111010010111011000001000101111110100001111100011010110101100
1001010010011000000110000011100010001011010001101111101110100000010111100000111001010010100101101011011001111110011111000111011101001011100100000100010111111010000111110001101011010110
0100101001001100000011010001110001000101101000110111110111010000001011110000011100101001010010110101101100111111001011100011101110100101110010000010001011111101000011111000110101101011
0010010100100110000001101000111000100010110100111011111011101000000100111000001110010100101011011010110110011111100101110001110111010010110001000001000101111110110001111100011010110101
1001001010010011000000100100011100010001011010011101111101110100000010011100000111001010010101101101011011001111110110111000111011101001011000100000100010111111011000111110001101011010
1100100101001001100000000010001110001000101101101110111110111010000001001110000011100101001000110110101101100111111111011100011101110100100100010000010001011111101100011111000110101101
0110010010100100110000010001000111000100010110010111011111011101000000100111000001110010100110011011010110110011111011101110001110111010011010001000001000101111110110001111100011010110
0011001001010010011000001000100011100010001011001011101111101110100001010011100000111001010011001101101011011001111101110111000111011101001101000100000100010111101011000111110001101011
0001100100101001001100010100010001110001000101000101110111110111010000101001110000011100101011100110110101101100111010111011100011101110101110100010000010001011110101100011111000110101
0000110010010100100110011010001000111000100010000010111011111011101000010100111000001110010111110011011010110110011001011101110001110111011111010001000001000101111010110001111100011010
0000011001001010010011001101000100011100010001000001011101111101110101001010011100000111001011111001101101011011001100101110111000111011101111101000100000100010101101011000111110001101
0000001100100101001001110110100010001110001000000000101110111110111010100101001110000011100111111100110110101101100010010111011100011101111111110100010000010001010110101100011111000110
1000000110010010100100101011010001000111000100100000010111011111011101010010100111000001110001111110011011010110110101001011101110001110110111111010001000001000101011010110001111100011
1100000011001001010010000101101000100011100010010000001011101111101110101001010011100000111000111111001101101011011110100101110111000111011011111101000100000100010101101011000111110001
0110000001100100101001000010110100010001110001101000000101110111110110010100101001110000011110011111100110110101101111010010111011100011100101111110100010000010011010110101100011111000
0011000000110010010100110001011010001000111000110100000010111011111011001010010100111000001111001111110011011010110011101001011101110001110010111111010001000001001101011010110001111100
1001100000011001001010001000101101000100011100111010000001011101111101100101001010011100000101100111111001101101011101110100101110111000110001011111101000100000100110101101011000111110
0100110000001100100101000100010110100010001110011101000000101110111111110010100101001110000010110011111100110110101110111010010111011100011000101111110100010000000011010110101100011111
0010011000000110010010100010001011010001000111101110100000010111011110111001010010100111000011011001111110011011010111011101001011101110000100010111111010001000010001101011010110001111
1001001100000011001001010001000101101000100011110111010000001011101110011100101001010011100001101100111111001101101011101110100101110111000010001011111101000100011000110101101011000111
0011101110100101110111001001001100000011001001111000110101101011000111110111010000001011101111000100010110100010001101101100111111001101100001110010100101001110000010001011111101000100
0001110111010010111011110100100110000001100100111100011010110101100011111011101000000101110111100010001011010001000010110110011111100110110000111001010010100111000001000101111110100010
1000111011101001011101101010010011000000110010111110001101011010110001111101110100000010111001110001000101101000100101011011001111110011010000011100101001010011100000100010111111010001
1100011101110100101110100101001001100000011001011111000110101101011000111110111010000001011100111000100010110100010110101101100111111001101000001110010100101001110000010001011111101000
1110001110111010010111010010100100110000001100001111100011010110101101011111011101000000101100011100010001011010001011010110110011111100111100000111001010010100101000001000101111110100
0111000111011101001011101001010010011000000110000111110001101011010111101111101110100000010110001110001000101101000101101011011001111110011110000011100101001010000100000100010111111010
1011100011101110100101100100101001001100000011100011111000110101101011110111110111010000001001000111000100010110100110110101101100111111000111000001110010100101000010000010001011111101
1101110001110111010010110010010100100110000001110001111100011010110100111011111011101000000100100011100010001011010011011010110110011111100011100000111001010010110001000001000101111110
1110111000111011101001011001001010010011000000011000111110001101011011011101111101110100000000010001110001000101101001101101011011001111111001110000011100101001001000100000100010111111
0111011100011101110100101100100101001001100000101100011111000110101100101110111110111010000010001000111000100010110100110110101101100111110100111000001110010100110100010000010001011111
1011101110001110111010000110010010100100110000010110001111100011010110010111011111011101000001000100011100010001011110011011010110110011111010011100000111001010011010001000001000101111
0101110111000111011101000011001001010010011000101011000111110001101010001011101111101110100010100010001110001000101111001101101011011001110101001110000011100101011101000100000100010111
0010111011100011101110100001100100101001001100110101100011111000110100000101110111110111010011010001000111000100010111100110110101101100110010100111000001110010111110100010000010001011
1001011101110001110111000000110010010100100110011010110001111100011010000010111011111011101001101000100011100010001111110011011010110110011001010011100000111001011111010001000001000101
0100101110111000111011100000011001001010010011101101011000111110001100000001011101111101110110110100010001110001000111111001101101011011000100101001110000011100111111101000100000100010
1010010111011100011101110000001100100101001001010110101100011111000111000000101110111110111001011010001000111000100011111100110110101101101010010100111000001110001111110100010000010001
1101001011101110001110111000000110010010100100101011010110001111100010100000010111011111011100101101000100011100010001111110011011010110110101001010011100000111010111111010001000001000
1110100101110111000111001100000011001001010010110101101011000111110001010000001011101111101100010110100010001110001100111111001101101011010010100101001110000011101011111101000100000100
0111010010111011100011100110000001100100101001011010110101100011111001101000000101110111110110001011010001000111000110011111100110110101101001010010100111000001100101111110100010000010
1011101001011101110001110011000000110010010100001101011010110001111101110100000010111011111001000101101000100011100011001111110011011010111100101001010011100000100010111111010001000001
1101110100101110111000101001100000011001001010000110101101011000111110111010000001011101111100100010110100010001110101100111111001101101011110010100101001110000010001011111101000100000
1110111010010111011100000100110000001100100101100011010110101100011111011101000000101110111100010001011010001000111110110011111100110110100111001010010100111000001000101111110100010000
0111011101001011101110010010011000000110010010110001101011010110001111101110100000010111011110001000101101000100011011011001111110011011010011100101001010011100000100010111111010001000
