01111111111111111111111111111111111111111111111111111111111111111111111111111111111111111111111111111111111111111111111111111111111111111111111111111111111111111111
00100101001100011100001101110000001111011110100110101011111101110110001010010010001011101101101011100100010000001010100110100001000011111100010011110001110011010110
00010010100110001110000110111000000111101111010011010101111110111011000101001001000101110110110101110010001000000101010011010000100001111110001001111000111001101011
01001001010011000111000011011100000011110111101001101010111111011101100010100100100010111011011010111001000100000010101001101000010000111111000100111100011100110101
01100100101001100011100001101110000001111011110100110101011111101110110001010010010001011101101101011100100010000001010100110100001000011111100010011110001110011010
00110010010100110001110000110111000000111101111010011010101111110111011000101001001000101110110110101110010001000000101010011010000100001111110001001111000111001101
01011001001010011000111000011011100000011110111101001101010111111011101100010100100100010111011011010111001000100000010101001101000010000111111000100111100011100110
00101100100101001100011100001101110000001111011110100110101011111101110110001010010010001011101101101011100100010000001010100110100001000011111100010011110001110011
01010110010010100110001110000110111000000111101111010011010101111110111011000101001001000101110110110101110010001000000101010011010000100001111110001001111000111001
01101011001001010011000111000011011100000011110111101001101010111111011101100010100100100010111011011010111001000100000010101001101000010000111111000100111100011100
00110101100100101001100011100001101110000001111011110100110101011111101110110001010010010001011101101101011100100010000001010100110100001000011111100010011110001110
00011010110010010100110001110000110111000000111101111010011010101111110111011000101001001000101110110110101110010001000000101010011010000100001111110001001111000111
01001101011001001010011000111000011011100000011110111101001101010111111011101100010100100100010111011011010111001000100000010101001101000010000111111000100111100011
01100110101100100101001100011100001101110000001111011110100110101011111101110110001010010010001011101101101011100100010000001010100110100001000011111100010011110001
01110011010110010010100110001110000110111000000111101111010011010101111110111011000101001001000101110110110101110010001000000101010011010000100001111110001001111000
00111001101011001001010011000111000011011100000011110111101001101010111111011101100010100100100010111011011010111001000100000010101001101000010000111111000100111100
00011100110101100100101001100011100001101110000001111011110100110101011111101110110001010010010001011101101101011100100010000001010100110100001000011111100010011110
00001110011010110010010100110001110000110111000000111101111010011010101111110111011000101001001000101110110110101110010001000000101010011010000100001111110001001111
01000111001101011001001010011000111000011011100000011110111101001101010111111011101100010100100100010111011011010111001000100000010101001101000010000111111000100111
01100011100110101100100101001100011100001101110000001111011110100110101011111101110110001010010010001011101101101011100100010000001010100110100001000011111100010011
01110001110011010110010010100110001110000110111000000111101111010011010101111110111011000101001001000101110110110101110010001000000101010011010000100001111110001001
01111000111001101011001001010011000111000011011100000011110111101001101010111111011101100010100100100010111011011010111001000100000010101001101000010000111111000100
00111100011100110101100100101001100011100001101110000001111011110100110101011111101110110001010010010001011101101101011100100010000001010100110100001000011111100010
00011110001110011010110010010100110001110000110111000000111101111010011010101111110111011000101001001000101110110110101110010001000000101010011010000100001111110001
01001111000111001101011001001010011000111000011011100000011110111101001101010111111011101100010100100100010111011011010111001000100000010101001101000010000111111000
00100111100011100110101100100101001100011100001101110000001111011110100110101011111101110110001010010010001011101101101011100100010000001010100110100001000011111100
00010011110001110011010110010010100110001110000110111000000111101111010011010101111110111011000101001001000101110110110101110010001000000101010011010000100001111110
00001001111000111001101011001001010011000111000011011100000011110111101001101010111111011101100010100100100010111011011010111001000100000010101001101000010000111111
01000100111100011100110101100100101001100011100001101110000001111011110100110101011111101110110001010010010001011101101101011100100010000001010100110100001000011111
01100010011110001110011010110010010100110001110000110111000000111101111010011010101111110111011000101001001000101110110110101110010001000000101010011010000100001111
01110001001111000111001101011001001010011000111000011011100000011110111101001101010111111011101100010100100100010111011011010111001000100000010101001101000010000111
01111000100111100011100110101100100101001100011100001101110000001111011110100110101011111101110110001010010010001011101101101011100100010000001010100110100001000011
01111100010011110001110011010110010010100110001110000110111000000111101111010011010101111110111011000101001001000101110110110101110010001000000101010011010000100001
01111110001001111000111001101011001001010011000111000011011100000011110111101001101010111111011101100010100100100010111011011010111001000100000010101001101000010000
00111111000100111100011100110101100100101001100011100001101110000001111011110100110101011111101110110001010010010001011101101101011100100010000001010100110100001000
00011111100010011110001110011010110010010100110001110000110111000000111101111010011010101111110111011000101001001000101110110110101110010001000000101010011010000100
00001111110001001111000111001101011001001010011000111000011011100000011110111101001101010111111011101100010100100100010111011011010111001000100000010101001101000010
00000111111000100111100011100110101100100101001100011100001101110000001111011110100110101011111101110110001010010010001011101101101011100100010000001010100110100001
01000011111100010011110001110011010110010010100110001110000110111000000111101111010011010101111110111011000101001001000101110110110101110010001000000101010011010000
00100001111110001001111000111001101011001001010011000111000011011100000011110111101001101010111111011101100010100100100010111011011010111001000100000010101001101000
00010000111111000100111100011100110101100100101001100011100001101110000001111011110100110101011111101110110001010010010001011101101101011100100010000001010100110100
00001000011111100010011110001110011010110010010100110001110000110111000000111101111010011010101111110111011000101001001000101110110110101110010001000000101010011010
00000100001111110001001111000111001101011001001010011000111000011011100000011110111101001101010111111011101100010100100100010111011011010111001000100000010101001101
01000010000111111000100111100011100110101100100101001100011100001101110000001111011110100110101011111101110110001010010010001011101101101011100100010000001010100110
00100001000011111100010011110001110011010110010010100110001110000110111000000111101111010011010101111110111011000101001001000101110110110101110010001000000101010011
01010000100001111110001001111000111001101011001001010011000111000011011100000011110111101001101010111111011101100010100100100010111011011010111001000100000010101001
01101000010000111111000100111100011100110101100100101001100011100001101110000001111011110100110101011111101110110001010010010001011101101101011100100010000001010100
00110100001000011111100010011110001110011010110010010100110001110000110111000000111101111010011010101111110111011000101001001000101110110110101110010001000000101010
00011010000100001111110001001111000111001101011001001010011000111000011011100000011110111101001101010111111011101100010100100100010111011011010111001000100000010101
01001101000010000111111000100111100011100110101100100101001100011100001101110000001111011110100110101011111101110110001010010010001011101101101011100100010000001010
00100110100001000011111100010011110001110011010110010010100110001110000110111000000111101111010011010101111110111011000101001001000101110110110101110010001000000101
01010011010000100001111110001001111000111001101011001001010011000111000011011100000011110111101001101010111111011101100010100100100010111011011010111001000100000010
00101001101000010000111111000100111100011100110101100100101001100011100001101110000001111011110100110101011111101110110001010010010001011101101101011100100010000001
01010100110100001000011111100010011110001110011010110010010100110001110000110111000000111101111010011010101111110111011000101001001000101110110110101110010001000000
00101010011010000100001111110001001111000111001101011001001010011000111000011011100000011110111101001101010111111011101100010100100100010111011011010111001000100000
00010101001101000010000111111000100111100011100110101100100101001100011100001101110000001111011110100110101011111101110110001010010010001011101101101011100100010000
00001010100110100001000011111100010011110001110011010110010010100110001110000110111000000111101111010011010101111110111011000101001001000101110110110101110010001000
00000101010011010000100001111110001001111000111001101011001001010011000111000011011100000011110111101001101010111111011101100010100100100010111011011010111001000100
00000010101001101000010000111111000100111100011100110101100100101001100011100001101110000001111011110100110101011111101110110001010010010001011101101101011100100010
00000001010100110100001000011111100010011110001110011010110010010100110001110000110111000000111101111010011010101111110111011000101001001000101110110110101110010001
01000000101010011010000100001111110001001111000111001101011001001010011000111000011011100000011110111101001101010111111011101100010100100100010111011011010111001000
00100000010101001101000010000111111000100111100011100110101100100101001100011100001101110000001111011110100110101011111101110110001010010010001011101101101011100100
00010000001010100110100001000011111100010011110001110011010110010010100110001110000110111000000111101111010011010101111110111011000101001001000101110110110101110010
00001000000101010011010000100001111110001001111000111001101011001001010011000111000011011100000011110111101001101010111111011101100010100100100010111011011010111001
01000100000010101001101000010000111111000100111100011100110101100100101001100011100001101110000001111011110100110101011111101110110001010010010001011101101101011100
00100010000001010100110100001000011111100010011110001110011010110010010100110001110000110111000000111101111010011010101111110111011000101001001000101110110110101110
00010001000000101010011010000100001111110001001111000111001101011001001010011000111000011011100000011110111101001101010111111011101100010100100100010111011011010111
01001000100000010101001101000010000111111000100111100011100110101100100101001100011100001101110000001111011110100110101011111101110110001010010010001011101101101011
01100100010000001010100110100001000011111100010011110001110011010110010010100110001110000110111000000111101111010011010101111110111011000101001001000101110110110101
01110010001000000101010011010000100001111110001001111000111001101011001001010011000111000011011100000011110111101001101010111111011101100010100100100010111011011010
00111001000100000010101001101000010000111111000100111100011100110101100100101001100011100001101110000001111011110100110101011111101110110001010010010001011101101101
01011100100010000001010100110100001000011111100010011110001110011010110010010100110001110000110111000000111101111010011010101111110111011000101001001000101110110110
00101110010001000000101010011010000100001111110001001111000111001101011001001010011000111000011011100000011110111101001101010111111011101100010100100100010111011011
01010111001000100000010101001101000010000111111000100111100011100110101100100101001100011100001101110000001111011110100110101011111101110110001010010010001011101101
01101011100100010000001010100110100001000011111100010011110001110011010110010010100110001110000110111000000111101111010011010101111110111011000101001001000101110110
00110101110010001000000101010011010000100001111110001001111000111001101011001001010011000111000011011100000011110111101001101010111111011101100010100100100010111011
01011010111001000100000010101001101000010000111111000100111100011100110101100100101001100011100001101110000001111011110100110101011111101110110001010010010001011101
01101101011100100010000001010100110100001000011111100010011110001110011010110010010100110001110000110111000000111101111010011010101111110111011000101001001000101110
00110110101110010001000000101010011010000100001111110001001111000111001101011001001010011000111000011011100000011110111101001101010111111011101100010100100100010111
01011011010111001000100000010101001101000010000111111000100111100011100110101100100101001100011100001101110000001111011110100110101011111101110110001010010010001011
01101101101011100100010000001010100110100001000011111100010011110001110011010110010010100110001110000110111000000111101111010011010101111110111011000101001001000101
01110110110101110010001000000101010011010000100001111110001001111000111001101011001001010011000111000011011100000011110111101001101010111111011101100010100100100010
00111011011010111001000100000010101001101000010000111111000100111100011100110101100100101001100011100001101110000001111011110100110101011111101110110001010010010001
01011101101101011100100010000001010100110100001000011111100010011110001110011010110010010100110001110000110111000000111101111010011010101111110111011000101001001000
00101110110110101110010001000000101010011010000100001111110001001111000111001101011001001010011000111000011011100000011110111101001101010111111011101100010100100100
00010111011011010111001000100000010101001101000010000111111000100111100011100110101100100101001100011100001101110000001111011110100110101011111101110110001010010010
00001011101101101011100100010000001010100110100001000011111100010011110001110011010110010010100110001110000110111000000111101111010011010101111110111011000101001001
01000101110110110101110010001000000101010011010000100001111110001001111000111001101011001001010011000111000011011100000011110111101001101010111111011101100010100100
00100010111011011010111001000100000010101001101000010000111111000100111100011100110101100100101001100011100001101110000001111011110100110101011111101110110001010010
00010001011101101101011100100010000001010100110100001000011111100010011110001110011010110010010100110001110000110111000000111101111010011010101111110111011000101001
01001000101110110110101110010001000000101010011010000100001111110001001111000111001101011001001010011000111000011011100000011110111101001101010111111011101100010100
00100100010111011011010111001000100000010101001101000010000111111000100111100011100110101100100101001100011100001101110000001111011110100110101011111101110110001010
00010010001011101101101011100100010000001010100110100001000011111100010011110001110011010110010010100110001110000110111000000111101111010011010101111110111011000101
01001001000101110110110101110010001000000101010011010000100001111110001001111000111001101011001001010011000111000011011100000011110111101001101010111111011101100010
00100100100010111011011010111001000100000010101001101000010000111111000100111100011100110101100100101001100011100001101110000001111011110100110101011111101110110001
01010010010001011101101101011100100010000001010100110100001000011111100010011110001110011010110010010100110001110000110111000000111101111010011010101111110111011000
00101001001000101110110110101110010001000000101010011010000100001111110001001111000111001101011001001010011000111000011011100000011110111101001101010111111011101100
00010100100100010111011011010111001000100000010101001101000010000111111000100111100011100110101100100101001100011100001101110000001111011110100110101011111101110110
00001010010010001011101101101011100100010000001010100110100001000011111100010011110001110011010110010010100110001110000110111000000111101111010011010101111110111011
01000101001001000101110110110101110010001000000101010011010000100001111110001001111000111001101011001001010011000111000011011100000011110111101001101010111111011101
01100010100100100010111011011010111001000100000010101001101000010000111111000100111100011100110101100100101001100011100001101110000001111011110100110101011111101110
00110001010010010001011101101101011100100010000001010100110100001000011111100010011110001110011010110010010100110001110000110111000000111101111010011010101111110111
01011000101001001000101110110110101110010001000000101010011010000100001111110001001111000111001101011001001010011000111000011011100000011110111101001101010111111011
01101100010100100100010111011011010111001000100000010101001101000010000111111000100111100011100110101100100101001100011100001101110000001111011110100110101011111101
01110110001010010010001011101101101011100100010000001010100110100001000011111100010011110001110011010110010010100110001110000110111000000111101111010011010101111110
00111011000101001001000101110110110101110010001000000101010011010000100001111110001001111000111001101011001001010011000111000011011100000011110111101001101010111111
01011101100010100100100010111011011010111001000100000010101001101000010000111111000100111100011100110101100100101001100011100001101110000001111011110100110101011111
01101110110001010010010001011101101101011100100010000001010100110100001000011111100010011110001110011010110010010100110001110000110111000000111101111010011010101111
01110111011000101001001000101110110110101110010001000000101010011010000100001111110001001111000111001101011001001010011000111000011011100000011110111101001101010111
01111011101100010100100100010111011011010111001000100000010101001101000010000111111000100111100011100110101100100101001100011100001101110000001111011110100110101011
01111101110110001010010010001011101101101011100100010000001010100110100001000011111100010011110001110011010110010010100110001110000110111000000111101111010011010101
01111110111011000101001001000101110110110101110010001000000101010011010000100001111110001001111000111001101011001001010011000111000011011100000011110111101001101010
00111111011101100010100100100010111011011010111001000100000010101001101000010000111111000100111100011100110101100100101001100011100001101110000001111011110100110101
01011111101110110001010010010001011101101101011100100010000001010100110100001000011111100010011110001110011010110010010100110001110000110111000000111101111010011010
00101111110111011000101001001000101110110110101110010001000000101010011010000100001111110001001111000111001101011001001010011000111000011011100000011110111101001101
01010111111011101100010100100100010111011011010111001000100000010101001101000010000111111000100111100011100110101100100101001100011100001101110000001111011110100110
00101011111101110110001010010010001011101101101011100100010000001010100110100001000011111100010011110001110011010110010010100110001110000110111000000111101111010011
01010101111110111011000101001001000101110110110101110010001000000101010011010000100001111110001001111000111001101011001001010011000111000011011100000011110111101001
01101010111111011101100010100100100010111011011010111001000100000010101001101000010000111111000100111100011100110101100100101001100011100001101110000001111011110100
00110101011111101110110001010010010001011101101101011100100010000001010100110100001000011111100010011110001110011010110010010100110001110000110111000000111101111010
00011010101111110111011000101001001000101110110110101110010001000000101010011010000100001111110001001111000111001101011001001010011000111000011011100000011110111101
01001101010111111011101100010100100100010111011011010111001000100000010101001101000010000111111000100111100011100110101100100101001100011100001101110000001111011110
00100110101011111101110110001010010010001011101101101011100100010000001010100110100001000011111100010011110001110011010110010010100110001110000110111000000111101111
01010011010101111110111011000101001001000101110110110101110010001000000101010011010000100001111110001001111000111001101011001001010011000111000011011100000011110111
01101001101010111111011101100010100100100010111011011010111001000100000010101001101000010000111111000100111100011100110101100100101001100011100001101110000001111011
01110100110101011111101110110001010010010001011101101101011100100010000001010100110100001000011111100010011110001110011010110010010100110001110000110111000000111101
01111010011010101111110111011000101001001000101110110110101110010001000000101010011010000100001111110001001111000111001101011001001010011000111000011011100000011110
00111101001101010111111011101100010100100100010111011011010111001000100000010101001101000010000111111000100111100011100110101100100101001100011100001101110000001111
01011110100110101011111101110110001010010010001011101101101011100100010000001010100110100001000011111100010011110001110011010110010010100110001110000110111000000111
01101111010011010101111110111011000101001001000101110110110101110010001000000101010011010000100001111110001001111000111001101011001001010011000111000011011100000011
01110111101001101010111111011101100010100100100010111011011010111001000100000010101001101000010000111111000100111100011100110101100100101001100011100001101110000001
01111011110100110101011111101110110001010010010001011101101101011100100010000001010100110100001000011111100010011110001110011010110010010100110001110000110111000000
00111101111010011010101111110111011000101001001000101110110110101110010001000000101010011010000100001111110001001111000111001101011001001010011000111000011011100000
00011110111101001101010111111011101100010100100100010111011011010111001000100000010101001101000010000111111000100111100011100110101100100101001100011100001101110000
00001111011110100110101011111101110110001010010010001011101101101011100100010000001010100110100001000011111100010011110001110011010110010010100110001110000110111000
00000111101111010011010101111110111011000101001001000101110110110101110010001000000101010011010000100001111110001001111000111001101011001001010011000111000011011100
00000011110111101001101010111111011101100010100100100010111011011010111001000100000010101001101000010000111111000100111100011100110101100100101001100011100001101110
00000001111011110100110101011111101110110001010010010001011101101101011100100010000001010100110100001000011111100010011110001110011010110010010100110001110000110111
01000000111101111010011010101111110111011000101001001000101110110110101110010001000000101010011010000100001111110001001111000111001101011001001010011000111000011011
01100000011110111101001101010111111011101100010100100100010111011011010111001000100000010101001101000010000111111000100111100011100110101100100101001100011100001101
01110000001111011110100110101011111101110110001010010010001011101101101011100100010000001010100110100001000011111100010011110001110011010110010010100110001110000110
00111000000111101111010011010101111110111011000101001001000101110110110101110010001000000101010011010000100001111110001001111000111001101011001001010011000111000011
01011100000011110111101001101010111111011101100010100100100010111011011010111001000100000010101001101000010000111111000100111100011100110101100100101001100011100001
01101110000001111011110100110101011111101110110001010010010001011101101101011100100010000001010100110100001000011111100010011110001110011010110010010100110001110000
00110111000000111101111010011010101111110111011000101001001000101110110110101110010001000000101010011010000100001111110001001111000111001101011001001010011000111000
00011011100000011110111101001101010111111011101100010100100100010111011011010111001000100000010101001101000010000111111000100111100011100110101100100101001100011100
00001101110000001111011110100110101011111101110110001010010010001011101101101011100100010000001010100110100001000011111100010011110001110011010110010010100110001110
00000110111000000111101111010011010101111110111011000101001001000101110110110101110010001000000101010011010000100001111110001001111000111001101011001001010011000111
01000011011100000011110111101001101010111111011101100010100100100010111011011010111001000100000010101001101000010000111111000100111100011100110101100100101001100011
01100001101110000001111011110100110101011111101110110001010010010001011101101101011100100010000001010100110100001000011111100010011110001110011010110010010100110001
01110000110111000000111101111010011010101111110111011000101001001000101110110110101110010001000000101010011010000100001111110001001111000111001101011001001010011000
00111000011011100000011110111101001101010111111011101100010100100100010111011011010111001000100000010101001101000010000111111000100111100011100110101100100101001100
00011100001101110000001111011110100110101011111101110110001010010010001011101101101011100100010000001010100110100001000011111100010011110001110011010110010010100110
00001110000110111000000111101111010011010101111110111011000101001001000101110110110101110010001000000101010011010000100001111110001001111000111001101011001001010011
01000111000011011100000011110111101001101010111111011101100010100100100010111011011010111001000100000010101001101000010000111111000100111100011100110101100100101001
01100011100001101110000001111011110100110101011111101110110001010010010001011101101101011100100010000001010100110100001000011111100010011110001110011010110010010100
00110001110000110111000000111101111010011010101111110111011000101001001000101110110110101110010001000000101010011010000100001111110001001111000111001101011001001010
00011000111000011011100000011110111101001101010111111011101100010100100100010111011011010111001000100000010101001101000010000111111000100111100011100110101100100101
01001100011100001101110000001111011110100110101011111101110110001010010010001011101101101011100100010000001010100110100001000011111100010011110001110011010110010010
00100110001110000110111000000111101111010011010101111110111011000101001001000101110110110101110010001000000101010011010000100001111110001001111000111001101011001001
01010011000111000011011100000011110111101001101010111111011101100010100100100010111011011010111001000100000010101001101000010000111111000100111100011100110101100100
00101001100011100001101110000001111011110100110101011111101110110001010010010001011101101101011100100010000001010100110100001000011111100010011110001110011010110010
00010100110001110000110111000000111101111010011010101111110111011000101001001000101110110110101110010001000000101010011010000100001111110001001111000111001101011001
01001010011000111000011011100000011110111101001101010111111011101100010100100100010111011011010111001000100000010101001101000010000111111000100111100011100110101100
10000000000000000000000000000000000000000000000000000000000000000000000000000000000000000000000000000000000000000000000000000000000000000000000000000000000000000000
11011010110011100011110010001111110000100001011001010100000010001001110101101101110100010010010100011011101111110101011001011110111100000011101100001110001100101001
11101101011001110001111001000111111000010000101100101010000001000100111010110110111010001001001010001101110111111010101100101111011110000001110110000111000110010100
10110110101100111000111100100011111100001000010110010101000000100010011101011011011101000100100101000110111011111101010110010111101111000000111011000011100011001010
10011011010110011100011110010001111110000100001011001010100000010001001110101101101110100010010010100011011101111110101011001011110111100000011101100001110001100101
11001101101011001110001111001000111111000010000101100101010000001000100111010110110111010001001001010001101110111111010101100101111011110000001110110000111000110010
10100110110101100111000111100100011111100001000010110010101000000100010011101011011011101000100100101000110111011111101010110010111101111000000111011000011100011001
11010011011010110011100011110010001111110000100001011001010100000010001001110101101101110100010010010100011011101111110101011001011110111100000011101100001110001100
10101001101101011001110001111001000111111000010000101100101010000001000100111010110110111010001001001010001101110111111010101100101111011110000001110110000111000110
10010100110110101100111000111100100011111100001000010110010101000000100010011101011011011101000100100101000110111011111101010110010111101111000000111011000011100011
11001010011011010110011100011110010001111110000100001011001010100000010001001110101101101110100010010010100011011101111110101011001011110111100000011101100001110001
11100101001101101011001110001111001000111111000010000101100101010000001000100111010110110111010001001001010001101110111111010101100101111011110000001110110000111000
10110010100110110101100111000111100100011111100001000010110010101000000100010011101011011011101000100100101000110111011111101010110010111101111000000111011000011100
10011001010011011010110011100011110010001111110000100001011001010100000010001001110101101101110100010010010100011011101111110101011001011110111100000011101100001110
10001100101001101101011001110001111001000111111000010000101100101010000001000100111010110110111010001001001010001101110111111010101100101111011110000001110110000111
11000110010100110110101100111000111100100011111100001000010110010101000000100010011101011011011101000100100101000110111011111101010110010111101111000000111011000011
11100011001010011011010110011100011110010001111110000100001011001010100000010001001110101101101110100010010010100011011101111110101011001011110111100000011101100001
11110001100101001101101011001110001111001000111111000010000101100101010000001000100111010110110111010001001001010001101110111111010101100101111011110000001110110000
10111000110010100110110101100111000111100100011111100001000010110010101000000100010011101011011011101000100100101000110111011111101010110010111101111000000111011000
10011100011001010011011010110011100011110010001111110000100001011001010100000010001001110101101101110100010010010100011011101111110101011001011110111100000011101100
10001110001100101001101101011001110001111001000111111000010000101100101010000001000100111010110110111010001001001010001101110111111010101100101111011110000001110110
10000111000110010100110110101100111000111100100011111100001000010110010101000000100010011101011011011101000100100101000110111011111101010110010111101111000000111011
11000011100011001010011011010110011100011110010001111110000100001011001010100000010001001110101101101110100010010010100011011101111110101011001011110111100000011101
11100001110001100101001101101011001110001111001000111111000010000101100101010000001000100111010110110111010001001001010001101110111111010101100101111011110000001110
10110000111000110010100110110101100111000111100100011111100001000010110010101000000100010011101011011011101000100100101000110111011111101010110010111101111000000111
11011000011100011001010011011010110011100011110010001111110000100001011001010100000010001001110101101101110100010010010100011011101111110101011001011110111100000011
11101100001110001100101001101101011001110001111001000111111000010000101100101010000001000100111010110110111010001001001010001101110111111010101100101111011110000001
11110110000111000110010100110110101100111000111100100011111100001000010110010101000000100010011101011011011101000100100101000110111011111101010110010111101111000000
10111011000011100011001010011011010110011100011110010001111110000100001011001010100000010001001110101101101110100010010010100011011101111110101011001011110111100000
10011101100001110001100101001101101011001110001111001000111111000010000101100101010000001000100111010110110111010001001001010001101110111111010101100101111011110000
10001110110000111000110010100110110101100111000111100100011111100001000010110010101000000100010011101011011011101000100100101000110111011111101010110010111101111000
10000111011000011100011001010011011010110011100011110010001111110000100001011001010100000010001001110101101101110100010010010100011011101111110101011001011110111100
10000011101100001110001100101001101101011001110001111001000111111000010000101100101010000001000100111010110110111010001001001010001101110111111010101100101111011110
10000001110110000111000110010100110110101100111000111100100011111100001000010110010101000000100010011101011011011101000100100101000110111011111101010110010111101111
11000000111011000011100011001010011011010110011100011110010001111110000100001011001010100000010001001110101101101110100010010010100011011101111110101011001011110111
11100000011101100001110001100101001101101011001110001111001000111111000010000101100101010000001000100111010110110111010001001001010001101110111111010101100101111011
11110000001110110000111000110010100110110101100111000111100100011111100001000010110010101000000100010011101011011011101000100100101000110111011111101010110010111101
11111000000111011000011100011001010011011010110011100011110010001111110000100001011001010100000010001001110101101101110100010010010100011011101111110101011001011110
10111100000011101100001110001100101001101101011001110001111001000111111000010000101100101010000001000100111010110110111010001001001010001101110111111010101100101111
11011110000001110110000111000110010100110110101100111000111100100011111100001000010110010101000000100010011101011011011101000100100101000110111011111101010110010111
11101111000000111011000011100011001010011011010110011100011110010001111110000100001011001010100000010001001110101101101110100010010010100011011101111110101011001011
11110111100000011101100001110001100101001101101011001110001111001000111111000010000101100101010000001000100111010110110111010001001001010001101110111111010101100101
11111011110000001110110000111000110010100110110101100111000111100100011111100001000010110010101000000100010011101011011011101000100100101000110111011111101010110010
10111101111000000111011000011100011001010011011010110011100011110010001111110000100001011001010100000010001001110101101101110100010010010100011011101111110101011001
11011110111100000011101100001110001100101001101101011001110001111001000111111000010000101100101010000001000100111010110110111010001001001010001101110111111010101100
10101111011110000001110110000111000110010100110110101100111000111100100011111100001000010110010101000000100010011101011011011101000100100101000110111011111101010110
10010111101111000000111011000011100011001010011011010110011100011110010001111110000100001011001010100000010001001110101101101110100010010010100011011101111110101011
11001011110111100000011101100001110001100101001101101011001110001111001000111111000010000101100101010000001000100111010110110111010001001001010001101110111111010101
11100101111011110000001110110000111000110010100110110101100111000111100100011111100001000010110010101000000100010011101011011011101000100100101000110111011111101010
10110010111101111000000111011000011100011001010011011010110011100011110010001111110000100001011001010100000010001001110101101101110100010010010100011011101111110101
11011001011110111100000011101100001110001100101001101101011001110001111001000111111000010000101100101010000001000100111010110110111010001001001010001101110111111010
10101100101111011110000001110110000111000110010100110110101100111000111100100011111100001000010110010101000000100010011101011011011101000100100101000110111011111101
11010110010111101111000000111011000011100011001010011011010110011100011110010001111110000100001011001010100000010001001110101101101110100010010010100011011101111110
10101011001011110111100000011101100001110001100101001101101011001110001111001000111111000010000101100101010000001000100111010110110111010001001001010001101110111111
11010101100101111011110000001110110000111000110010100110110101100111000111100100011111100001000010110010101000000100010011101011011011101000100100101000110111011111
11101010110010111101111000000111011000011100011001010011011010110011100011110010001111110000100001011001010100000010001001110101101101110100010010010100011011101111
11110101011001011110111100000011101100001110001100101001101101011001110001111001000111111000010000101100101010000001000100111010110110111010001001001010001101110111
11111010101100101111011110000001110110000111000110010100110110101100111000111100100011111100001000010110010101000000100010011101011011011101000100100101000110111011
11111101010110010111101111000000111011000011100011001010011011010110011100011110010001111110000100001011001010100000010001001110101101101110100010010010100011011101
11111110101011001011110111100000011101100001110001100101001101101011001110001111001000111111000010000101100101010000001000100111010110110111010001001001010001101110
10111111010101100101111011110000001110110000111000110010100110110101100111000111100100011111100001000010110010101000000100010011101011011011101000100100101000110111
11011111101010110010111101111000000111011000011100011001010011011010110011100011110010001111110000100001011001010100000010001001110101101101110100010010010100011011
11101111110101011001011110111100000011101100001110001100101001101101011001110001111001000111111000010000101100101010000001000100111010110110111010001001001010001101
11110111111010101100101111011110000001110110000111000110010100110110101100111000111100100011111100001000010110010101000000100010011101011011011101000100100101000110
10111011111101010110010111101111000000111011000011100011001010011011010110011100011110010001111110000100001011001010100000010001001110101101101110100010010010100011
11011101111110101011001011110111100000011101100001110001100101001101101011001110001111001000111111000010000101100101010000001000100111010110110111010001001001010001
11101110111111010101100101111011110000001110110000111000110010100110110101100111000111100100011111100001000010110010101000000100010011101011011011101000100100101000
10110111011111101010110010111101111000000111011000011100011001010011011010110011100011110010001111110000100001011001010100000010001001110101101101110100010010010100
10011011101111110101011001011110111100000011101100001110001100101001101101011001110001111001000111111000010000101100101010000001000100111010110110111010001001001010
10001101110111111010101100101111011110000001110110000111000110010100110110101100111000111100100011111100001000010110010101000000100010011101011011011101000100100101
11000110111011111101010110010111101111000000111011000011100011001010011011010110011100011110010001111110000100001011001010100000010001001110101101101110100010010010
10100011011101111110101011001011110111100000011101100001110001100101001101101011001110001111001000111111000010000101100101010000001000100111010110110111010001001001
11010001101110111111010101100101111011110000001110110000111000110010100110110101100111000111100100011111100001000010110010101000000100010011101011011011101000100100
10101000110111011111101010110010111101111000000111011000011100011001010011011010110011100011110010001111110000100001011001010100000010001001110101101101110100010010
10010100011011101111110101011001011110111100000011101100001110001100101001101101011001110001111001000111111000010000101100101010000001000100111010110110111010001001
11001010001101110111111010101100101111011110000001110110000111000110010100110110101100111000111100100011111100001000010110010101000000100010011101011011011101000100
10100101000110111011111101010110010111101111000000111011000011100011001010011011010110011100011110010001111110000100001011001010100000010001001110101101101110100010
10010010100011011101111110101011001011110111100000011101100001110001100101001101101011001110001111001000111111000010000101100101010000001000100111010110110111010001
11001001010001101110111111010101100101111011110000001110110000111000110010100110110101100111000111100100011111100001000010110010101000000100010011101011011011101000
10100100101000110111011111101010110010111101111000000111011000011100011001010011011010110011100011110010001111110000100001011001010100000010001001110101101101110100
10010010010100011011101111110101011001011110111100000011101100001110001100101001101101011001110001111001000111111000010000101100101010000001000100111010110110111010
10001001001010001101110111111010101100101111011110000001110110000111000110010100110110101100111000111100100011111100001000010110010101000000100010011101011011011101
11000100100101000110111011111101010110010111101111000000111011000011100011001010011011010110011100011110010001111110000100001011001010100000010001001110101101101110
10100010010010100011011101111110101011001011110111100000011101100001110001100101001101101011001110001111001000111111000010000101100101010000001000100111010110110111
11010001001001010001101110111111010101100101111011110000001110110000111000110010100110110101100111000111100100011111100001000010110010101000000100010011101011011011
11101000100100101000110111011111101010110010111101111000000111011000011100011001010011011010110011100011110010001111110000100001011001010100000010001001110101101101
11110100010010010100011011101111110101011001011110111100000011101100001110001100101001101101011001110001111001000111111000010000101100101010000001000100111010110110
10111010001001001010001101110111111010101100101111011110000001110110000111000110010100110110101100111000111100100011111100001000010110010101000000100010011101011011
11011101000100100101000110111011111101010110010111101111000000111011000011100011001010011011010110011100011110010001111110000100001011001010100000010001001110101101
11101110100010010010100011011101111110101011001011110111100000011101100001110001100101001101101011001110001111001000111111000010000101100101010000001000100111010110
10110111010001001001010001101110111111010101100101111011110000001110110000111000110010100110110101100111000111100100011111100001000010110010101000000100010011101011
11011011101000100100101000110111011111101010110010111101111000000111011000011100011001010011011010110011100011110010001111110000100001011001010100000010001001110101
11101101110100010010010100011011101111110101011001011110111100000011101100001110001100101001101101011001110001111001000111111000010000101100101010000001000100111010
10110110111010001001001010001101110111111010101100101111011110000001110110000111000110010100110110101100111000111100100011111100001000010110010101000000100010011101
11011011011101000100100101000110111011111101010110010111101111000000111011000011100011001010011011010110011100011110010001111110000100001011001010100000010001001110
10101101101110100010010010100011011101111110101011001011110111100000011101100001110001100101001101101011001110001111001000111111000010000101100101010000001000100111
11010110110111010001001001010001101110111111010101100101111011110000001110110000111000110010100110110101100111000111100100011111100001000010110010101000000100010011
11101011011011101000100100101000110111011111101010110010111101111000000111011000011100011001010011011010110011100011110010001111110000100001011001010100000010001001
11110101101101110100010010010100011011101111110101011001011110111100000011101100001110001100101001101101011001110001111001000111111000010000101100101010000001000100
10111010110110111010001001001010001101110111111010101100101111011110000001110110000111000110010100110110101100111000111100100011111100001000010110010101000000100010
10011101011011011101000100100101000110111011111101010110010111101111000000111011000011100011001010011011010110011100011110010001111110000100001011001010100000010001
11001110101101101110100010010010100011011101111110101011001011110111100000011101100001110001100101001101101011001110001111001000111111000010000101100101010000001000
10100111010110110111010001001001010001101110111111010101100101111011110000001110110000111000110010100110110101100111000111100100011111100001000010110010101000000100
10010011101011011011101000100100101000110111011111101010110010111101111000000111011000011100011001010011011010110011100011110010001111110000100001011001010100000010
10001001110101101101110100010010010100011011101111110101011001011110111100000011101100001110001100101001101101011001110001111001000111111000010000101100101010000001
11000100111010110110111010001001001010001101110111111010101100101111011110000001110110000111000110010100110110101100111000111100100011111100001000010110010101000000
10100010011101011011011101000100100101000110111011111101010110010111101111000000111011000011100011001010011011010110011100011110010001111110000100001011001010100000
10010001001110101101101110100010010010100011011101111110101011001011110111100000011101100001110001100101001101101011001110001111001000111111000010000101100101010000
10001000100111010110110111010001001001010001101110111111010101100101111011110000001110110000111000110010100110110101100111000111100100011111100001000010110010101000
10000100010011101011011011101000100100101000110111011111101010110010111101111000000111011000011100011001010011011010110011100011110010001111110000100001011001010100
10000010001001110101101101110100010010010100011011101111110101011001011110111100000011101100001110001100101001101101011001110001111001000111111000010000101100101010
10000001000100111010110110111010001001001010001101110111111010101100101111011110000001110110000111000110010100110110101100111000111100100011111100001000010110010101
11000000100010011101011011011101000100100101000110111011111101010110010111101111000000111011000011100011001010011011010110011100011110010001111110000100001011001010
10100000010001001110101101101110100010010010100011011101111110101011001011110111100000011101100001110001100101001101101011001110001111001000111111000010000101100101
11010000001000100111010110110111010001001001010001101110111111010101100101111011110000001110110000111000110010100110110101100111000111100100011111100001000010110010
10101000000100010011101011011011101000100100101000110111011111101010110010111101111000000111011000011100011001010011011010110011100011110010001111110000100001011001
11010100000010001001110101101101110100010010010100011011101111110101011001011110111100000011101100001110001100101001101101011001110001111001000111111000010000101100
10101010000001000100111010110110111010001001001010001101110111111010101100101111011110000001110110000111000110010100110110101100111000111100100011111100001000010110
10010101000000100010011101011011011101000100100101000110111011111101010110010111101111000000111011000011100011001010011011010110011100011110010001111110000100001011
11001010100000010001001110101101101110100010010010100011011101111110101011001011110111100000011101100001110001100101001101101011001110001111001000111111000010000101
11100101010000001000100111010110110111010001001001010001101110111111010101100101111011110000001110110000111000110010100110110101100111000111100100011111100001000010
10110010101000000100010011101011011011101000100100101000110111011111101010110010111101111000000111011000011100011001010011011010110011100011110010001111110000100001
11011001010100000010001001110101101101110100010010010100011011101111110101011001011110111100000011101100001110001100101001101101011001110001111001000111111000010000
10101100101010000001000100111010110110111010001001001010001101110111111010101100101111011110000001110110000111000110010100110110101100111000111100100011111100001000
10010110010101000000100010011101011011011101000100100101000110111011111101010110010111101111000000111011000011100011001010011011010110011100011110010001111110000100
10001011001010100000010001001110101101101110100010010010100011011101111110101011001011110111100000011101100001110001100101001101101011001110001111001000111111000010
10000101100101010000001000100111010110110111010001001001010001101110111111010101100101111011110000001110110000111000110010100110110101100111000111100100011111100001
11000010110010101000000100010011101011011011101000100100101000110111011111101010110010111101111000000111011000011100011001010011011010110011100011110010001111110000
10100001011001010100000010001001110101101101110100010010010100011011101111110101011001011110111100000011101100001110001100101001101101011001110001111001000111111000
10010000101100101010000001000100111010110110111010001001001010001101110111111010101100101111011110000001110110000111000110010100110110101100111000111100100011111100
10001000010110010101000000100010011101011011011101000100100101000110111011111101010110010111101111000000111011000011100011001010011011010110011100011110010001111110
10000100001011001010100000010001001110101101101110100010010010100011011101111110101011001011110111100000011101100001110001100101001101101011001110001111001000111111
11000010000101100101010000001000100111010110110111010001001001010001101110111111010101100101111011110000001110110000111000110010100110110101100111000111100100011111
11100001000010110010101000000100010011101011011011101000100100101000110111011111101010110010111101111000000111011000011100011001010011011010110011100011110010001111
11110000100001011001010100000010001001110101101101110100010010010100011011101111110101011001011110111100000011101100001110001100101001101101011001110001111001000111
11111000010000101100101010000001000100111010110110111010001001001010001101110111111010101100101111011110000001110110000111000110010100110110101100111000111100100011
11111100001000010110010101000000100010011101011011011101000100100101000110111011111101010110010111101111000000111011000011100011001010011011010110011100011110010001
11111110000100001011001010100000010001001110101101101110100010010010100011011101111110101011001011110111100000011101100001110001100101001101101011001110001111001000
10111111000010000101100101010000001000100111010110110111010001001001010001101110111111010101100101111011110000001110110000111000110010100110110101100111000111100100
10011111100001000010110010101000000100010011101011011011101000100100101000110111011111101010110010111101111000000111011000011100011001010011011010110011100011110010
10001111110000100001011001010100000010001001110101101101110100010010010100011011101111110101011001011110111100000011101100001110001100101001101101011001110001111001
11000111111000010000101100101010000001000100111010110110111010001001001010001101110111111010101100101111011110000001110110000111000110010100110110101100111000111100
10100011111100001000010110010101000000100010011101011011011101000100100101000110111011111101010110010111101111000000111011000011100011001010011011010110011100011110
10010001111110000100001011001010100000010001001110101101101110100010010010100011011101111110101011001011110111100000011101100001110001100101001101101011001110001111
11001000111111000010000101100101010000001000100111010110110111010001001001010001101110111111010101100101111011110000001110110000111000110010100110110101100111000111
11100100011111100001000010110010101000000100010011101011011011101000100100101000110111011111101010110010111101111000000111011000011100011001010011011010110011100011
11110010001111110000100001011001010100000010001001110101101101110100010010010100011011101111110101011001011110111100000011101100001110001100101001101101011001110001
11111001000111111000010000101100101010000001000100111010110110111010001001001010001101110111111010101100101111011110000001110110000111000110010100110110101100111000
10111100100011111100001000010110010101000000100010011101011011011101000100100101000110111011111101010110010111101111000000111011000011100011001010011011010110011100
10011110010001111110000100001011001010100000010001001110101101101110100010010010100011011101111110101011001011110111100000011101100001110001100101001101101011001110
10001111001000111111000010000101100101010000001000100111010110110111010001001001010001101110111111010101100101111011110000001110110000111000110010100110110101100111
11000111100100011111100001000010110010101000000100010011101011011011101000100100101000110111011111101010110010111101111000000111011000011100011001010011011010110011
11100011110010001111110000100001011001010100000010001001110101101101110100010010010100011011101111110101011001011110111100000011101100001110001100101001101101011001
11110001111001000111111000010000101100101010000001000100111010110110111010001001001010001101110111111010101100101111011110000001110110000111000110010100110110101100
10111000111100100011111100001000010110010101000000100010011101011011011101000100100101000110111011111101010110010111101111000000111011000011100011001010011011010110
10011100011110010001111110000100001011001010100000010001001110101101101110100010010010100011011101111110101011001011110111100000011101100001110001100101001101101011
11001110001111001000111111000010000101100101010000001000100111010110110111010001001001010001101110111111010101100101111011110000001110110000111000110010100110110101
11100111000111100100011111100001000010110010101000000100010011101011011011101000100100101000110111011111101010110010111101111000000111011000011100011001010011011010
10110011100011110010001111110000100001011001010100000010001001110101101101110100010010010100011011101111110101011001011110111100000011101100001110001100101001101101
11011001110001111001000111111000010000101100101010000001000100111010110110111010001001001010001101110111111010101100101111011110000001110110000111000110010100110110
10101100111000111100100011111100001000010110010101000000100010011101011011011101000100100101000110111011111101010110010111101111000000111011000011100011001010011011
11010110011100011110010001111110000100001011001010100000010001001110101101101110100010010010100011011101111110101011001011110111100000011101100001110001100101001101
11101011001110001111001000111111000010000101100101010000001000100111010110110111010001001001010001101110111111010101100101111011110000001110110000111000110010100110
10110101100111000111100100011111100001000010110010101000000100010011101011011011101000100100101000110111011111101010110010111101111000000111011000011100011001010011
