0000000000000000
0101010101010101
0011001100110011
0110011001100110
0000111100001111
0101101001011010
0011110000111100
0110100101101001
0000000011111111
0000111111110000
0011010111001010
0011101011000101
0101011010101001
0101100110100110
0110001110011100
0110110010010011
1111111111111111
1010101010101010
1100110011001100
1001100110011001
1111000011110000
1010010110100101
1100001111000011
1001011010010110
1111111100000000
1111000000001111
1100101000110101
1100010100111010
1010100101010110
1010011001011001
1001110001100011
1001001101101100
