0000000000000000
0101010101010101
0011001100110011
0110011001100110
0000111100001111
0101101001011010
0011110000111100
0110100101101001
0000000011111111
0101010110101010
0011001111001100
0110011010011001
0000111111110000
0101101010100101
0011110011000011
0110100110010110
1111111111111111
1010101010101010
1100110011001100
1001100110011001
1111000011110000
1010010110100101
1100001111000011
1001011010010110
1111111100000000
1010101001010101
1100110000110011
1001100101100110
1111000000001111
1010010101011010
1100001100111100
1001011001101001
