0000000000000000000000000000000000000000000000000000000000000000000000000000000000000000000000000010000000000000000000000000000000000000000000000000000000000000000000000000000000000000000000000000
0000001010010011101011101001011100010011111100110000110011111100100011101001011101011100100101000001000010100100111010111010010111000100111111001100001100111111001000111010010111010111001001010000
0000000101001001110101110100101110001001111110011000011001111110010001110100101110101110010010100000100001010010011101011101001011100010011111100110000110011111100100011101001011101011100100101000
0000000010100100111010111010010111000100111111001100001100111111001000111010010111010111001001010000010000101001001110101110100101110001001111110011000011001111110010001110100101110101110010010100
0000000001010010011101011101001011100010011111100110000110011111100100011101001011101011100100101000001000010100100111010111010010111000100111111001100001100111111001000111010010111010111001001010
0000000000101001001110101110100101110001001111110011000011001111110010001110100101110101110010010100000100001010010011101011101001011100010011111100110000110011111100100011101001011101011100100101
0100000000010100100111010111010010111000100111111001100001100111111001000111010010111010111001001001000010000101001001110101110100101110001001111110011000011001111110010001110100101110101110010010
0010000000001010010011101011101001011100010011111100110000110011111100100011101001011101011100100100100001000010100100111010111010010111000100111111001100001100111111001000111010010111010111001001
0101000000000101001001110101110100101110001001111110011000011001111110010001110100101110101110010001010000100001010010011101011101001011100010011111100110000110011111100100011101001011101011100100
0010100000000010100100111010111010010111000100111111001100001100111111001000111010010111010111001000101000010000101001001110101110100101110001001111110011000011001111110010001110100101110101110010
0001010000000001010010011101011101001011100010011111100110000110011111100100011101001011101011100100010100001000010100100111010111010010111000100111111001100001100111111001000111010010111010111001
0100101000000000101001001110101110100101110001001111110011000011001111110010001110100101110101110001001010000100001010010011101011101001011100010011111100110000110011111100100011101001011101011100
0010010100000000010100100111010111010010111000100111111001100001100111111001000111010010111010111000100101000010000101001001110101110100101110001001111110011000011001111110010001110100101110101110
0001001010000000001010010011101011101001011100010011111100110000110011111100100011101001011101011100010010100001000010100100111010111010010111000100111111001100001100111111001000111010010111010111
0100100101000000000101001001110101110100101110001001111110011000011001111110010001110100101110101101001001010000100001010010011101011101001011100010011111100110000110011111100100011101001011101011
0110010010100000000010100100111010111010010111000100111111001100001100111111001000111010010111010101100100101000010000101001001110101110100101110001001111110011000011001111110010001110100101110101
0111001001010000000001010010011101011101001011100010011111100110000110011111100100011101001011101001110010010100001000010100100111010111010010111000100111111001100001100111111001000111010010111010
0011100100101000000000101001001110101110100101110001001111110011000011001111110010001110100101110100111001001010000100001010010011101011101001011100010011111100110000110011111100100011101001011101
0101110010010100000000010100100111010111010010111000100111111001100001100111111001000111010010111001011100100101000010000101001001110101110100101110001001111110011000011001111110010001110100101110
0010111001001010000000001010010011101011101001011100010011111100110000110011111100100011101001011100101110010010100001000010100100111010111010010111000100111111001100001100111111001000111010010111
0101011100100101000000000101001001110101110100101110001001111110011000011001111110010001110100101101010111001001010000100001010010011101011101001011100010011111100110000110011111100100011101001011
0110101110010010100000000010100100111010111010010111000100111111001100001100111111001000111010010101101011100100101000010000101001001110101110100101110001001111110011000011001111110010001110100101
0111010111001001010000000001010010011101011101001011100010011111100110000110011111100100011101001001110101110010010100001000010100100111010111010010111000100111111001100001100111111001000111010010
0011101011100100101000000000101001001110101110100101110001001111110011000011001111110010001110100100111010111001001010000100001010010011101011101001011100010011111100110000110011111100100011101001
0101110101110010010100000000010100100111010111010010111000100111111001100001100111111001000111010001011101011100100101000010000101001001110101110100101110001001111110011000011001111110010001110100
0010111010111001001010000000001010010011101011101001011100010011111100110000110011111100100011101000101110101110010010100001000010100100111010111010010111000100111111001100001100111111001000111010
0001011101011100100101000000000101001001110101110100101110001001111110011000011001111110010001110100010111010111001001010000100001010010011101011101001011100010011111100110000110011111100100011101
0100101110101110010010100000000010100100111010111010010111000100111111001100001100111111001000111001001011101011100100101000010000101001001110101110100101110001001111110011000011001111110010001110
0010010111010111001001010000000001010010011101011101001011100010011111100110000110011111100100011100100101110101110010010100001000010100100111010111010010111000100111111001100001100111111001000111
0101001011101011100100101000000000101001001110101110100101110001001111110011000011001111110010001101010010111010111001001010000100001010010011101011101001011100010011111100110000110011111100100011
0110100101110101110010010100000000010100100111010111010010111000100111111001100001100111111001000101101001011101011100100101000010000101001001110101110100101110001001111110011000011001111110010001
0111010010111010111001001010000000001010010011101011101001011100010011111100110000110011111100100001110100101110101110010010100001000010100100111010111010010111000100111111001100001100111111001000
0011101001011101011100100101000000000101001001110101110100101110001001111110011000011001111110010000111010010111010111001001010000100001010010011101011101001011100010011111100110000110011111100100
0001110100101110101110010010100000000010100100111010111010010111000100111111001100001100111111001000011101001011101011100100101000010000101001001110101110100101110001001111110011000011001111110010
0000111010010111010111001001010000000001010010011101011101001011100010011111100110000110011111100100001110100101110101110010010100001000010100100111010111010010111000100111111001100001100111111001
0100011101001011101011100100101000000000101001001110101110100101110001001111110011000011001111110001000111010010111010111001001010000100001010010011101011101001011100010011111100110000110011111100
0010001110100101110101110010010100000000010100100111010111010010111000100111111001100001100111111000100011101001011101011100100101000010000101001001110101110100101110001001111110011000011001111110
0001000111010010111010111001001010000000001010010011101011101001011100010011111100110000110011111100010001110100101110101110010010100001000010100100111010111010010111000100111111001100001100111111
0100100011101001011101011100100101000000000101001001110101110100101110001001111110011000011001111101001000111010010111010111001001010000100001010010011101011101001011100010011111100110000110011111
0110010001110100101110101110010010100000000010100100111010111010010111000100111111001100001100111101100100011101001011101011100100101000010000101001001110101110100101110001001111110011000011001111
0111001000111010010111010111001001010000000001010010011101011101001011100010011111100110000110011101110010001110100101110101110010010100001000010100100111010111010010111000100111111001100001100111
0111100100011101001011101011100100101000000000101001001110101110100101110001001111110011000011001101111001000111010010111010111001001010000100001010010011101011101001011100010011111100110000110011
0111110010001110100101110101110010010100000000010100100111010111010010111000100111111001100001100101111100100011101001011101011100100101000010000101001001110101110100101110001001111110011000011001
0111111001000111010010111010111001001010000000001010010011101011101001011100010011111100110000110001111110010001110100101110101110010010100001000010100100111010111010010111000100111111001100001100
0011111100100011101001011101011100100101000000000101001001110101110100101110001001111110011000011000111111001000111010010111010111001001010000100001010010011101011101001011100010011111100110000110
0001111110010001110100101110101110010010100000000010100100111010111010010111000100111111001100001100011111100100011101001011101011100100101000010000101001001110101110100101110001001111110011000011
0100111111001000111010010111010111001001010000000001010010011101011101001011100010011111100110000101001111110010001110100101110101110010010100001000010100100111010111010010111000100111111001100001
0110011111100100011101001011101011100100101000000000101001001110101110100101110001001111110011000001100111111001000111010010111010111001001010000100001010010011101011101001011100010011111100110000
0011001111110010001110100101110101110010010100000000010100100111010111010010111000100111111001100000110011111100100011101001011101011100100101000010000101001001110101110100101110001001111110011000
0001100111111001000111010010111010111001001010000000001010010011101011101001011100010011111100110000011001111110010001110100101110101110010010100001000010100100111010111010010111000100111111001100
0000110011111100100011101001011101011100100101000000000101001001110101110100101110001001111110011000001100111111001000111010010111010111001001010000100001010010011101011101001011100010011111100110
0000011001111110010001110100101110101110010010100000000010100100111010111010010111000100111111001100000110011111100100011101001011101011100100101000010000101001001110101110100101110001001111110011
0100001100111111001000111010010111010111001001010000000001010010011101011101001011100010011111100101000011001111110010001110100101110101110010010100001000010100100111010111010010111000100111111001
0110000110011111100100011101001011101011100100101000000000101001001110101110100101110001001111110001100001100111111001000111010010111010111001001010000100001010010011101011101001011100010011111100
0011000011001111110010001110100101110101110010010100000000010100100111010111010010111000100111111000110000110011111100100011101001011101011100100101000010000101001001110101110100101110001001111110
0001100001100111111001000111010010111010111001001010000000001010010011101011101001011100010011111100011000011001111110010001110100101110101110010010100001000010100100111010111010010111000100111111
0100110000110011111100100011101001011101011100100101000000000101001001110101110100101110001001111101001100001100111111001000111010010111010111001001010000100001010010011101011101001011100010011111
0110011000011001111110010001110100101110101110010010100000000010100100111010111010010111000100111101100110000110011111100100011101001011101011100100101000010000101001001110101110100101110001001111
0111001100001100111111001000111010010111010111001001010000000001010010011101011101001011100010011101110011000011001111110010001110100101110101110010010100001000010100100111010111010010111000100111
0111100110000110011111100100011101001011101011100100101000000000101001001110101110100101110001001101111001100001100111111001000111010010111010111001001010000100001010010011101011101001011100010011
0111110011000011001111110010001110100101110101110010010100000000010100100111010111010010111000100101111100110000110011111100100011101001011101011100100101000010000101001001110101110100101110001001
0111111001100001100111111001000111010010111010111001001010000000001010010011101011101001011100010001111110011000011001111110010001110100101110101110010010100001000010100100111010111010010111000100
0011111100110000110011111100100011101001011101011100100101000000000101001001110101110100101110001000111111001100001100111111001000111010010111010111001001010000100001010010011101011101001011100010
0001111110011000011001111110010001110100101110101110010010100000000010100100111010111010010111000100011111100110000110011111100100011101001011101011100100101000010000101001001110101110100101110001
0100111111001100001100111111001000111010010111010111001001010000000001010010011101011101001011100001001111110011000011001111110010001110100101110101110010010100001000010100100111010111010010111000
0010011111100110000110011111100100011101001011101011100100101000000000101001001110101110100101110000100111111001100001100111111001000111010010111010111001001010000100001010010011101011101001011100
0001001111110011000011001111110010001110100101110101110010010100000000010100100111010111010010111000010011111100110000110011111100100011101001011101011100100101000010000101001001110101110100101110
0000100111111001100001100111111001000111010010111010111001001010000000001010010011101011101001011100001001111110011000011001111110010001110100101110101110010010100001000010100100111010111010010111
0100010011111100110000110011111100100011101001011101011100100101000000000101001001110101110100101101000100111111001100001100111111001000111010010111010111001001010000100001010010011101011101001011
0110001001111110011000011001111110010001110100101110101110010010100000000010100100111010111010010101100010011111100110000110011111100100011101001011101011100100101000010000101001001110101110100101
0111000100111111001100001100111111001000111010010111010111001001010000000001010010011101011101001001110001001111110011000011001111110010001110100101110101110010010100001000010100100111010111010010
0011100010011111100110000110011111100100011101001011101011100100101000000000101001001110101110100100111000100111111001100001100111111001000111010010111010111001001010000100001010010011101011101001
0101110001001111110011000011001111110010001110100101110101110010010100000000010100100111010111010001011100010011111100110000110011111100100011101001011101011100100101000010000101001001110101110100
0010111000100111111001100001100111111001000111010010111010111001001010000000001010010011101011101000101110001001111110011000011001111110010001110100101110101110010010100001000010100100111010111010
0001011100010011111100110000110011111100100011101001011101011100100101000000000101001001110101110100010111000100111111001100001100111111001000111010010111010111001001010000100001010010011101011101
0100101110001001111110011000011001111110010001110100101110101110010010100000000010100100111010111001001011100010011111100110000110011111100100011101001011101011100100101000010000101001001110101110
0010010111000100111111001100001100111111001000111010010111010111001001010000000001010010011101011100100101110001001111110011000011001111110010001110100101110101110010010100001000010100100111010111
0101001011100010011111100110000110011111100100011101001011101011100100101000000000101001001110101101010010111000100111111001100001100111111001000111010010111010111001001010000100001010010011101011
0110100101110001001111110011000011001111110010001110100101110101110010010100000000010100100111010101101001011100010011111100110000110011111100100011101001011101011100100101000010000101001001110101
0111010010111000100111111001100001100111111001000111010010111010111001001010000000001010010011101001110100101110001001111110011000011001111110010001110100101110101110010010100001000010100100111010
0011101001011100010011111100110000110011111100100011101001011101011100100101000000000101001001110100111010010111000100111111001100001100111111001000111010010111010111001001010000100001010010011101
0101110100101110001001111110011000011001111110010001110100101110101110010010100000000010100100111001011101001011100010011111100110000110011111100100011101001011101011100100101000010000101001001110
0010111010010111000100111111001100001100111111001000111010010111010111001001010000000001010010011100101110100101110001001111110011000011001111110010001110100101110101110010010100001000010100100111
0101011101001011100010011111100110000110011111100100011101001011101011100100101000000000101001001101010111010010111000100111111001100001100111111001000111010010111010111001001010000100001010010011
0110101110100101110001001111110011000011001111110010001110100101110101110010010100000000010100100101101011101001011100010011111100110000110011111100100011101001011101011100100101000010000101001001
0111010111010010111000100111111001100001100111111001000111010010111010111001001010000000001010010001110101110100101110001001111110011000011001111110010001110100101110101110010010100001000010100100
0011101011101001011100010011111100110000110011111100100011101001011101011100100101000000000101001000111010111010010111000100111111001100001100111111001000111010010111010111001001010000100001010010
0001110101110100101110001001111110011000011001111110010001110100101110101110010010100000000010100100011101011101001011100010011111100110000110011111100100011101001011101011100100101000010000101001
0100111010111010010111000100111111001100001100111111001000111010010111010111001001010000000001010001001110101110100101110001001111110011000011001111110010001110100101110101110010010100001000010100
0010011101011101001011100010011111100110000110011111100100011101001011101011100100101000000000101000100111010111010010111000100111111001100001100111111001000111010010111010111001001010000100001010
0001001110101110100101110001001111110011000011001111110010001110100101110101110010010100000000010100010011101011101001011100010011111100110000110011111100100011101001011101011100100101000010000101
0100100111010111010010111000100111111001100001100111111001000111010010111010111001001010000000001001001001110101110100101110001001111110011000011001111110010001110100101110101110010010100001000010
0010010011101011101001011100010011111100110000110011111100100011101001011101011100100101000000000100100100111010111010010111000100111111001100001100111111001000111010010111010111001001010000100001
0101001001110101110100101110001001111110011000011001111110010001110100101110101110010010100000000001010010011101011101001011100010011111100110000110011111100100011101001011101011100100101000010000
0010100100111010111010010111000100111111001100001100111111001000111010010111010111001001010000000000101001001110101110100101110001001111110011000011001111110010001110100101110101110010010100001000
0001010010011101011101001011100010011111100110000110011111100100011101001011101011100100101000000000010100100111010111010010111000100111111001100001100111111001000111010010111010111001001010000100
0000101001001110101110100101110001001111110011000011001111110010001110100101110101110010010100000000001010010011101011101001011100010011111100110000110011111100100011101001011101011100100101000010
0000010100100111010111010010111000100111111001100001100111111001000111010010111010111001001010000000000101001001110101110100101110001001111110011000011001111110010001110100101110101110010010100001
1000000000000000000000000000000000000000000000000000000000000000000000000000000000000000000000000011111111111111111111111111111111111111111111111111111111111111111111111111111111111111111111111111
0100001010010011101011101001011100010011111100110000110011111100100011101001011101011100100101000011111101011011000101000101101000111011000000110011110011000000110111000101101000101000110110101111
0010000101001001110101110100101110001001111110011000011001111110010001110100101110101110010010100011111110101101100010100010110100011101100000011001111001100000011011100010110100010100011011010111
0001000010100100111010111010010111000100111111001100001100111111001000111010010111010111001001010011111111010110110001010001011010001110110000001100111100110000001101110001011010001010001101101011
0000100001010010011101011101001011100010011111100110000110011111100100011101001011101011100100101011111111101011011000101000101101000111011000000110011110011000000110111000101101000101000110110101
0000010000101001001110101110100101110001001111110011000011001111110010001110100101110101110010010111111111110101101100010100010110100011101100000011001111001100000011011100010110100010100011011010
0100001000010100100111010111010010111000100111111001100001100111111001000111010010111010111001001010111111111010110110001010001011010001110110000001100111100110000001101110001011010001010001101101
0010000100001010010011101011101001011100010011111100110000110011111100100011101001011101011100100111011111111101011011000101000101101000111011000000110011110011000000110111000101101000101000110110
0101000010000101001001110101110100101110001001111110011000011001111110010001110100101110101110010010101111111110101101100010100010110100011101100000011001111001100000011011100010110100010100011011
0010100001000010100100111010111010010111000100111111001100001100111111001000111010010111010111001011010111111111010110110001010001011010001110110000001100111100110000001101110001011010001010001101
0001010000100001010010011101011101001011100010011111100110000110011111100100011101001011101011100111101011111111101011011000101000101101000111011000000110011110011000000110111000101101000101000110
0100101000010000101001001110101110100101110001001111110011000011001111110010001110100101110101110010110101111111110101101100010100010110100011101100000011001111001100000011011100010110100010100011
0010010100001000010100100111010111010010111000100111111001100001100111111001000111010010111010111011011010111111111010110110001010001011010001110110000001100111100110000001101110001011010001010001
0001001010000100001010010011101011101001011100010011111100110000110011111100100011101001011101011111101101011111111101011011000101000101101000111011000000110011110011000000110111000101101000101000
0100100101000010000101001001110101110100101110001001111110011000011001111110010001110100101110101110110110101111111110101101100010100010110100011101100000011001111001100000011011100010110100010100
0110010010100001000010100100111010111010010111000100111111001100001100111111001000111010010111010110011011010111111111010110110001010001011010001110110000001100111100110000001101110001011010001010
0111001001010000100001010010011101011101001011100010011111100110000110011111100100011101001011101010001101101011111111101011011000101000101101000111011000000110011110011000000110111000101101000101
0011100100101000010000101001001110101110100101110001001111110011000011001111110010001110100101110111000110110101111111110101101100010100010110100011101100000011001111001100000011011100010110100010
0101110010010100001000010100100111010111010010111000100111111001100001100111111001000111010010111010100011011010111111111010110110001010001011010001110110000001100111100110000001101110001011010001
0010111001001010000100001010010011101011101001011100010011111100110000110011111100100011101001011111010001101101011111111101011011000101000101101000111011000000110011110011000000110111000101101000
0101011100100101000010000101001001110101110100101110001001111110011000011001111110010001110100101110101000110110101111111110101101100010100010110100011101100000011001111001100000011011100010110100
0110101110010010100001000010100100111010111010010111000100111111001100001100111111001000111010010110010100011011010111111111010110110001010001011010001110110000001100111100110000001101110001011010
0111010111001001010000100001010010011101011101001011100010011111100110000110011111100100011101001010001010001101101011111111101011011000101000101101000111011000000110011110011000000110111000101101
0011101011100100101000010000101001001110101110100101110001001111110011000011001111110010001110100111000101000110110101111111110101101100010100010110100011101100000011001111001100000011011100010110
0101110101110010010100001000010100100111010111010010111000100111111001100001100111111001000111010010100010100011011010111111111010110110001010001011010001110110000001100111100110000001101110001011
0010111010111001001010000100001010010011101011101001011100010011111100110000110011111100100011101011010001010001101101011111111101011011000101000101101000111011000000110011110011000000110111000101
0001011101011100100101000010000101001001110101110100101110001001111110011000011001111110010001110111101000101000110110101111111110101101100010100010110100011101100000011001111001100000011011100010
0100101110101110010010100001000010100100111010111010010111000100111111001100001100111111001000111010110100010100011011010111111111010110110001010001011010001110110000001100111100110000001101110001
0010010111010111001001010000100001010010011101011101001011100010011111100110000110011111100100011111011010001010001101101011111111101011011000101000101101000111011000000110011110011000000110111000
0101001011101011100100101000010000101001001110101110100101110001001111110011000011001111110010001110101101000101000110110101111111110101101100010100010110100011101100000011001111001100000011011100
0110100101110101110010010100001000010100100111010111010010111000100111111001100001100111111001000110010110100010100011011010111111111010110110001010001011010001110110000001100111100110000001101110
0111010010111010111001001010000100001010010011101011101001011100010011111100110000110011111100100010001011010001010001101101011111111101011011000101000101101000111011000000110011110011000000110111
0011101001011101011100100101000010000101001001110101110100101110001001111110011000011001111110010011000101101000101000110110101111111110101101100010100010110100011101100000011001111001100000011011
0001110100101110101110010010100001000010100100111010111010010111000100111111001100001100111111001011100010110100010100011011010111111111010110110001010001011010001110110000001100111100110000001101
0000111010010111010111001001010000100001010010011101011101001011100010011111100110000110011111100111110001011010001010001101101011111111101011011000101000101101000111011000000110011110011000000110
0100011101001011101011100100101000010000101001001110101110100101110001001111110011000011001111110010111000101101000101000110110101111111110101101100010100010110100011101100000011001111001100000011
0010001110100101110101110010010100001000010100100111010111010010111000100111111001100001100111111011011100010110100010100011011010111111111010110110001010001011010001110110000001100111100110000001
0001000111010010111010111001001010000100001010010011101011101001011100010011111100110000110011111111101110001011010001010001101101011111111101011011000101000101101000111011000000110011110011000000
0100100011101001011101011100100101000010000101001001110101110100101110001001111110011000011001111110110111000101101000101000110110101111111110101101100010100010110100011101100000011001111001100000
0110010001110100101110101110010010100001000010100100111010111010010111000100111111001100001100111110011011100010110100010100011011010111111111010110110001010001011010001110110000001100111100110000
0111001000111010010111010111001001010000100001010010011101011101001011100010011111100110000110011110001101110001011010001010001101101011111111101011011000101000101101000111011000000110011110011000
0111100100011101001011101011100100101000010000101001001110101110100101110001001111110011000011001110000110111000101101000101000110110101111111110101101100010100010110100011101100000011001111001100
0111110010001110100101110101110010010100001000010100100111010111010010111000100111111001100001100110000011011100010110100010100011011010111111111010110110001010001011010001110110000001100111100110
0111111001000111010010111010111001001010000100001010010011101011101001011100010011111100110000110010000001101110001011010001010001101101011111111101011011000101000101101000111011000000110011110011
0011111100100011101001011101011100100101000010000101001001110101110100101110001001111110011000011011000000110111000101101000101000110110101111111110101101100010100010110100011101100000011001111001
0001111110010001110100101110101110010010100001000010100100111010111010010111000100111111001100001111100000011011100010110100010100011011010111111111010110110001010001011010001110110000001100111100
0100111111001000111010010111010111001001010000100001010010011101011101001011100010011111100110000110110000001101110001011010001010001101101011111111101011011000101000101101000111011000000110011110
0110011111100100011101001011101011100100101000010000101001001110101110100101110001001111110011000010011000000110111000101101000101000110110101111111110101101100010100010110100011101100000011001111
0011001111110010001110100101110101110010010100001000010100100111010111010010111000100111111001100011001100000011011100010110100010100011011010111111111010110110001010001011010001110110000001100111
0001100111111001000111010010111010111001001010000100001010010011101011101001011100010011111100110011100110000001101110001011010001010001101101011111111101011011000101000101101000111011000000110011
0000110011111100100011101001011101011100100101000010000101001001110101110100101110001001111110011011110011000000110111000101101000101000110110101111111110101101100010100010110100011101100000011001
0000011001111110010001110100101110101110010010100001000010100100111010111010010111000100111111001111111001100000011011100010110100010100011011010111111111010110110001010001011010001110110000001100
0100001100111111001000111010010111010111001001010000100001010010011101011101001011100010011111100110111100110000001101110001011010001010001101101011111111101011011000101000101101000111011000000110
0110000110011111100100011101001011101011100100101000010000101001001110101110100101110001001111110010011110011000000110111000101101000101000110110101111111110101101100010100010110100011101100000011
0011000011001111110010001110100101110101110010010100001000010100100111010111010010111000100111111011001111001100000011011100010110100010100011011010111111111010110110001010001011010001110110000001
0001100001100111111001000111010010111010111001001010000100001010010011101011101001011100010011111111100111100110000001101110001011010001010001101101011111111101011011000101000101101000111011000000
0100110000110011111100100011101001011101011100100101000010000101001001110101110100101110001001111110110011110011000000110111000101101000101000110110101111111110101101100010100010110100011101100000
0110011000011001111110010001110100101110101110010010100001000010100100111010111010010111000100111110011001111001100000011011100010110100010100011011010111111111010110110001010001011010001110110000
0111001100001100111111001000111010010111010111001001010000100001010010011101011101001011100010011110001100111100110000001101110001011010001010001101101011111111101011011000101000101101000111011000
0111100110000110011111100100011101001011101011100100101000010000101001001110101110100101110001001110000110011110011000000110111000101101000101000110110101111111110101101100010100010110100011101100
0111110011000011001111110010001110100101110101110010010100001000010100100111010111010010111000100110000011001111001100000011011100010110100010100011011010111111111010110110001010001011010001110110
0111111001100001100111111001000111010010111010111001001010000100001010010011101011101001011100010010000001100111100110000001101110001011010001010001101101011111111101011011000101000101101000111011
0011111100110000110011111100100011101001011101011100100101000010000101001001110101110100101110001011000000110011110011000000110111000101101000101000110110101111111110101101100010100010110100011101
0001111110011000011001111110010001110100101110101110010010100001000010100100111010111010010111000111100000011001111001100000011011100010110100010100011011010111111111010110110001010001011010001110
0100111111001100001100111111001000111010010111010111001001010000100001010010011101011101001011100010110000001100111100110000001101110001011010001010001101101011111111101011011000101000101101000111
0010011111100110000110011111100100011101001011101011100100101000010000101001001110101110100101110011011000000110011110011000000110111000101101000101000110110101111111110101101100010100010110100011
0001001111110011000011001111110010001110100101110101110010010100001000010100100111010111010010111011101100000011001111001100000011011100010110100010100011011010111111111010110110001010001011010001
0000100111111001100001100111111001000111010010111010111001001010000100001010010011101011101001011111110110000001100111100110000001101110001011010001010001101101011111111101011011000101000101101000
0100010011111100110000110011111100100011101001011101011100100101000010000101001001110101110100101110111011000000110011110011000000110111000101101000101000110110101111111110101101100010100010110100
0110001001111110011000011001111110010001110100101110101110010010100001000010100100111010111010010110011101100000011001111001100000011011100010110100010100011011010111111111010110110001010001011010
0111000100111111001100001100111111001000111010010111010111001001010000100001010010011101011101001010001110110000001100111100110000001101110001011010001010001101101011111111101011011000101000101101
0011100010011111100110000110011111100100011101001011101011100100101000010000101001001110101110100111000111011000000110011110011000000110111000101101000101000110110101111111110101101100010100010110
0101110001001111110011000011001111110010001110100101110101110010010100001000010100100111010111010010100011101100000011001111001100000011011100010110100010100011011010111111111010110110001010001011
0010111000100111111001100001100111111001000111010010111010111001001010000100001010010011101011101011010001110110000001100111100110000001101110001011010001010001101101011111111101011011000101000101
0001011100010011111100110000110011111100100011101001011101011100100101000010000101001001110101110111101000111011000000110011110011000000110111000101101000101000110110101111111110101101100010100010
0100101110001001111110011000011001111110010001110100101110101110010010100001000010100100111010111010110100011101100000011001111001100000011011100010110100010100011011010111111111010110110001010001
0010010111000100111111001100001100111111001000111010010111010111001001010000100001010010011101011111011010001110110000001100111100110000001101110001011010001010001101101011111111101011011000101000
0101001011100010011111100110000110011111100100011101001011101011100100101000010000101001001110101110101101000111011000000110011110011000000110111000101101000101000110110101111111110101101100010100
0110100101110001001111110011000011001111110010001110100101110101110010010100001000010100100111010110010110100011101100000011001111001100000011011100010110100010100011011010111111111010110110001010
0111010010111000100111111001100001100111111001000111010010111010111001001010000100001010010011101010001011010001110110000001100111100110000001101110001011010001010001101101011111111101011011000101
0011101001011100010011111100110000110011111100100011101001011101011100100101000010000101001001110111000101101000111011000000110011110011000000110111000101101000101000110110101111111110101101100010
0101110100101110001001111110011000011001111110010001110100101110101110010010100001000010100100111010100010110100011101100000011001111001100000011011100010110100010100011011010111111111010110110001
0010111010010111000100111111001100001100111111001000111010010111010111001001010000100001010010011111010001011010001110110000001100111100110000001101110001011010001010001101101011111111101011011000
0101011101001011100010011111100110000110011111100100011101001011101011100100101000010000101001001110101000101101000111011000000110011110011000000110111000101101000101000110110101111111110101101100
0110101110100101110001001111110011000011001111110010001110100101110101110010010100001000010100100110010100010110100011101100000011001111001100000011011100010110100010100011011010111111111010110110
0111010111010010111000100111111001100001100111111001000111010010111010111001001010000100001010010010001010001011010001110110000001100111100110000001101110001011010001010001101101011111111101011011
0011101011101001011100010011111100110000110011111100100011101001011101011100100101000010000101001011000101000101101000111011000000110011110011000000110111000101101000101000110110101111111110101101
0001110101110100101110001001111110011000011001111110010001110100101110101110010010100001000010100111100010100010110100011101100000011001111001100000011011100010110100010100011011010111111111010110
0100111010111010010111000100111111001100001100111111001000111010010111010111001001010000100001010010110001010001011010001110110000001100111100110000001101110001011010001010001101101011111111101011
0010011101011101001011100010011111100110000110011111100100011101001011101011100100101000010000101011011000101000101101000111011000000110011110011000000110111000101101000101000110110101111111110101
0001001110101110100101110001001111110011000011001111110010001110100101110101110010010100001000010111101100010100010110100011101100000011001111001100000011011100010110100010100011011010111111111010
0100100111010111010010111000100111111001100001100111111001000111010010111010111001001010000100001010110110001010001011010001110110000001100111100110000001101110001011010001010001101101011111111101
0010010011101011101001011100010011111100110000110011111100100011101001011101011100100101000010000111011011000101000101101000111011000000110011110011000000110111000101101000101000110110101111111110
0101001001110101110100101110001001111110011000011001111110010001110100101110101110010010100001000010101101100010100010110100011101100000011001111001100000011011100010110100010100011011010111111111
0010100100111010111010010111000100111111001100001100111111001000111010010111010111001001010000100011010110110001010001011010001110110000001100111100110000001101110001011010001010001101101011111111
0001010010011101011101001011100010011111100110000110011111100100011101001011101011100100101000010011101011011000101000101101000111011000000110011110011000000110111000101101000101000110110101111111
0000101001001110101110100101110001001111110011000011001111110010001110100101110101110010010100001011110101101100010100010110100011101100000011001111001100000011011100010110100010100011011010111111
0000010100100111010111010010111000100111111001100001100111111001000111010010111010111001001010000111111010110110001010001011010001110110000001100111100110000001101110001011010001010001101101011111
1111111111111111111111111111111111111111111111111111111111111111111111111111111111111111111111111101111111111111111111111111111111111111111111111111111111111111111111111111111111111111111111111111
1111110101101100010100010110100011101100000011001111001100000011011100010110100010100011011010111110111101011011000101000101101000111011000000110011110011000000110111000101101000101000110110101111
1111111010110110001010001011010001110110000001100111100110000001101110001011010001010001101101011111011110101101100010100010110100011101100000011001111001100000011011100010110100010100011011010111
1111111101011011000101000101101000111011000000110011110011000000110111000101101000101000110110101111101111010110110001010001011010001110110000001100111100110000001101110001011010001010001101101011
1111111110101101100010100010110100011101100000011001111001100000011011100010110100010100011011010111110111101011011000101000101101000111011000000110011110011000000110111000101101000101000110110101
1111111111010110110001010001011010001110110000001100111100110000001101110001011010001010001101101011111011110101101100010100010110100011101100000011001111001100000011011100010110100010100011011010
1011111111101011011000101000101101000111011000000110011110011000000110111000101101000101000110110110111101111010110110001010001011010001110110000001100111100110000001101110001011010001010001101101
1101111111110101101100010100010110100011101100000011001111001100000011011100010110100010100011011011011110111101011011000101000101101000111011000000110011110011000000110111000101101000101000110110
1010111111111010110110001010001011010001110110000001100111100110000001101110001011010001010001101110101111011110101101100010100010110100011101100000011001111001100000011011100010110100010100011011
1101011111111101011011000101000101101000111011000000110011110011000000110111000101101000101000110111010111101111010110110001010001011010001110110000001100111100110000001101110001011010001010001101
1110101111111110101101100010100010110100011101100000011001111001100000011011100010110100010100011011101011110111101011011000101000101101000111011000000110011110011000000110111000101101000101000110
1011010111111111010110110001010001011010001110110000001100111100110000001101110001011010001010001110110101111011110101101100010100010110100011101100000011001111001100000011011100010110100010100011
1101101011111111101011011000101000101101000111011000000110011110011000000110111000101101000101000111011010111101111010110110001010001011010001110110000001100111100110000001101110001011010001010001
1110110101111111110101101100010100010110100011101100000011001111001100000011011100010110100010100011101101011110111101011011000101000101101000111011000000110011110011000000110111000101101000101000
1011011010111111111010110110001010001011010001110110000001100111100110000001101110001011010001010010110110101111011110101101100010100010110100011101100000011001111001100000011011100010110100010100
1001101101011111111101011011000101000101101000111011000000110011110011000000110111000101101000101010011011010111101111010110110001010001011010001110110000001100111100110000001101110001011010001010
1000110110101111111110101101100010100010110100011101100000011001111001100000011011100010110100010110001101101011110111101011011000101000101101000111011000000110011110011000000110111000101101000101
1100011011010111111111010110110001010001011010001110110000001100111100110000001101110001011010001011000110110101111011110101101100010100010110100011101100000011001111001100000011011100010110100010
1010001101101011111111101011011000101000101101000111011000000110011110011000000110111000101101000110100011011010111101111010110110001010001011010001110110000001100111100110000001101110001011010001
1101000110110101111111110101101100010100010110100011101100000011001111001100000011011100010110100011010001101101011110111101011011000101000101101000111011000000110011110011000000110111000101101000
1010100011011010111111111010110110001010001011010001110110000001100111100110000001101110001011010010101000110110101111011110101101100010100010110100011101100000011001111001100000011011100010110100
1001010001101101011111111101011011000101000101101000111011000000110011110011000000110111000101101010010100011011010111101111010110110001010001011010001110110000001100111100110000001101110001011010
1000101000110110101111111110101101100010100010110100011101100000011001111001100000011011100010110110001010001101101011110111101011011000101000101101000111011000000110011110011000000110111000101101
1100010100011011010111111111010110110001010001011010001110110000001100111100110000001101110001011011000101000110110101111011110101101100010100010110100011101100000011001111001100000011011100010110
1010001010001101101011111111101011011000101000101101000111011000000110011110011000000110111000101110100010100011011010111101111010110110001010001011010001110110000001100111100110000001101110001011
1101000101000110110101111111110101101100010100010110100011101100000011001111001100000011011100010111010001010001101101011110111101011011000101000101101000111011000000110011110011000000110111000101
1110100010100011011010111111111010110110001010001011010001110110000001100111100110000001101110001011101000101000110110101111011110101101100010100010110100011101100000011001111001100000011011100010
1011010001010001101101011111111101011011000101000101101000111011000000110011110011000000110111000110110100010100011011010111101111010110110001010001011010001110110000001100111100110000001101110001
1101101000101000110110101111111110101101100010100010110100011101100000011001111001100000011011100011011010001010001101101011110111101011011000101000101101000111011000000110011110011000000110111000
1010110100010100011011010111111111010110110001010001011010001110110000001100111100110000001101110010101101000101000110110101111011110101101100010100010110100011101100000011001111001100000011011100
1001011010001010001101101011111111101011011000101000101101000111011000000110011110011000000110111010010110100010100011011010111101111010110110001010001011010001110110000001100111100110000001101110
1000101101000101000110110101111111110101101100010100010110100011101100000011001111001100000011011110001011010001010001101101011110111101011011000101000101101000111011000000110011110011000000110111
1100010110100010100011011010111111111010110110001010001011010001110110000001100111100110000001101111000101101000101000110110101111011110101101100010100010110100011101100000011001111001100000011011
1110001011010001010001101101011111111101011011000101000101101000111011000000110011110011000000110111100010110100010100011011010111101111010110110001010001011010001110110000001100111100110000001101
1111000101101000101000110110101111111110101101100010100010110100011101100000011001111001100000011011110001011010001010001101101011110111101011011000101000101101000111011000000110011110011000000110
1011100010110100010100011011010111111111010110110001010001011010001110110000001100111100110000001110111000101101000101000110110101111011110101101100010100010110100011101100000011001111001100000011
1101110001011010001010001101101011111111101011011000101000101101000111011000000110011110011000000111011100010110100010100011011010111101111010110110001010001011010001110110000001100111100110000001
1110111000101101000101000110110101111111110101101100010100010110100011101100000011001111001100000011101110001011010001010001101101011110111101011011000101000101101000111011000000110011110011000000
1011011100010110100010100011011010111111111010110110001010001011010001110110000001100111100110000010110111000101101000101000110110101111011110101101100010100010110100011101100000011001111001100000
1001101110001011010001010001101101011111111101011011000101000101101000111011000000110011110011000010011011100010110100010100011011010111101111010110110001010001011010001110110000001100111100110000
1000110111000101101000101000110110101111111110101101100010100010110100011101100000011001111001100010001101110001011010001010001101101011110111101011011000101000101101000111011000000110011110011000
1000011011100010110100010100011011010111111111010110110001010001011010001110110000001100111100110010000110111000101101000101000110110101111011110101101100010100010110100011101100000011001111001100
1000001101110001011010001010001101101011111111101011011000101000101101000111011000000110011110011010000011011100010110100010100011011010111101111010110110001010001011010001110110000001100111100110
1000000110111000101101000101000110110101111111110101101100010100010110100011101100000011001111001110000001101110001011010001010001101101011110111101011011000101000101101000111011000000110011110011
1100000011011100010110100010100011011010111111111010110110001010001011010001110110000001100111100111000000110111000101101000101000110110101111011110101101100010100010110100011101100000011001111001
1110000001101110001011010001010001101101011111111101011011000101000101101000111011000000110011110011100000011011100010110100010100011011010111101111010110110001010001011010001110110000001100111100
1011000000110111000101101000101000110110101111111110101101100010100010110100011101100000011001111010110000001101110001011010001010001101101011110111101011011000101000101101000111011000000110011110
1001100000011011100010110100010100011011010111111111010110110001010001011010001110110000001100111110011000000110111000101101000101000110110101111011110101101100010100010110100011101100000011001111
1100110000001101110001011010001010001101101011111111101011011000101000101101000111011000000110011111001100000011011100010110100010100011011010111101111010110110001010001011010001110110000001100111
1110011000000110111000101101000101000110110101111111110101101100010100010110100011101100000011001111100110000001101110001011010001010001101101011110111101011011000101000101101000111011000000110011
1111001100000011011100010110100010100011011010111111111010110110001010001011010001110110000001100111110011000000110111000101101000101000110110101111011110101101100010100010110100011101100000011001
1111100110000001101110001011010001010001101101011111111101011011000101000101101000111011000000110011111001100000011011100010110100010100011011010111101111010110110001010001011010001110110000001100
1011110011000000110111000101101000101000110110101111111110101101100010100010110100011101100000011010111100110000001101110001011010001010001101101011110111101011011000101000101101000111011000000110
1001111001100000011011100010110100010100011011010111111111010110110001010001011010001110110000001110011110011000000110111000101101000101000110110101111011110101101100010100010110100011101100000011
1100111100110000001101110001011010001010001101101011111111101011011000101000101101000111011000000111001111001100000011011100010110100010100011011010111101111010110110001010001011010001110110000001
1110011110011000000110111000101101000101000110110101111111110101101100010100010110100011101100000011100111100110000001101110001011010001010001101101011110111101011011000101000101101000111011000000
1011001111001100000011011100010110100010100011011010111111111010110110001010001011010001110110000010110011110011000000110111000101101000101000110110101111011110101101100010100010110100011101100000
1001100111100110000001101110001011010001010001101101011111111101011011000101000101101000111011000010011001111001100000011011100010110100010100011011010111101111010110110001010001011010001110110000
1000110011110011000000110111000101101000101000110110101111111110101101100010100010110100011101100010001100111100110000001101110001011010001010001101101011110111101011011000101000101101000111011000
1000011001111001100000011011100010110100010100011011010111111111010110110001010001011010001110110010000110011110011000000110111000101101000101000110110101111011110101101100010100010110100011101100
1000001100111100110000001101110001011010001010001101101011111111101011011000101000101101000111011010000011001111001100000011011100010110100010100011011010111101111010110110001010001011010001110110
1000000110011110011000000110111000101101000101000110110101111111110101101100010100010110100011101110000001100111100110000001101110001011010001010001101101011110111101011011000101000101101000111011
1100000011001111001100000011011100010110100010100011011010111111111010110110001010001011010001110111000000110011110011000000110111000101101000101000110110101111011110101101100010100010110100011101
1110000001100111100110000001101110001011010001010001101101011111111101011011000101000101101000111011100000011001111001100000011011100010110100010100011011010111101111010110110001010001011010001110
1011000000110011110011000000110111000101101000101000110110101111111110101101100010100010110100011110110000001100111100110000001101110001011010001010001101101011110111101011011000101000101101000111
1101100000011001111001100000011011100010110100010100011011010111111111010110110001010001011010001111011000000110011110011000000110111000101101000101000110110101111011110101101100010100010110100011
1110110000001100111100110000001101110001011010001010001101101011111111101011011000101000101101000111101100000011001111001100000011011100010110100010100011011010111101111010110110001010001011010001
1111011000000110011110011000000110111000101101000101000110110101111111110101101100010100010110100011110110000001100111100110000001101110001011010001010001101101011110111101011011000101000101101000
1011101100000011001111001100000011011100010110100010100011011010111111111010110110001010001011010010111011000000110011110011000000110111000101101000101000110110101111011110101101100010100010110100
1001110110000001100111100110000001101110001011010001010001101101011111111101011011000101000101101010011101100000011001111001100000011011100010110100010100011011010111101111010110110001010001011010
1000111011000000110011110011000000110111000101101000101000110110101111111110101101100010100010110110001110110000001100111100110000001101110001011010001010001101101011110111101011011000101000101101
1100011101100000011001111001100000011011100010110100010100011011010111111111010110110001010001011011000111011000000110011110011000000110111000101101000101000110110101111011110101101100010100010110
1010001110110000001100111100110000001101110001011010001010001101101011111111101011011000101000101110100011101100000011001111001100000011011100010110100010100011011010111101111010110110001010001011
1101000111011000000110011110011000000110111000101101000101000110110101111111110101101100010100010111010001110110000001100111100110000001101110001011010001010001101101011110111101011011000101000101
1110100011101100000011001111001100000011011100010110100010100011011010111111111010110110001010001011101000111011000000110011110011000000110111000101101000101000110110101111011110101101100010100010
1011010001110110000001100111100110000001101110001011010001010001101101011111111101011011000101000110110100011101100000011001111001100000011011100010110100010100011011010111101111010110110001010001
1101101000111011000000110011110011000000110111000101101000101000110110101111111110101101100010100011011010001110110000001100111100110000001101110001011010001010001101101011110111101011011000101000
1010110100011101100000011001111001100000011011100010110100010100011011010111111111010110110001010010101101000111011000000110011110011000000110111000101101000101000110110101111011110101101100010100
1001011010001110110000001100111100110000001101110001011010001010001101101011111111101011011000101010010110100011101100000011001111001100000011011100010110100010100011011010111101111010110110001010
1000101101000111011000000110011110011000000110111000101101000101000110110101111111110101101100010110001011010001110110000001100111100110000001101110001011010001010001101101011110111101011011000101
1100010110100011101100000011001111001100000011011100010110100010100011011010111111111010110110001011000101101000111011000000110011110011000000110111000101101000101000110110101111011110101101100010
1010001011010001110110000001100111100110000001101110001011010001010001101101011111111101011011000110100010110100011101100000011001111001100000011011100010110100010100011011010111101111010110110001
1101000101101000111011000000110011110011000000110111000101101000101000110110101111111110101101100011010001011010001110110000001100111100110000001101110001011010001010001101101011110111101011011000
1010100010110100011101100000011001111001100000011011100010110100010100011011010111111111010110110010101000101101000111011000000110011110011000000110111000101101000101000110110101111011110101101100
1001010001011010001110110000001100111100110000001101110001011010001010001101101011111111101011011010010100010110100011101100000011001111001100000011011100010110100010100011011010111101111010110110
1000101000101101000111011000000110011110011000000110111000101101000101000110110101111111110101101110001010001011010001110110000001100111100110000001101110001011010001010001101101011110111101011011
1100010100010110100011101100000011001111001100000011011100010110100010100011011010111111111010110111000101000101101000111011000000110011110011000000110111000101101000101000110110101111011110101101
1110001010001011010001110110000001100111100110000001101110001011010001010001101101011111111101011011100010100010110100011101100000011001111001100000011011100010110100010100011011010111101111010110
1011000101000101101000111011000000110011110011000000110111000101101000101000110110101111111110101110110001010001011010001110110000001100111100110000001101110001011010001010001101101011110111101011
1101100010100010110100011101100000011001111001100000011011100010110100010100011011010111111111010111011000101000101101000111011000000110011110011000000110111000101101000101000110110101111011110101
1110110001010001011010001110110000001100111100110000001101110001011010001010001101101011111111101011101100010100010110100011101100000011001111001100000011011100010110100010100011011010111101111010
1011011000101000101101000111011000000110011110011000000110111000101101000101000110110101111111110110110110001010001011010001110110000001100111100110000001101110001011010001010001101101011110111101
1101101100010100010110100011101100000011001111001100000011011100010110100010100011011010111111111011011011000101000101101000111011000000110011110011000000110111000101101000101000110110101111011110
1010110110001010001011010001110110000001100111100110000001101110001011010001010001101101011111111110101101100010100010110100011101100000011001111001100000011011100010110100010100011011010111101111
1101011011000101000101101000111011000000110011110011000000110111000101101000101000110110101111111111010110110001010001011010001110110000001100111100110000001101110001011010001010001101101011110111
1110101101100010100010110100011101100000011001111001100000011011100010110100010100011011010111111111101011011000101000101101000111011000000110011110011000000110111000101101000101000110110101111011
1111010110110001010001011010001110110000001100111100110000001101110001011010001010001101101011111111110101101100010100010110100011101100000011001111001100000011011100010110100010100011011010111101
1111101011011000101000101101000111011000000110011110011000000110111000101101000101000110110101111111111010110110001010001011010001110110000001100111100110000001101110001011010001010001101101011110
0111111111111111111111111111111111111111111111111111111111111111111111111111111111111111111111111100000000000000000000000000000000000000000000000000000000000000000000000000000000000000000000000000
1011110101101100010100010110100011101100000011001111001100000011011100010110100010100011011010111100000010100100111010111010010111000100111111001100001100111111001000111010010111010111001001010000
1101111010110110001010001011010001110110000001100111100110000001101110001011010001010001101101011100000001010010011101011101001011100010011111100110000110011111100100011101001011101011100100101000
1110111101011011000101000101101000111011000000110011110011000000110111000101101000101000110110101100000000101001001110101110100101110001001111110011000011001111110010001110100101110101110010010100
1111011110101101100010100010110100011101100000011001111001100000011011100010110100010100011011010100000000010100100111010111010010111000100111111001100001100111111001000111010010111010111001001010
1111101111010110110001010001011010001110110000001100111100110000001101110001011010001010001101101000000000001010010011101011101001011100010011111100110000110011111100100011101001011101011100100101
1011110111101011011000101000101101000111011000000110011110011000000110111000101101000101000110110101000000000101001001110101110100101110001001111110011000011001111110010001110100101110101110010010
1101111011110101101100010100010110100011101100000011001111001100000011011100010110100010100011011000100000000010100100111010111010010111000100111111001100001100111111001000111010010111010111001001
1010111101111010110110001010001011010001110110000001100111100110000001101110001011010001010001101101010000000001010010011101011101001011100010011111100110000110011111100100011101001011101011100100
1101011110111101011011000101000101101000111011000000110011110011000000110111000101101000101000110100101000000000101001001110101110100101110001001111110011000011001111110010001110100101110101110010
1110101111011110101101100010100010110100011101100000011001111001100000011011100010110100010100011000010100000000010100100111010111010010111000100111111001100001100111111001000111010010111010111001
1011010111101111010110110001010001011010001110110000001100111100110000001101110001011010001010001101001010000000001010010011101011101001011100010011111100110000110011111100100011101001011101011100
1101101011110111101011011000101000101101000111011000000110011110011000000110111000101101000101000100100101000000000101001001110101110100101110001001111110011000011001111110010001110100101110101110
1110110101111011110101101100010100010110100011101100000011001111001100000011011100010110100010100000010010100000000010100100111010111010010111000100111111001100001100111111001000111010010111010111
1011011010111101111010110110001010001011010001110110000001100111100110000001101110001011010001010001001001010000000001010010011101011101001011100010011111100110000110011111100100011101001011101011
1001101101011110111101011011000101000101101000111011000000110011110011000000110111000101101000101001100100101000000000101001001110101110100101110001001111110011000011001111110010001110100101110101
1000110110101111011110101101100010100010110100011101100000011001111001100000011011100010110100010101110010010100000000010100100111010111010010111000100111111001100001100111111001000111010010111010
1100011011010111101111010110110001010001011010001110110000001100111100110000001101110001011010001000111001001010000000001010010011101011101001011100010011111100110000110011111100100011101001011101
1010001101101011110111101011011000101000101101000111011000000110011110011000000110111000101101000101011100100101000000000101001001110101110100101110001001111110011000011001111110010001110100101110
1101000110110101111011110101101100010100010110100011101100000011001111001100000011011100010110100000101110010010100000000010100100111010111010010111000100111111001100001100111111001000111010010111
1010100011011010111101111010110110001010001011010001110110000001100111100110000001101110001011010001010111001001010000000001010010011101011101001011100010011111100110000110011111100100011101001011
1001010001101101011110111101011011000101000101101000111011000000110011110011000000110111000101101001101011100100101000000000101001001110101110100101110001001111110011000011001111110010001110100101
1000101000110110101111011110101101100010100010110100011101100000011001111001100000011011100010110101110101110010010100000000010100100111010111010010111000100111111001100001100111111001000111010010
1100010100011011010111101111010110110001010001011010001110110000001100111100110000001101110001011000111010111001001010000000001010010011101011101001011100010011111100110000110011111100100011101001
1010001010001101101011110111101011011000101000101101000111011000000110011110011000000110111000101101011101011100100101000000000101001001110101110100101110001001111110011000011001111110010001110100
1101000101000110110101111011110101101100010100010110100011101100000011001111001100000011011100010100101110101110010010100000000010100100111010111010010111000100111111001100001100111111001000111010
1110100010100011011010111101111010110110001010001011010001110110000001100111100110000001101110001000010111010111001001010000000001010010011101011101001011100010011111100110000110011111100100011101
1011010001010001101101011110111101011011000101000101101000111011000000110011110011000000110111000101001011101011100100101000000000101001001110101110100101110001001111110011000011001111110010001110
1101101000101000110110101111011110101101100010100010110100011101100000011001111001100000011011100000100101110101110010010100000000010100100111010111010010111000100111111001100001100111111001000111
1010110100010100011011010111101111010110110001010001011010001110110000001100111100110000001101110001010010111010111001001010000000001010010011101011101001011100010011111100110000110011111100100011
1001011010001010001101101011110111101011011000101000101101000111011000000110011110011000000110111001101001011101011100100101000000000101001001110101110100101110001001111110011000011001111110010001
1000101101000101000110110101111011110101101100010100010110100011101100000011001111001100000011011101110100101110101110010010100000000010100100111010111010010111000100111111001100001100111111001000
1100010110100010100011011010111101111010110110001010001011010001110110000001100111100110000001101100111010010111010111001001010000000001010010011101011101001011100010011111100110000110011111100100
1110001011010001010001101101011110111101011011000101000101101000111011000000110011110011000000110100011101001011101011100100101000000000101001001110101110100101110001001111110011000011001111110010
1111000101101000101000110110101111011110101101100010100010110100011101100000011001111001100000011000001110100101110101110010010100000000010100100111010111010010111000100111111001100001100111111001
1011100010110100010100011011010111101111010110110001010001011010001110110000001100111100110000001101000111010010111010111001001010000000001010010011101011101001011100010011111100110000110011111100
1101110001011010001010001101101011110111101011011000101000101101000111011000000110011110011000000100100011101001011101011100100101000000000101001001110101110100101110001001111110011000011001111110
1110111000101101000101000110110101111011110101101100010100010110100011101100000011001111001100000000010001110100101110101110010010100000000010100100111010111010010111000100111111001100001100111111
1011011100010110100010100011011010111101111010110110001010001011010001110110000001100111100110000001001000111010010111010111001001010000000001010010011101011101001011100010011111100110000110011111
1001101110001011010001010001101101011110111101011011000101000101101000111011000000110011110011000001100100011101001011101011100100101000000000101001001110101110100101110001001111110011000011001111
1000110111000101101000101000110110101111011110101101100010100010110100011101100000011001111001100001110010001110100101110101110010010100000000010100100111010111010010111000100111111001100001100111
1000011011100010110100010100011011010111101111010110110001010001011010001110110000001100111100110001111001000111010010111010111001001010000000001010010011101011101001011100010011111100110000110011
1000001101110001011010001010001101101011110111101011011000101000101101000111011000000110011110011001111100100011101001011101011100100101000000000101001001110101110100101110001001111110011000011001
1000000110111000101101000101000110110101111011110101101100010100010110100011101100000011001111001101111110010001110100101110101110010010100000000010100100111010111010010111000100111111001100001100
1100000011011100010110100010100011011010111101111010110110001010001011010001110110000001100111100100111111001000111010010111010111001001010000000001010010011101011101001011100010011111100110000110
1110000001101110001011010001010001101101011110111101011011000101000101101000111011000000110011110000011111100100011101001011101011100100101000000000101001001110101110100101110001001111110011000011
1011000000110111000101101000101000110110101111011110101101100010100010110100011101100000011001111001001111110010001110100101110101110010010100000000010100100111010111010010111000100111111001100001
1001100000011011100010110100010100011011010111101111010110110001010001011010001110110000001100111101100111111001000111010010111010111001001010000000001010010011101011101001011100010011111100110000
1100110000001101110001011010001010001101101011110111101011011000101000101101000111011000000110011100110011111100100011101001011101011100100101000000000101001001110101110100101110001001111110011000
1110011000000110111000101101000101000110110101111011110101101100010100010110100011101100000011001100011001111110010001110100101110101110010010100000000010100100111010111010010111000100111111001100
1111001100000011011100010110100010100011011010111101111010110110001010001011010001110110000001100100001100111111001000111010010111010111001001010000000001010010011101011101001011100010011111100110
1111100110000001101110001011010001010001101101011110111101011011000101000101101000111011000000110000000110011111100100011101001011101011100100101000000000101001001110101110100101110001001111110011
1011110011000000110111000101101000101000110110101111011110101101100010100010110100011101100000011001000011001111110010001110100101110101110010010100000000010100100111010111010010111000100111111001
1001111001100000011011100010110100010100011011010111101111010110110001010001011010001110110000001101100001100111111001000111010010111010111001001010000000001010010011101011101001011100010011111100
1100111100110000001101110001011010001010001101101011110111101011011000101000101101000111011000000100110000110011111100100011101001011101011100100101000000000101001001110101110100101110001001111110
1110011110011000000110111000101101000101000110110101111011110101101100010100010110100011101100000000011000011001111110010001110100101110101110010010100000000010100100111010111010010111000100111111
1011001111001100000011011100010110100010100011011010111101111010110110001010001011010001110110000001001100001100111111001000111010010111010111001001010000000001010010011101011101001011100010011111
1001100111100110000001101110001011010001010001101101011110111101011011000101000101101000111011000001100110000110011111100100011101001011101011100100101000000000101001001110101110100101110001001111
1000110011110011000000110111000101101000101000110110101111011110101101100010100010110100011101100001110011000011001111110010001110100101110101110010010100000000010100100111010111010010111000100111
1000011001111001100000011011100010110100010100011011010111101111010110110001010001011010001110110001111001100001100111111001000111010010111010111001001010000000001010010011101011101001011100010011
1000001100111100110000001101110001011010001010001101101011110111101011011000101000101101000111011001111100110000110011111100100011101001011101011100100101000000000101001001110101110100101110001001
1000000110011110011000000110111000101101000101000110110101111011110101101100010100010110100011101101111110011000011001111110010001110100101110101110010010100000000010100100111010111010010111000100
1100000011001111001100000011011100010110100010100011011010111101111010110110001010001011010001110100111111001100001100111111001000111010010111010111001001010000000001010010011101011101001011100010
1110000001100111100110000001101110001011010001010001101101011110111101011011000101000101101000111000011111100110000110011111100100011101001011101011100100101000000000101001001110101110100101110001
1011000000110011110011000000110111000101101000101000110110101111011110101101100010100010110100011101001111110011000011001111110010001110100101110101110010010100000000010100100111010111010010111000
1101100000011001111001100000011011100010110100010100011011010111101111010110110001010001011010001100100111111001100001100111111001000111010010111010111001001010000000001010010011101011101001011100
1110110000001100111100110000001101110001011010001010001101101011110111101011011000101000101101000100010011111100110000110011111100100011101001011101011100100101000000000101001001110101110100101110
1111011000000110011110011000000110111000101101000101000110110101111011110101101100010100010110100000001001111110011000011001111110010001110100101110101110010010100000000010100100111010111010010111
1011101100000011001111001100000011011100010110100010100011011010111101111010110110001010001011010001000100111111001100001100111111001000111010010111010111001001010000000001010010011101011101001011
1001110110000001100111100110000001101110001011010001010001101101011110111101011011000101000101101001100010011111100110000110011111100100011101001011101011100100101000000000101001001110101110100101
1000111011000000110011110011000000110111000101101000101000110110101111011110101101100010100010110101110001001111110011000011001111110010001110100101110101110010010100000000010100100111010111010010
1100011101100000011001111001100000011011100010110100010100011011010111101111010110110001010001011000111000100111111001100001100111111001000111010010111010111001001010000000001010010011101011101001
1010001110110000001100111100110000001101110001011010001010001101101011110111101011011000101000101101011100010011111100110000110011111100100011101001011101011100100101000000000101001001110101110100
1101000111011000000110011110011000000110111000101101000101000110110101111011110101101100010100010100101110001001111110011000011001111110010001110100101110101110010010100000000010100100111010111010
1110100011101100000011001111001100000011011100010110100010100011011010111101111010110110001010001000010111000100111111001100001100111111001000111010010111010111001001010000000001010010011101011101
1011010001110110000001100111100110000001101110001011010001010001101101011110111101011011000101000101001011100010011111100110000110011111100100011101001011101011100100101000000000101001001110101110
1101101000111011000000110011110011000000110111000101101000101000110110101111011110101101100010100000100101110001001111110011000011001111110010001110100101110101110010010100000000010100100111010111
1010110100011101100000011001111001100000011011100010110100010100011011010111101111010110110001010001010010111000100111111001100001100111111001000111010010111010111001001010000000001010010011101011
1001011010001110110000001100111100110000001101110001011010001010001101101011110111101011011000101001101001011100010011111100110000110011111100100011101001011101011100100101000000000101001001110101
1000101101000111011000000110011110011000000110111000101101000101000110110101111011110101101100010101110100101110001001111110011000011001111110010001110100101110101110010010100000000010100100111010
1100010110100011101100000011001111001100000011011100010110100010100011011010111101111010110110001000111010010111000100111111001100001100111111001000111010010111010111001001010000000001010010011101
1010001011010001110110000001100111100110000001101110001011010001010001101101011110111101011011000101011101001011100010011111100110000110011111100100011101001011101011100100101000000000101001001110
1101000101101000111011000000110011110011000000110111000101101000101000110110101111011110101101100000101110100101110001001111110011000011001111110010001110100101110101110010010100000000010100100111
1010100010110100011101100000011001111001100000011011100010110100010100011011010111101111010110110001010111010010111000100111111001100001100111111001000111010010111010111001001010000000001010010011
1001010001011010001110110000001100111100110000001101110001011010001010001101101011110111101011011001101011101001011100010011111100110000110011111100100011101001011101011100100101000000000101001001
1000101000101101000111011000000110011110011000000110111000101101000101000110110101111011110101101101110101110100101110001001111110011000011001111110010001110100101110101110010010100000000010100100
1100010100010110100011101100000011001111001100000011011100010110100010100011011010111101111010110100111010111010010111000100111111001100001100111111001000111010010111010111001001010000000001010010
1110001010001011010001110110000001100111100110000001101110001011010001010001101101011110111101011000011101011101001011100010011111100110000110011111100100011101001011101011100100101000000000101001
1011000101000101101000111011000000110011110011000000110111000101101000101000110110101111011110101101001110101110100101110001001111110011000011001111110010001110100101110101110010010100000000010100
1101100010100010110100011101100000011001111001100000011011100010110100010100011011010111101111010100100111010111010010111000100111111001100001100111111001000111010010111010111001001010000000001010
1110110001010001011010001110110000001100111100110000001101110001011010001010001101101011110111101000010011101011101001011100010011111100110000110011111100100011101001011101011100100101000000000101
1011011000101000101101000111011000000110011110011000000110111000101101000101000110110101111011110101001001110101110100101110001001111110011000011001111110010001110100101110101110010010100000000010
1101101100010100010110100011101100000011001111001100000011011100010110100010100011011010111101111000100100111010111010010111000100111111001100001100111111001000111010010111010111001001010000000001
1010110110001010001011010001110110000001100111100110000001101110001011010001010001101101011110111101010010011101011101001011100010011111100110000110011111100100011101001011101011100100101000000000
1101011011000101000101101000111011000000110011110011000000110111000101101000101000110110101111011100101001001110101110100101110001001111110011000011001111110010001110100101110101110010010100000000
1110101101100010100010110100011101100000011001111001100000011011100010110100010100011011010111101100010100100111010111010010111000100111111001100001100111111001000111010010111010111001001010000000
1111010110110001010001011010001110110000001100111100110000001101110001011010001010001101101011110100001010010011101011101001011100010011111100110000110011111100100011101001011101011100100101000000
1111101011011000101000101101000111011000000110011110011000000110111000101101000101000110110101111000000101001001110101110100101110001001111110011000011001111110010001110100101110101110010010100000
