000110101111101100111100110111110101100000011101100111101011010111100110111000000110010111010110111101101011101001100011100101011111000100100011111010100111
000011010111110110011110011011111010110000001110110011110101101011110011011100000011001011101011011110110101110100110101110010101111100010010001111101010011
000001101011111011001111001101111101011000000111011001111010110101111001101110000001100101110101101111011010111010011110111001010111110001001000111110101001
100000110101111101100111100110111110101000000011101100111101011010111100110111100000110010111010110111101101011101001111011100101011111000100100011111010100
110000011010111110110011110011011111010100000001110110011110101101011110011011110000011001011101011011110110101110100011101110010101111100010010001111101010
011000001101011111011001111001101111101110000000111011001111010110101111001101011000001100101110101101111011010111010001110111001010111110001001000111110101
101100000110101111101100111100110111110111000000011101100111101011010111100110001100000110010111010110111101101011101100111011100101011111000100100011111010
010110000011010111110110011110011011111011100000001110110011110101101011110011100110000011001011101011011110110101110010011101110010101111100010010001111101
101011000001101011111011001111001101111101110000000111011001111010110101111001010011000001100101110101101111011010111101001110111001010111110001001000111110
110101100000110101111101100111100110111110111000000011101100111101011010111100101001100000110010111010110111101101011010100111011100101011111000100100011111
111010110000011010111110110011110011011011011100000001110110011110101101011110110100110000011001011101011011110110101101010011101110010101111100010010001111
111101011000001101011111011001111001101001101110000000111011001111010110101111111010011000001100101110101101111011010110101001110111001010111110001001000111
111110101100000110101111101100111100110100110111000000011101100111101011010111011101001100000110010111010110111101101111010100111011100101011111000100100011
011111010110000011010111110110011110011110011011100000001110110011110101101011101110100110000011001011101011011110110111101010011101110010101111100010010001
101111101011000001101011111011001111001111001101110000000111011001111010110101010111010011000001100101110101101111011111110101001110111001010111110001001000
110111110101100000110101111101100111100111100110111000000011101100111101011010101011101001100000110010111010110111101011111010100111011100101011111000100100
011011111010110000011010111110110011110011110011011100000001110110011110101101110101110100110000011001011101011011110001111101010011101110010101111100010010
001101111101011000001101011111011001111101111001101110000000111011001111010110011010111010011000001100101110101101111000111110101001110111001010111110001001
100110111110101100000110101111101100111010111100110111000000011101100111101011101101011101001100000110010111010110111100011111010100111011100101011111000100
110011011111010110000011010111110110011101011110011011100000001110110011110101110110101110100110000011001011101011011010001111101010011101110010101111100010
111001101111101011000001101011111011001110101111001101110000000111011001111010111011010111010011000001100101110101101001000111110101001110111001010111110001
111100110111110101100000110101111101100011010111100110111000000011101100111101111101101011101001100000110010111010110100100011111010100111011100101011111000
011110011011111010110000011010111110110101101011110011011100000001110110011110011110110101110100110000011001011101011010010001111101010011101110010101111100
001111001101111101011000001101011111011010110101111001101110000000111011001111101111011010111010011000001100101110101001001000111110101001110111001010111110
100111100110111110101100000110101111101101011010111100110111000000011101100111110111101101011101001100000110010111010000100100011111010100111011100101011111
110011110011011111010110000011010111110110101101011110011011100000001110110011011011110110101110100110000011001011101100010010001111101010011101110010101111
011001111001101111101011000001101011111111010110101111001101110000000111011001101101111011010111010011000001100101110110001001000111110101001110111001010111
101100111100110111110101100000110101111111101011010111100110111000000011101100010110111101101011101001100000110010111111000100100011111010100111011100101011
110110011110011011111010110000011010111011110101101011110011011100000001110110101011011110110101110100110000011001011111100010010001111101010011101110010101
111011001111001101111101011000001101011001111010110101111001101110000000111011110101101111011010111010011000001100101111110001001000111110101001110111001010
111101100111100110111110101100000110101100111101011010111100110111000000011101111010110111101101011101001100000110010011111000100100011111010100111011100101
111110110011110011011111010110000011010110011110101101011110011011100000001110011101011011110110101110100110000011001101111100010010001111101010011101110010
011111011001111001101111101011000001101011001111010110101111001101110000000111101110101101111011010111010011000001100010111110001001000111110101001110111001
101111101100111100110111110101100000110101100111101011010111100110111000000011010111010110111101101011101001100000110101011111000100100011111010100111011100
010111110110011110011011111010110000011110110011110101101011110011011100000001001011101011011110110101110100110000011010101111100010010001111101010011101110
101011111011001111001101111101011000001111011001111010110101111001101110000000100101110101101111011010111010011000001001010111110001001000111110101001110111
110101111101100111100110111110101100000011101100111101011010111100110111000000110010111010110111101101011101001100000100101011111000100100011111010100111011
011010111110110011110011011111010110000001110110011110101101011110011011100000011001011101011011110110101110100110000110010101111100010010001111101010011101
001101011111011001111001101111101011000000111011001111010110101111001101110000001100101110101101111011010111010011000111001010111110001001000111110101001110
111100010011000010100101000011001000111000110101111101100111100110111110101100100011010100000111011011100000101011000000110010111010110111101101011101001100
111110001001100001010010100001100100011000011010111110110011110011011111010110010001101010000011101101110000010101100000011001011101011011110110101110100110
111111000100110000101001010000110010001000001101011111011001111001101111101011001000110101000001110110111000001010110000001100101110101101111011010111010011
111111100010011000010100101000011001000100000110101111101100111100110111110101000100011010100000111011011100000101011100000110010111010110111101101011101001
011111110001001100001010010100001100100110000011010111110110011110011011111010100010001101010000011101101110000010101110000011001011101011011110110101110100
001111111000100110000101001010000110010011000001101011111011001111001101111101110001000110101000001110110111000001010011000001100101110101101111011010111010
000111111100010011000010100101000011001101100000110101111101100111100110111110011000100011010100000111011011100000101001100000110010111010110111101101011101
100011111110001001100001010010100001100010110000011010111110110011110011011111101100010001101010000011101101110000010100110000011001011101011011110110101110
010001111111000100110000101001010000110101011000001101011111011001111001101111010110001000110101000001110110111000001010011000001100101110101101111011010111
001000111111100010011000010100101000011110101100000110101111101100111100110111101011000100011010100000111011011100000101001100000110010111010110111101101011
100100011111110001001100001010010100001111010110000011010111110110011110011011010101100010001101010000011101101110000110100110000011001011101011011110110101
110010001111111000100110000101001010000111101011000001101011111011001111001101001010110001000110101000001110110111000111010011000001100101110101101111011010
011001000111111100010011000010100101000111110101100000110101111101100111100110000101011000100011010100000111011011100011101001100000110010111010110111101101
001100100011111110001001100001010010100011111010110000011010111110110011110011000010101100010001101010000011101101110101110100110000011001011101011011110110
000110010001111111000100110000101001010101111101011000001101011111011001111001000001010110001000110101000001110110111010111010011000001100101110101101111011
000011001000111111100010011000010100101110111110101100000110101111101100111100100000101011000100011010100000111011011101011101001100000110010111010110111101
100001100100011111110001001100001010010011011111010110000011010111110110011110110000010101100010001101010000011101101110101110100110000011001011101011011110
010000110010001111111000100110000101001001101111101011000001101011111011001111111000001010110001000110101000001110110011010111010011000001100101110101101111
101000011001000111111100010011000010100100110111110101100000110101111101100111011100000101011000100011010100000111011101101011101001100000110010111010110111
010100001100100011111110001001100001010110011011111010110000011010111110110011101110000010101100010001101010000011101110110101110100110000011001011101011011
001010000110010001111111000100110000101111001101111101011000001101011111011001110111000001010110001000110101000001110111011010111010011000001100101110101101
100101000011001000111111100010011000010111100110111110101100000110101111101100011011100000101011000100011010100000111111101101011101001100000110010111010110
010010100001100100011111110001001100001011110011011111010110000011010111110110101101110000010101100010001101010000011011110110101110100110000011001011101011
101001010000110010001111111000100110000001111001101111101011000001101011111011110110111000001010110001000110101000001101111011010111010011000001100101110101
010100101000011001000111111100010011000100111100110111110101100000110101111101111011011100000101011000100011010100000110111101101011101001100000110010111010
001010010100001100100011111110001001100110011110011011111010110000011010111110011101101110000010101100010001101010000011011110110101110100110000011001011101
000101001010000110010001111111000100110011001111001101111101011000001101011111001110110111000001010110001000110101000101101111011010111010011000001100101110
000010100101000011001000111111100010011101100111100110111110101100000110101111000111011011100000101011000100011010100010110111101101011101001100000110010111
100001010010100001100100011111110001001110110011110011011111010110000011010111000011101101110000010101100010001101010101011011110110101110100110000011001011
110000101001010000110010001111111000100111011001111001101111101011000001101011000001110110111000001010110001000110101110101101111011010111010011000001100101
011000010100101000011001000111111100010111101100111100110111110101100000110101100000111011011100000101011000100011010111010110111101101011101001100000110010
001100001010010100001100100011111110001111110110011110011011111010110000011010010000011101101110000010101100010001101011101011011110110101110100110000011001
100110000101001010000110010001111111000011111011001111001101111101011000001101101000001110110111000001010110001000110101110101101111011010111010011000001100
010011000010100101000011001000111111100101111101100111100110111110101100000110010100000111011011100000101011000100011010111010110111101101011101001100000110
001001100001010010100001100100011111110010111110110011110011011111010110000011101010000011101101110000010101100010001001011101011011110110101110100110000011
000100110000101001010000110010001111111101011111011001111001101111101011000001110101000001110110111000001010110001000100101110101101111011010111010011000001
100010011000010100101000011001000111111110101111101100111100110111110101100000011010100000111011011100000101011000100110010111010110111101101011101001100000
110001001100001010010100001100100011111011010111110110011110011011111010110000001101010000011101101110000010101100010011001011101011011110110101110100110000
111000100110000101001010000110010001111001101011111011001111001101111101011000000110101000001110110111000001010110001001100101110101101111011010111010011000
111001101000101001000010010100010110011011100101011111000100100011111010100111000110101111101100111100110111110101100111100010011000010100101000011001000111
111100110100010100100001001010001011001101110010101111100010010001111101010011000011010111110110011110011011111010110111110001001100001010010100001100100011
111110011010001010010000100101000101100110111001010111110001001000111110101001000001101011111011001111001101111101011111111000100110000101001010000110010001
011111001101000101001000010010100010110111011100101011111000100100011111010100100000110101111101100111100110111110101111111100010011000010100101000011001000
001111100110100010100100001001010001011011101110010101111100010010001111101010110000011010111110110011110011011111010011111110001001100001010010100001100100
100111110011010001010010000100101000101001110111001010111110001001000111110101011000001101011111011001111001101111101001111111000100110000101001010000110010
110011111001101000101001000010010100010100111011100101011111000100100011111010101100000110101111101100111100110111110000111111100010011000010100101000011001
011001111100110100010100100001001010001010011101110010101111100010010001111101010110000011010111110110011110011011111100011111110001001100001010010100001100
101100111110011010001010010000100101000101001110111001010111110001001000111110101011000001101011111011001111001101111010001111111000100110000101001010000110
010110011111001101000101001000010010100010100111011100101011111000100100011111110101100000110101111101100111100110111001000111111100010011000010100101000011
001011001111100110100010100100001001010101010011101110010101111100010010001111111010110000011010111110110011110011011100100011111110001001100001010010100001
000101100111110011010001010010000100101110101001110111001010111110001001000111111101011000001101011111011001111001101110010001111111000100110000101001010000
100010110011111001101000101001000010010111010100111011100101011111000100100011111110101100000110101111101100111100110011001000111111100010011000010100101000
010001011001111100110100010100100001001111101010011101110010101111100010010001011111010110000011010111110110011110011001100100011111110001001100001010010100
101000101100111110011010001010010000100111110101001110111001010111110001001000101111101011000001101011111011001111001000110010001111111000100110000101001010
010100010110011111001101000101001000010011111010100111011100101011111000100100110111110101100000110101111101100111100000011001000111111100010011000010100101
001010001011001111100110100010100100001001111101010011101110010101111100010010011011111010110000011010111110110011110100001100100011111110001001100001010010
100101000101100111110011010001010010000000111110101001110111001010111110001001001101111101011000001101011111011001111010000110010001111111000100110000101001
010010100010110011111001101000101001000100011111010100111011100101011111000100100110111110101100000110101111101100111101000011001000111111100010011000010100
001001010001011001111100110100010100100010001111101010011101110010101111100010110011011111010110000011010111110110011010100001100100011111110001001100001010
000100101000101100111110011010001010010001000111110101001110111001010111110001111001101111101011000001101011111011001001010000110010001111111000100110000101
000010010100010110011111001101000101001100100011111010100111011100101011111000111100110111110101100000110101111101100100101000011001000111111100010011000010
100001001010001011001111100110100010100010010001111101010011101110010101111100011110011011111010110000011010111110110010010100001100100011111110001001100001
010000100101000101100111110011010001010001001000111110101001110111001010111110001111001101111101011000001101011111011101001010000110010001111111000100110000
001000010010100010110011111001101000101000100100011111010100111011100101011111100111100110111110101100000110101111101010100101000011001000111111100010011000
100100001001010001011001111100110100010100010010001111101010011101110010101111110011110011011111010110000011010111110001010010100001100100011111110001001100
010010000100101000101100111110011010001110001001000111110101001110111001010111011001111001101111101011000001101011111000101001010000110010001111111000100110
101001000010010100010110011111001101000111000100100011111010100111011100101011101100111100110111110101100000110101111000010100101000011001000111111100010011
010100100001001010001011001111100110100111100010010001111101010011101110010101110110011110011011111010110000011010111100001010010100001100100011111110001001
001010010000100101000101100111110011010111110001001000111110101001110111001010111011001111001101111101011000001101011110000101001010000110010001111111000100
000101001000010010100010110011111001101011111000100100011111010100111011100101111101100111100110111110101100000110101011000010100101000011001000111111100010
100010100100001001010001011001111100110101111100010010001111101010011101110010111110110011110011011111010110000011010001100001010010100001100100011111110001
010001010010000100101000101100111110011010111110001001000111110101001110111001011111011001111001101111101011000001101100110000101001010000110010001111111000
101000101001000010010100010110011111001101011111000100100011111010100111011100101111101100111100110111110101100000110010011000010100101000011001000111111100
110100010100100001001010001011001111100010101111100010010001111101010011101110010111110110011110011011111010110000011001001100001010010100001100100011111110
011010001010010000100101000101100111110001010111110001001000111110101001110111101011111011001111001101111101011000001000100110000101001010000110010001111111
001101000101001000010010100010110011111100101011111000100100011111010100111011110101111101100111100110111110101100000100010011000010100101000011001000111111
100110100010100100001001010001011001111110010101111100010010001111101010011101011010111110110011110011011111010110000110001001100001010010100001100100011111
110011010001010010000100101000101100111111001010111110001001000111110101001110001101011111011001111001101111101011000111000100110000101001010000110010001111
100011010100000111011011100000101011000111001101000101001000010010100010110011000011101100111101011010111100110111000000110101111101100111100110111110101100
010001101010000011101101110000010101100111100110100010100100001001010001011001000001110110011110101101011110011011100000011010111110110011110011011111010110
001000110101000001110110111000001010110111110011010001010010000100101000101100000000111011001111010110101111001101110000001101011111011001111001101111101011
000100011010100000111011011100000101011011111001101000101001000010010100010110000000011101100111101011010111100110111100000110101111101100111100110111110101
100010001101010000011101101110000010101001111100110100010100100001001010001011100000001110110011110101101011110011011110000011010111110110011110011011111010
110001000110101000001110110111000001010100111110011010001010010000100101000101110000000111011001111010110101111001101011000001101011111011001111001101111101
011000100011010100000111011011100000101110011111001101000101001000010010100010111000000011101100111101011010111100110101100000110101111101100111100110111110
101100010001101010000011101101110000010011001111100110100010100100001001010001011100000001110110011110101101011110011010110000011010111110110011110011011111
010110001000110101000001110110111000001101100111110011010001010010000100101000101110000000111011001111010110101111001101011000001101011111011001111001101111
101011000100011010100000111011011100000010110011111001101000101001000010010100110111000000011101100111101011010111100110101100000110101111101100111100110111
010101100010001101010000011101101110000001011001111100110100010100100001001010011011100000001110110011110101101011110111010110000011010111110110011110011011
001010110001000110101000001110110111000000101100111110011010001010010000100101001101110000000111011001111010110101111111101011000001101011111011001111001101
000101011000100011010100000111011011100100010110011111001101000101001000010010100110111000000011101100111101011010111111110101100000110101111101100111100110
000010101100010001101010000011101101110010001011001111100110100010100100001001110011011100000001110110011110101101011011111010110000011010111110110011110011
000001010110001000110101000001110110111101000101100111110011010001010010000100111001101110000000111011001111010110101101111101011000001101011111011001111001
100000101011000100011010100000111011011010100010110011111001101000101001000010111100110111000000011101100111101011010110111110101100000110101111101100111100
110000010101100010001101010000011101101001010001011001111100110100010100100001011110011011100000001110110011110101101011011111010110000011010111110110011110
111000001010110001000110101000001110110100101000101100111110011010001010010000101111001101110000000111011001111010110001101111101011000001101011111011001111
011100000101011000100011010100000111011010010100010110011111001101000101001000010111100110111000000011101100111101011100110111110101100000110101111101100111
101110000010101100010001101010000011101001001010001011001111100110100010100100101011110011011100000001110110011110101110011011111010110000011010111110110011
110111000001010110001000110101000001110000100101000101100111110011010001010010110101111001101110000000111011001111010111001101111101011000001101011111011001
011011100000101011000100011010100000111000010010100010110011111001101000101001011010111100110111000000011101100111101111100110111110101100000110101111101100
101101110000010101100010001101010000011100001001010001011001111100110100010100101101011110011011100000001110110011110011110011011111010110000011010111110110
110110111000001010110001000110101000001010000100101000101100111110011010001010010110101111001101110000000111011001111001111001101111101011000001101011111011
111011011100000101011000100011010100000001000010010100010110011111001101000101101011010111100110111000000011101100111100111100110111110101100000110101111101
011101101110000010101100010001101010000100100001001010001011001111100110100010110101101011110011011100000001110110011110011110011011111010110000011010111110
001110110111000001010110001000110101000010010000100101000101100111110011010001111010110101111001101110000000111011001011001111001101111101011000001101011111
000111011011100000101011000100011010100101001000010010100010110011111001101000111101011010111100110111000000011101100101100111100110111110101100000110101111
000011101101110000010101100010001101010010100100001001010001011001111100110100011110101101011110011011100000001110110110110011110011011111010110000011010111
000001110110111000001010110001000110101001010010000100101000101100111110011010001111010110101111001101110000000111011111011001111001101111101011000001101011
100000111011011100000101011000100011010000101001000010010100010110011111001101100111101011010111100110111000000011101111101100111100110111110101100000110101
010000011101101110000010101100010001101100010100100001001010001011001111100110110011110101101011110011011100000001110111110110011110011011111010110000011010
101000001110110111000001010110001000110010001010010000100101000101100111110011011001111010110101111001101110000000111011111011001111001101111101011000001101
010100000111011011100000101011000100011101000101001000010010100010110011111001101100111101011010111100110111000000011101111101100111100110111110101100000110
101010000011101101110000010101100010001110100010100100001001010001011001111100110110011110101101011110011011100000001010111110110011110011011111010110000011
110101000001110110111000001010110001000011010001010010000100101000101100111110111011001111010110101111001101110000000101011111011001111001101111101011000001
011010100000111011011100000101011000100001101000101001000010010100010110011111011101100111101011010111100110111000000110101111101100111100110111110101100000
001101010000011101101110000010101100010100110100010100100001001010001011001111001110110011110101101011110011011100000011010111110110011110011011111010110000
000110101000001110110111000001010110001110011010001010010000100101000101100111000111011001111010110101111001101110000001101011111011001111001101111101011000
111001010000010011000011001000001010011111100010011000010100101000011001000111111001101000101001000010010100010110011100011010100000111011011100000101011000
111100101000001001100001100100000101001111110001001100001010010100001100100011111100110100010100100001001010001011001010001101010000011101101110000010101100
111110010100000100110000110010000010100111111000100110000101001010000110010001111110011010001010010000100101000101100001000110101000001110110111000001010110
011111001010000010011000011001000001010111111100010011000010100101000011001000011111001101000101001000010010100010110000100011010100000111011011100000101011
001111100101000001001100001100100000101011111110001001100001010010100001100100001111100110100010100100001001010001011100010001101010000011101101110000010101
100111110010100000100110000110010000010001111111000100110000101001010000110010100111110011010001010010000100101000101110001000110101000001110110111000001010
010011111001010000010011000011001000001000111111100010011000010100101000011001110011111001101000101001000010010100010011000100011010100000111011011100000101
101001111100101000001001100001100100000100011111110001001100001010010100001100011001111100110100010100100001001010001101100010001101010000011101101110000010
010100111110010100000100110000110010000010001111111000100110000101001010000110101100111110011010001010010000100101000010110001000110101000001110110111000001
001010011111001010000010011000011001000001000111111100010011000010100101000011010110011111001101000101001000010010100101011000100011010100000111011011100000
000101001111100101000001001100001100100100100011111110001001100001010010100001001011001111100110100010100100001001010010101100010001101010000011101101110000
000010100111110010100000100110000110010110010001111111000100110000101001010000000101100111110011010001010010000100101001010110001000110101000001110110111000
000001010011111001010000010011000011001011001000111111100010011000010100101000100010110011111001101000101001000010010000101011000100011010100000111011011100
100000101001111100101000001001100001100001100100011111110001001100001010010100010001011001111100110100010100100001001000010101100010001101010000011101101110
010000010100111110010100000100110000110000110010001111111000100110000101001010101000101100111110011010001010010000100000001010110001000110101000001110110111
001000001010011111001010000010011000011000011001000111111100010011000010100101010100010110011111001101000101001000010100000101011000100011010100000111011011
100100000101001111100101000001001100001100001100100011111110001001100001010010001010001011001111100110100010100100001110000010101100010001101010000011101101
110010000010100111110010100000100110000010000110010001111111000100110000101001100101000101100111110011010001010010000111000001010110001000110101000001110110
011001000001010011111001010000010011000101000011001000111111100010011000010100010010100010110011111001101000101001000011100000101011000100011010100000111011
001100100000101001111100101000001001100010100001100100011111110001001100001010001001010001011001111100110100010100100101110000010101100010001101010000011101
000110010000010100111110010100000100110001010000110010001111111000100110000101000100101000101100111110011010001010010110111000001010110001000110101000001110
000011001000001010011111001010000010011100101000011001000111111100010011000010000010010100010110011111001101000101001011011100000101011000100011010100000111
100001100100000101001111100101000001001010010100001100100011111110001001100001100001001010001011001111100110100010100101101110000010101100010001101010000011
110000110010000010100111110010100000100101001010000110010001111111000100110000010000100101000101100111110011010001010110110111000001010110001000110101000001
011000011001000001010011111001010000010010100101000011001000111111100010011000001000010010100010110011111001101000101111011011100000101011000100011010100000
001100001100100000101001111100101000001001010010100001100100011111110001001100100100001001010001011001111100110100010011101101110000010101100010001101010000
100110000110010000010100111110010100000000101001010000110010001111111000100110010010000100101000101100111110011010001001110110111000001010110001000110101000
010011000011001000001010011111001010000000010100101000011001000111111100010011101001000010010100010110011111001101000000111011011100000101011000100011010100
001001100001100100000101001111100101000100001010010100001100100011111110001001010100100001001010001011001111100110100000011101101110000010101100010001101010
000100110000110010000010100111110010100110000101001010000110010001111111000100001010010000100101000101100111110011010000001110110111000001010110001000110101
000010011000011001000001010011111001010011000010100101000011001000111111100010000101001000010010100010110011111001101100000111011011100000101011000100011010
000001001100001100100000101001111100101001100001010010100001100100011111110001100010100100001001010001011001111100110010000011101101110000010101100010001101
100000100110000110010000010100111110010100110000101001010000110010001111111000010001010010000100101000101100111110011101000001110110111000001010110001000110
010000010011000011001000001010011111001010011000010100101000011001000111111100101000101001000010010100010110011111001010100000111011011100000101011000100011
101000001001100001100100000101001111100001001100001010010100001100100011111110110100010100100001001010001011001111100101010000011101101110000010101100010001
010100000100110000110010000010100111110000100110000101001010000110010001111111011010001010010000100101000101100111110110101000001110110111000001010110001000
001010000010011000011001000001010011111100010011000010100101000011001000111111001101000101001000010010100010110011111011010100000111011011100000101011000100
100101000001001100001100100000101001111110001001100001010010100001100100011111100110100010100100001001010001011001111001101010000011101101110000010101100010
110010100000100110000110010000010100111111000100110000101001010000110010001111110011010001010010000100101000101100111000110101000001110110111000001010110001
000011101100111101011010111100110111000111001010000010011000011001000001010011011100101011111000100100011111010100111111001101000101001000010010100010110011
000001110110011110101101011110011011100111100101000001001100001100100000101001101110010101111100010010001111101010011111100110100010100100001001010001011001
000000111011001111010110101111001101110111110010100000100110000110010000010100110111001010111110001001000111110101001111110011010001010010000100101000101100
000000011101100111101011010111100110111011111001010000010011000011001000001010111011100101011111000100100011111010100011111001101000101001000010010100010110
100000001110110011110101101011110011011001111100101000001001100001100100000101011101110010101111100010010001111101010001111100110100010100100001001010001011
110000000111011001111010110101111001101100111110010100000100110000110010000010001110111001010111110001001000111110101100111110011010001010010000100101000101
111000000011101100111101011010111100110010011111001010000010011000011001000001100111011100101011111000100100011111010110011111001101000101001000010010100010
011100000001110110011110101101011110011101001111100101000001001100001100100000010011101110010101111100010010001111101011001111100110100010100100001001010001
101110000000111011001111010110101111001010100111110010100000100110000110010000101001110111001010111110001001000111110101100111110011010001010010000100101000
110111000000011101100111101011010111100001010011111001010000010011000011001000010100111011100101011111000100100011111010110011111001101000101001000010010100
011011100000001110110011110101101011110000101001111100101000001001100001100100101010011101110010101111100010010001111001011001111100110100010100100001001010
001101110000000111011001111010110101111000010100111110010100000100110000110010110101001110111001010111110001001000111000101100111110011010001010010000100101
100110111000000011101100111101011010111000001010011111001010000010011000011001111010100111011100101011111000100100011100010110011111001101000101001000010010
110011011100000001110110011110101101011100000101001111100101000001001100001100111101010011101110010101111100010010001010001011001111100110100010100100001001
111001101110000000111011001111010110101010000010100111110010100000100110000110111110101001110111001010111110001001000101000101100111110011010001010010000100
111100110111000000011101100111101011010001000001010011111001010000010011000011011111010100111011100101011111000100100010100010110011111001101000101001000010
011110011011100000001110110011110101101100100000101001111100101000001001100001001111101010011101110010101111100010010001010001011001111100110100010100100001
101111001101110000000111011001111010110110010000010100111110010100000100110000000111110101001110111001010111110001001100101000101100111110011010001010010000
010111100110111000000011101100111101011011001000001010011111001010000010011000100011111010100111011100101011111000100010010100010110011111001101000101001000
101011110011011100000001110110011110101001100100000101001111100101000001001100010001111101010011101110010101111100010001001010001011001111100110100010100100
110101111001101110000000111011001111010000110010000010100111110010100000100110001000111110101001110111001010111110001000100101000101100111110011010001010010
011010111100110111000000011101100111101000011001000001010011111001010000010011100100011111010100111011100101011111000000010010100010110011111001101000101001
101101011110011011100000001110110011110100001100100000101001111100101000001001010010001111101010011101110010101111100100001001010001011001111100110100010100
010110101111001101110000000111011001111110000110010000010100111110010100000100001001000111110101001110111001010111110010000100101000101100111110011010001010
101011010111100110111000000011101100111011000011001000001010011111001010000010000100100011111010100111011100101011111001000010010100010110011111001101000101
110101101011110011011100000001110110011001100001100100000101001111100101000001100010010001111101010011101110010101111100100001001010001011001111100110100010
111010110101111001101110000000111011001100110000110010000010100111110010100000110001001000111110101001110111001010111010010000100101000101100111110011010001
111101011010111100110111000000011101100010011000011001000001010011111001010000111000100100011111010100111011100101011101001000010010100010110011111001101000
011110101101011110011011100000001110110001001100001100100000101001111100101000111100010010001111101010011101110010101010100100001001010001011001111100110100
001111010110101111001101110000000111011000100110000110010000010100111110010100111110001001000111110101001110111001010001010010000100101000101100111110011010
100111101011010111100110111000000011101000010011000011001000001010011111001010011111000100100011111010100111011100101000101001000010010100010110011111001101
110011110101101011110011011100000001110000001001100001100100000101001111100101101111100010010001111101010011101110010100010100100001001010001011001111100110
011001111010110101111001101110000000111100000100110000110010000010100111110010010111110001001000111110101001110111001010001010010000100101000101100111110011
101100111101011010111100110111000000011010000010011000011001000001010011111001101011111000100100011111010100111011100101000101001000010010100010110011111001
110110011110101101011110011011100000001101000001001100001100100000101001111100010101111100010010001111101010011101110110100010100100001001010001011001111100
111011001111010110101111001101110000000010100000100110000110010000010100111110001010111110001001000111110101001110111011010001010010000100101000101100111110
011101100111101011010111100110111000000001010000010011000011001000001010011111100101011111000100100011111010100111011001101000101001000010010100010110011111
001110110011110101101011110011011100000100101000001001100001100100000101001111110010101111100010010001111101010011101100110100010100100001001010001011001111
000111011001111010110101111001101110000110010100000100110000110010000010100111111001010111110001001000111110101001110110011010001010010000100101000101100111
000110010111010110111101101011101001100100011010100000111011011100000101011000111001010000010011000011001000001010011000011101100111101011010111100110111000
000011001011101011011110110101110100110010001101010000011101101110000010101100111100101000001001100001100100000101001000001110110011110101101011110011011100
000001100101110101101111011010111010011001000110101000001110110111000001010110111110010100000100110000110010000010100000000111011001111010110101111001101110
100000110010111010110111101101011101001000100011010100000111011011100000101011011111001010000010011000011001000001010000000011101100111101011010111100110111
110000011001011101011011110110101110100100010001101010000011101101110000010101001111100101000001001100001100100000101100000001110110011110101101011110011011
011000001100101110101101111011010111010110001000110101000001110110111000001010100111110010100000100110000110010000010110000000111011001111010110101111001101
001100000110010111010110111101101011101011000100011010100000111011011100000101010011111001010000010011000011001000001111000000011101100111101011010111100110
100110000011001011101011011110110101110101100010001101010000011101101110000010101001111100101000001001100001100100000011100000001110110011110101101011110011
010011000001100101110101101111011010111010110001000110101000001110110111000001010100111110010100000100110000110010000101110000000111011001111010110101111001
101001100000110010111010110111101101011101011000100011010100000111011011100000001010011111001010000010011000011001000110111000000011101100111101011010111100
110100110000011001011101011011110110101010101100010001101010000011101101110000000101001111100101000001001100001100100011011100000001110110011110101101011110
111010011000001100101110101101111011010001010110001000110101000001110110111000000010100111110010100000100110000110010001101110000000111011001111010110101111
011101001100000110010111010110111101101000101011000100011010100000111011011100000001010011111001010000010011000011001100110111000000011101100111101011010111
101110100110000011001011101011011110110000010101100010001101010000011101101110100000101001111100101000001001100001100110011011100000001110110011110101101011
010111010011000001100101110101101111011000001010110001000110101000001110110111010000010100111110010100000100110000110111001101110000000111011001111010110101
101011101001100000110010111010110111101100000101011000100011010100000111011011001000001010011111001010000010011000011111100110111000000011101100111101011010
110101110100110000011001011101011011110110000010101100010001101010000011101101100100000101001111100101000001001100001011110011011100000001110110011110101101
011010111010011000001100101110101101111111000001010110001000110101000001110110110010000010100111110010100000100110000101111001101110000000111011001111010110
101101011101001100000110010111010110111011100000101011000100011010100000111011011001000001010011111001010000010011000010111100110111000000011101100111101011
110110101110100110000011001011101011011101110000010101100010001101010000011101001100100000101001111100101000001001100101011110011011100000001110110011110101
111011010111010011000001100101110101101110111000001010110001000110101000001110000110010000010100111110010100000100110110101111001101110000000111011001111010
111101101011101001100000110010111010110011011100000101011000100011010100000111000011001000001010011111001010000010011011010111100110111000000011101100111101
011110110101110100110000011001011101011101101110000010101100010001101010000011100001100100000101001111100101000001001101101011110011011100000001110110011110
101111011010111010011000001100101110101110110111000001010110001000110101000001110000110010000010100111110010100000100010110101111001101110000000111011001111
110111101101011101001100000110010111010111011011100000101011000100011010100000011000011001000001010011111001010000010101011010111100110111000000011101100111
011011110110101110100110000011001011101011101101110000010101100010001101010000001100001100100000101001111100101000001110101101011110011011100000001110110011
101101111011010111010011000001100101110001110110111000001010110001000110101000100110000110010000010100111110010100000111010110101111001101110000000111011001
010110111101101011101001100000110010111000111011011100000101011000100011010100010011000011001000001010011111001010000111101011010111100110111000000011101100
101011011110110101110100110000011001011000011101101110000010101100010001101010001001100001100100000101001111100101000011110101101011110011011100000001110110
110101101111011010111010011000001100101000001110110111000001010110001000110101000100110000110010000010100111110010100001111010110101111001101110000000111011
111010110111101101011101001100000110010100000111011011100000101011000100011010000010011000011001000001010011111001010100111101011010111100110111000000011101
011101011011110110101110100110000011001010000011101101110000010101100010001101000001001100001100100000101001111100101110011110101101011110011011100000001110
101110101101111011010111010011000001100101000001110110111000001010110001000110100000100110000110010000010100111110010011001111010110101111001101110000000111
010111010110111101101011101001100000110010100000111011011100000101011000100011010000010011000011001000001010011111001101100111101011010111100110111000000011
001011101011011110110101110100110000011101010000011101101110000010101100010001101000001001100001100100000101001111100110110011110101101011110011011100000001
100101110101101111011010111010011000001110101000001110110111000001010110001000010100000100110000110010000010100111110111011001111010110101111001101110000000
110010111010110111101101011101001100000011010100000111011011100000101011000100001010000010011000011001000001010011111011101100111101011010111100110111000000
011001011101011011110110101110100110000001101010000011101101110000010101100010100101000001001100001100100000101001111001110110011110101101011110011011100000
001100101110101101111011010111010011000000110101000001110110111000001010110001110010100000100110000110010000010100111000111011001111010110101111001101110000
011100101011111000100100011111010100111000110010111010110111101101011101001100111100010011000010100101000011001000111111001010000010011000011001000001010011
101110010101111100010010001111101010011000011001011101011011110110101110100110111110001001100001010010100001100100011111100101000001001100001100100000101001
110111001010111110001001000111110101001000001100101110101101111011010111010011111111000100110000101001010000110010001111110010100000100110000110010000010100
111011100101011111000100100011111010100100000110010111010110111101101011101001111111100010011000010100101000011001000011111001010000010011000011001000001010
011101110010101111100010010001111101010110000011001011101011011110110101110100011111110001001100001010010100001100100001111100101000001001100001100100000101
001110111001010111110001001000111110101011000001100101110101101111011010111010001111111000100110000101001010000110010100111110010100000100110000110010000010
100111011100101011111000100100011111010001100000110010111010110111101101011101000111111100010011000010100101000011001010011111001010000010011000011001000001
010011101110010101111100010010001111101100110000011001011101011011110110101110100011111110001001100001010010100001100101001111100101000001001100001100100000
101001110111001010111110001001000111110010011000001100101110101101111011010111010001111111000100110000101001010000110010100111110010100000100110000110010000
010100111011100101011111000100100011111101001100000110010111010110111101101011001000111111100010011000010100101000011001010011111001010000010011000011001000
101010011101110010101111100010010001111110100110000011001011101011011110110101100100011111110001001100001010010100001000101001111100101000001001100001100100
110101001110111001010111110001001000111111010011000001100101110101101111011010110010001111111000100110000101001010000000010100111110010100000100110000110010
111010100111011100101011111000100100011011101001100000110010111010110111101101011001000111111100010011000010100101000000001010011111001010000010011000011001
111101010011101110010101111100010010001101110100110000011001011101011011110110001100100011111110001001100001010010100100000101001111100101000001001100001100
111110101001110111001010111110001001000010111010011000001100101110101101111011000110010001111111000100110000101001010010000010100111110010100000100110000110
011111010100111011100101011111000100100101011101001100000110010111010110111101000011001000111111100010011000010100101001000001010011111001010000010011000011
001111101010011101110010101111100010010110101110100110000011001011101011011110100001100100011111110001001100001010010100100000101001111100101000001001100001
000111110101001110111001010111110001001011010111010011000001100101110101101111010000110010001111111000100110000101001110010000010100111110010100000100110000
100011111010100111011100101011111000100101101011101001100000110010111010110111101000011001000111111100010011000010100011001000001010011111001010000010011000
010001111101010011101110010101111100010110110101110100110000011001011101011011010100001100100011111110001001100001010001100100000101001111100101000001001100
001000111110101001110111001010111110001111011010111010011000001100101110101101001010000110010001111111000100110000101000110010000010100111110010100000100110
100100011111010100111011100101011111000111101101011101001100000110010111010110100101000011001000111111100010011000010000011001000001010011111001010000010011
010010001111101010011101110010101111100011110110101110100110000011001011101011010010100001100100011111110001001100001100001100100000101001111100101000001001
001001000111110101001110111001010111110101111011010111010011000001100101110101101001010000110010001111111000100110000110000110010000010100111110010100000100
000100100011111010100111011100101011111110111101101011101001100000110010111010010100101000011001000111111100010011000011000011001000001010011111001010000010
100010010001111101010011101110010101111011011110110101110100110000011001011101001010010100001100100011111110001001100001100001100100000101001111100101000001
110001001000111110101001110111001010111101101111011010111010011000001100101110000101001010000110010001111111000100110100110000110010000010100111110010100000
111000100100011111010100111011100101011010110111101101011101001100000110010111000010100101000011001000111111100010011010011000011001000001010011111001010000
111100010010001111101010011101110010101101011011110110101110100110000011001011100001010010100001100100011111110001001001001100001100100000101001111100101000
111110001001000111110101001110111001010110101101111011010111010011000001100101110000101001010000110010001111111000100000100110000110010000010100111110010100
011111000100100011111010100111011100101111010110111101101011101001100000110010011000010100101000011001000111111100010000010011000011001000001010011111001010
101111100010010001111101010011101110010011101011011110110101110100110000011001001100001010010100001100100011111110001000001001100001100100000101001111100101
010111110001001000111110101001110111001101110101101111011010111010011000001100100110000101001010000110010001111111000100000100110000110010000010100111110010
101011111000100100011111010100111011100010111010110111101101011101001100000110010011000010100101000011001000111111100010000010011000011001000001010011111001
010101111100010010001111101010011101110001011101011011110110101110100110000011001001100001010010100001100100011111110101000001001100001100100000101001111100
001010111110001001000111110101001110111100101110101101111011010111010011000001000100110000101001010000110010001111111010100000100110000110010000010100111110
100101011111000100100011111010100111011110010111010110111101101011101001100000100010011000010100101000011001000111111001010000010011000011001000001010011111
110010101111100010010001111101010011101011001011101011011110110101110100110000110001001100001010010100001100100011111100101000001001100001100100000101001111
111001010111110001001000111110101001110001100101110101101111011010111010011000111000100110000101001010000110010001111110010100000100110000110010000010100111
