01001111001001001100100010100101000111111110010011110010010011001000101001010001111111100100111100100100110010001010010100011111111001001111001001001100100010100101000111111110
10100111100000100110010001010010100011111111101001111000001001100100010100101000111111111010011110000010011001000101001010001111111110100111100000100110010001010010100011111111
01010011110100010011001000101001010001111111010100111101000100110010001010010100011111110101001111010001001100100010100101000111111101010011110100010011001000101001010001111111
00101001111010001001100100010100111000111111001010011110100010011001000101001110001111110010100111101000100110010001010011100011111100101001111010001001100100010100111000111111
10010100111001000100111010001010011100011111100101001110010001001110100010100111000111111001010011100100010011101000101001110001111110010100111001000100111010001010011100011111
11001010011100100010010101000101011110001111110010100111001000100101010001010111100011111100101001110010001001010100010101111000111111001010011100100010010101000101011110001111
11100101001110010001000010100010111111000111111001010011100100010000101000101111110001111110010100111001000100001010001011111100011111100101001110010001000010100010111111000111
11110010100011001000101001010001011111100011111100101000110010001010010100010111111000111111001010001100100010100101000101111110001111110010100011001000101001010001011111100011
01111001010001100100010100101000111111110001011110010100011001000101001010001111111100010111100101000110010001010010100011111111000101111001010001100100010100101000111111110001
00111100101100110010001010010100011111111000001111001011001100100010100101000111111110000011110010110011001000101001010001111111100000111100101100110010001010010100011111111000
10011110010010011001000101001010001111111100100111100100100110010001010010100011111111001001111001001001100100010100101000111111110010011110010010011001000101001010001111111100
11011001101010011110011100000000100101001010110110011010100111100111000000001001010010101101100110101001111001110000000010010100101011011001101010011110011100000000100101001010
11101100110101001111001110000000000010100101111011001101010011110011100000000000101001011110110011010100111100111000000000001010010111101100110101001111001110000000000010100101
01110110011010100111100111000000010001010010011101100110101001111001110000000100010100100111011001101010011110011100000001000101001001110110011010100111100111000000010001010010
10111011001001010011110011100000001000101001101110110010010100111100111000000010001010011011101100100101001111001110000000100010100110111011001001010011110011100000001000101001
11011101100100101001110001110000010100010100110111011001001010011100011100000101000101001101110110010010100111000111000001010001010011011101100100101001110001110000010100010100
01101110110110010100110000111000001010001010011011101101100101001100001110000010100010100110111011011001010011000011100000101000101001101110110110010100110000111000001010001010
00110111011111001010010000011100000101000101001101110111110010100100000111000001010001010011011101111100101001000001110000010100010100110111011111001010010000011100000101000101
10011011101111100101000000001110010010100010100110111011111001010000000011100100101000101001101110111110010100000000111001001010001010011011101111100101000000001110010010100010
11001101110011110010100000000111001001010001110011011100111100101000000001110010010100011100110111001111001010000000011100100101000111001101110011110010100000000111001001010001
01100110111001111001010000000011110100101000011001101110011110010100000000111101001010000110011011100111100101000000001111010010100001100110111001111001010000000011110100101000
10110011011100111100101000000001101010010100101100110111001111001010000000011010100101001011001101110011110010100000000110101001010010110011011100111100101000000001101010010100
11010110101001111111100100111100111011001101110101101010011111111001001111001110110011011101011010100111111110010011110011101100110111010110101001111111100100111100111011001101
11101011010000111111111010011110011101100110111010110100001111111110100111100111011001101110101101000011111111101001111001110110011011101011010000111111111010011110011101100110
01110101101100011111110101001111001110110011011101011011000111111101010011110011101100110111010110110001111111010100111100111011001101110101101100011111110101001111001110110011
10111010110110001111110010100111110111011001101110101101100011111100101001111101110110011011101011011000111111001010011111011101100110111010110110001111110010100111110111011001
01011101011111000111111001010011111011101100010111010111110001111110010100111110111011000101110101111100011111100101001111101110110001011101011111000111111001010011111011101100
10101110101111100011111100101001101101110110101011101011111000111111001010011011011101101010111010111110001111110010100110110111011010101110101111100011111100101001101101110110
11010111010111110001111110010100100110111011110101110101111100011111100101001001101110111101011101011111000111111001010010011011101111010111010111110001111110010100100110111011
01101011101111111000111111001010010011011101011010111011111110001111110010100100110111010110101110111111100011111100101001001101110101101011101111111000111111001010010011011101
10110101110111111100010111100101011001101110101101011101111111000101111001010110011011101011010111011111110001011110010101100110111010110101110111111100010111100101011001101110
01011010111111111110000011110010101100110111010110101111111111100000111100101011001101110101101011111111111000001111001010110011011101011010111111111110000011110010101100110111
10101101011011111111001001111001010110011011101011010110111111110010011110010101100110111010110101101111111100100111100101011001101110101101011011111111001001111001010110011011
11000000001110101101010010011001001001111001110000000011101011010100100110010010011110011100000000111010110101001001100100100111100111000000001110101101010010011001001001111001
11100000000111010110100001001100110100111100111000000001110101101000010011001101001111001110000000011101011010000100110011010011110011100000000111010110100001001100110100111100
01110000000011101011011000100110001010011110011100000000111010110110001001100010100111100111000000001110101101100010011000101001111001110000000011101011011000100110001010011110
00111000000101110101100100010011000101001111001110000001011101011001000100110001010011110011100000010111010110010001001100010100111100111000000101110101100100010011000101001111
00011100000010111010110010001001110010100111000111000000101110101100100010011100101001110001110000001011101011001000100111001010011100011100000010111010110010001001110010100111
00001110000101011101011001000100111001010011000011100001010111010110010001001110010100110000111000010101110101100100010011100101001100001110000101011101011001000100111001010011
00000111000110101110101100100010011100101001000001110001101011101011001000100111001010010000011100011010111010110010001001110010100100000111000110101110101100100010011100101001
00000011100011010111010110010001011110010100000000111000110101110101100100010111100101000000001110001101011101011001000101111001010000000011100011010111010110010001011110010100
00000001110101101011100011001000101111001010000000011101011010111000110010001011110010100000000111010110101110001100100010111100101000000001110101101011100011001000101111001010
00000000111010110101111001100100000111100101000000001110101101011110011001000001111001010000000011101011010111100110010000011110010100000000111010110101111001100100000111100101
10000000011101011010110100110010010011110010100000000111010110101101001100100100111100101000000001110101101011010011001001001111001010000000011101011010110100110010010011110010
01001111001001001100100010100101000111111110101100001101101100110111010110101110000000010100111100100100110010001010010100011111111010110000110110110011011101011010111000000001
10100111100000100110010001010010100011111111010110000111110110011011101011010111000000001010011110000010011001000101001010001111111101011000011111011001101110101101011100000000
01010011110100010011001000101001010001111111101011000010111011001101110101101011100000000101001111010001001100100010100101000111111110101100001011101100110111010110101110000000
00101001111010001001100100010100111000111111110101100001011101100110111010110001110000000010100111101000100110010001010011100011111111010110000101110110011011101011000111000000
10010100111001000100111010001010011100011111011010110001101110110001011101011000111000001001010011100100010011101000101001110001111101101011000110111011000101110101100011100000
11001010011100100010010101000101011110001111001101011000110111011010101110101000011100001100101001110010001001010100010101111000111100110101100011011101101010111010100001110000
11100101001110010001000010100010111111000111000110101100011011101111010111010000001110001110010100111001000100001010001011111100011100011010110001101110111101011101000000111000
11110010100011001000101001010001011111100011000011010111001101110101101011101000000111001111001010001100100010100101000101111110001100001101011100110111010110101110100000011100
01111001010001100100010100101000111111110001100001101011100110111010110101110000000011100111100101000110010001010010100011111111000110000110101110011011101011010111000000001110
00111100101100110010001010010100011111111000110000110100110011011101011010111000000001110011110010110011001000101001010001111111100011000011010011001101110101101011100000000111
10011110010010011001000101001010001111111100011000011011011001101110101101011100000000111001111001001001100100010100101000111111110001100001101101100110111010110101110000000011
11011001101010011110011100000000100101001010001001100101011000011000111111110110101101011101100110101001111001110000000010010100101000100110010101100001100011111111011010110101
11101100110101001111001110000000000010100101000100110010101100001100011111111111010110101110110011010100111100111000000000001010010100010011001010110000110001111111111101011010
01110110011010100111100111000000010001010010100010011001010110000110001111111011101011010111011001101010011110011100000001000101001010001001100101011000011000111111101110101101
10111011001001010011110011100000001000101001010001001101101011000011000111111101110101101011101100100101001111001110000000100010100101000100110110101100001100011111110111010110
11011101100100101001110001110000010100010100001000100110110101100011100011111010111010111101110110010010100111000111000001010001010000100010011011010110001110001111101011101011
01101110110110010100110000111000001010001010100100010010011010110011110001111101011101010110111011011001010011000011100000101000101010010001001001101011001111000111110101110101
00110111011111001010010000011100000101000101110010001000001101011011111000111110101110100011011101111100101001000001110000010100010111001000100000110101101111100011111010111010
10011011101111100101000000001110010010100010011001000100000110101111111100011011010111011001101110111110010100000000111001001010001001100100010000011010111111110001101101011101
11001101110011110010100000000111001001010001001100100011000011010111111110001101101011101100110111001111001010000000011100100101000100110010001100001101011111111000110110101110
01100110111001111001010000000011110100101000100110010001100001101011111111000010110101110110011011100111100101000000001111010010100010011001000110000110101111111100001011010111
10110011011100111100101000000001101010010100010011001000110000110101111111100101011010111011001101110011110010100000000110101001010001001100100011000011010111111110010101101011
11010110101001111111100100111100111011001101001010010101100000000110110000110001001100101101011010100111111110010011110011101100110100101001010110000000011011000011000100110010
11101011010000111111111010011110011101100110000101001011110000000001011000011000100110011110101101000011111111101001111001110110011000010100101111000000000101100001100010011001
01110101101100011111110101001111001110110011100010100100111000000010101100001100010011000111010110110001111111010100111100111011001110001010010011100000001010110000110001001100
10111010110110001111110010100111110111011001010001010010011100000011010110000010001001101011101011011000111111001010011111011101100101000101001001110000001101011000001000100110
01011101011111000111111001010011111011101100101000101000001110000001101011000001000100110101110101111100011111100101001111101110110010100010100000111000000110101100000100010011
10101110101111100011111100101001101101110110010100010100000111000000110101100100100010011010111010111110001111110010100110110111011001010001010000011100000011010110010010001001
11010111010111110001111110010100100110111011001010001010000011100000011010110110010001001101011101011111000111111001010010011011101100101000101000001110000001101011011001000100
01101011101111111000111111001010010011011101100101000100000001110000001101011011001000100110101110111111100011111100101001001101110110010100010000000111000000110101101100100010
10110101110111111100010111100101011001101110010010100010000000111010000110101001100100011011010111011111110001011110010101100110111001001010001000000011101000011010100110010001
01011010111111111110000011110010101100110111101001010000000000011111000011010100110010000101101011111111111000001111001010110011011110100101000000000001111100001101010011001000
10101101011011111111001001111001010110011011010100101001000000001101100001101010011001001010110101101111111100100111100101011001101101010010100100000000110110000110101001100100
11000000001110101101010010011001001001111001001111111100010100101011011001101101100001101100000000111010110101001001100100100111100100111111110001010010101101100110110110000110
11100000000111010110100001001100110100111100000111111110001010010111101100110010110000111110000000011101011010000100110011010011110000011111111000101001011110110011001011000011
01110000000011101011011000100110001010011110100011111111000101001001110110011101011000010111000000001110101101100010011000101001111010001111111100010100100111011001110101100001
00111000000101110101100100010011000101001111110001111110100010100110111011001110101100000011100000010111010110010001001100010100111111000111111010001010011011101100111010110000
00011100000010111010110010001001110010100111111000111111010001010011011101100011010110000001110000001011101011001000100111001010011111100011111101000101001101110110001101011000
00001110000101011101011001000100111001010011111100011110101000101001101110110001101011000000111000010101110101100100010011100101001111110001111010100010100110111011000110101100
00000111000110101110101100100010011100101001111110001110010100010100110111011000110101100000011100011010111010110010001001110010100111111000111001010001010011011101100011010110
00000011100011010111010110010001011110010100111111000111001010001010011011101000011010110000001110001101011101011001000101111001010011111100011100101000101001101110100001101011
00000001110101101011100011001000101111001010111111100010100101000111001101110100001101010000000111010110101110001100100010111100101011111110001010010100011100110111010000110101
00000000111010110101111001100100000111100101111111110001010010100001100110111110000110100000000011101011010111100110010000011110010111111111000101001010000110011011111000011010
10000000011101011010110100110010010011110010011111111000101001010010110011011011000011011000000001110101101011010011001001001111001001111111100010100101001011001101101100001101
01001111001001001100100010100101000111111110010011110010010011001000101001010001111111101011000011011011001101110101101011100000000110110000110110110011011101011010111000000001
10100111100000100110010001010010100011111111101001111000001001100100010100101000111111110101100001111101100110111010110101110000000001011000011111011001101110101101011100000000
01010011110100010011001000101001010001111111010100111101000100110010001010010100011111111010110000101110110011011101011010111000000010101100001011101100110111010110101110000000
00101001111010001001100100010100111000111111001010011110100010011001000101001110001111111101011000010111011001101110101100011100000011010110000101110110011011101011000111000000
10010100111001000100111010001010011100011111100101001110010001001110100010100111000111110110101100011011101100010111010110001110000001101011000110111011000101110101100011100000
11001010011100100010010101000101011110001111110010100111001000100101010001010111100011110011010110001101110110101011101010000111000000110101100011011101101010111010100001110000
11100101001110010001000010100010111111000111111001010011100100010000101000101111110001110001101011000110111011110101110100000011100000011010110001101110111101011101000000111000
11110010100011001000101001010001011111100011111100101000110010001010010100010111111000110000110101110011011101011010111010000001110000001101011100110111010110101110100000011100
01111001010001100100010100101000111111110001011110010100011001000101001010001111111100011000011010111001101110101101011100000000111010000110101110011011101011010111000000001110
00111100101100110010001010010100011111111000001111001011001100100010100101000111111110001100001101001100110111010110101110000000011111000011010011001101110101101011100000000111
10011110010010011001000101001010001111111100100111100100100110010001010010100011111111000110000110110110011011101011010111000000001101100001101101100110111010110101110000000011
11011001101010011110011100000000100101001010110110011010100111100111000000001001010010100010011001010110000110001111111101101011010100100110010101100001100011111111011010110101
11101100110101001111001110000000000010100101111011001101010011110011100000000000101001010001001100101011000011000111111111110101101000010011001010110000110001111111111101011010
01110110011010100111100111000000010001010010011101100110101001111001110000000100010100101000100110010101100001100011111110111010110110001001100101011000011000111111101110101101
10111011001001010011110011100000001000101001101110110010010100111100111000000010001010010100010011011010110000110001111111011101011001000100110110101100001100011111110111010110
11011101100100101001110001110000010100010100110111011001001010011100011100000101000101000010001001101101011000111000111110101110101100100010011011010110001110001111101011101011
01101110110110010100110000111000001010001010011011101101100101001100001110000010100010101001000100100110101100111100011111010111010110010001001001101011001111000111110101110101
00110111011111001010010000011100000101000101001101110111110010100100000111000001010001011100100010000011010110111110001111101011101011001000100000110101101111100011111010111010
10011011101111100101000000001110010010100010100110111011111001010000000011100100101000100110010001000001101011111111000110110101110101100100010000011010111111110001101101011101
11001101110011110010100000000111001001010001110011011100111100101000000001110010010100010011001000110000110101111111100011011010111000110010001100001101011111111000110110101110
01100110111001111001010000000011110100101000011001101110011110010100000000111101001010001001100100011000011010111111110000101101011110011001000110000110101111111100001011010111
10110011011100111100101000000001101010010100101100110111001111001010000000011010100101000100110010001100001101011111111001010110101101001100100011000011010111111110010101101011
11010110101001111111100100111100111011001101110101101010011111111001001111001110110011010010100101011000000001101100001100010011001000101001010110000000011011000011000100110010
11101011010000111111111010011110011101100110111010110100001111111110100111100111011001100001010010111100000000010110000110001001100100010100101111000000000101100001100010011001
01110101101100011111110101001111001110110011011101011011000111111101010011110011101100111000101001001110000000101011000011000100110010001010010011100000001010110000110001001100
10111010110110001111110010100111110111011001101110101101100011111100101001111101110110010100010100100111000000110101100000100010011001000101001001110000001101011000001000100110
01011101011111000111111001010011111011101100010111010111110001111110010100111110111011001010001010000011100000011010110000010001001110100010100000111000000110101100000100010011
10101110101111100011111100101001101101110110101011101011111000111111001010011011011101100101000101000001110000001101011001001000100101010001010000011100000011010110010010001001
11010111010111110001111110010100100110111011110101110101111100011111100101001001101110110010100010100000111000000110101101100100010000101000101000001110000001101011011001000100
01101011101111111000111111001010010011011101011010111011111110001111110010100100110111011001010001000000011100000011010110110010001010010100010000000111000000110101101100100010
10110101110111111100010111100101011001101110101101011101111111000101111001010110011011100100101000100000001110100001101010011001000101001010001000000011101000011010100110010001
01011010111111111110000011110010101100110111010110101111111111100000111100101011001101111010010100000000000111110000110101001100100010100101000000000001111100001101010011001000
10101101011011111111001001111001010110011011101011010110111111110010011110010101100110110101001010010000000011011000011010100110010001010010100100000000110110000110101001100100
11000000001110101101010010011001001001111001110000000011101011010100100110010010011110010011111111000101001010110110011011011000011000111111110001010010101101100110110110000110
11100000000111010110100001001100110100111100111000000001110101101000010011001101001111000001111111100010100101111011001100101100001100011111111000101001011110110011001011000011
01110000000011101011011000100110001010011110011100000000111010110110001001100010100111101000111111110001010010011101100111010110000110001111111100010100100111011001110101100001
00111000000101110101100100010011000101001111001110000001011101011001000100110001010011111100011111101000101001101110110011101011000011000111111010001010011011101100111010110000
00011100000010111010110010001001110010100111000111000000101110101100100010011100101001111110001111110100010100110111011000110101100011100011111101000101001101110110001101011000
00001110000101011101011001000100111001010011000011100001010111010110010001001110010100111111000111101010001010011011101100011010110011110001111010100010100110111011000110101100
00000111000110101110101100100010011100101001000001110001101011101011001000100111001010011111100011100101000101001101110110001101011011111000111001010001010011011101100011010110
00000011100011010111010110010001011110010100000000111000110101110101100100010111100101001111110001110010100010100110111010000110101111111100011100101000101001101110100001101011
00000001110101101011100011001000101111001010000000011101011010111000110010001011110010101111111000101001010001110011011101000011010111111110001010010100011100110111010000110101
00000000111010110101111001100100000111100101000000001110101101011110011001000001111001011111111100010100101000011001101111100001101011111111000101001010000110011011111000011010
10000000011101011010110100110010010011110010100000000111010110101101001100100100111100100111111110001010010100101100110110110000110101111111100010100101001011001101101100001101
01001111001001001100100010100101000111111110101100001101101100110111010110101110000000011011000011011011001101110101101011100000000101001111001001001100100010100101000111111110
10100111100000100110010001010010100011111111010110000111110110011011101011010111000000000101100001111101100110111010110101110000000010100111100000100110010001010010100011111111
01010011110100010011001000101001010001111111101011000010111011001101110101101011100000001010110000101110110011011101011010111000000001010011110100010011001000101001010001111111
00101001111010001001100100010100111000111111110101100001011101100110111010110001110000001101011000010111011001101110101100011100000000101001111010001001100100010100111000111111
10010100111001000100111010001010011100011111011010110001101110110001011101011000111000000110101100011011101100010111010110001110000010010100111001000100111010001010011100011111
11001010011100100010010101000101011110001111001101011000110111011010101110101000011100000011010110001101110110101011101010000111000011001010011100100010010101000101011110001111
11100101001110010001000010100010111111000111000110101100011011101111010111010000001110000001101011000110111011110101110100000011100011100101001110010001000010100010111111000111
11110010100011001000101001010001011111100011000011010111001101110101101011101000000111000000110101110011011101011010111010000001110011110010100011001000101001010001011111100011
01111001010001100100010100101000111111110001100001101011100110111010110101110000000011101000011010111001101110101101011100000000111001111001010001100100010100101000111111110001
00111100101100110010001010010100011111111000110000110100110011011101011010111000000001111100001101001100110111010110101110000000011100111100101100110010001010010100011111111000
10011110010010011001000101001010001111111100011000011011011001101110101101011100000000110110000110110110011011101011010111000000001110011110010010011001000101001010001111111100
11011001101010011110011100000000100101001010001001100101011000011000111111110110101101010010011001010110000110001111111101101011010111011001101010011110011100000000100101001010
11101100110101001111001110000000000010100101000100110010101100001100011111111111010110100001001100101011000011000111111111110101101011101100110101001111001110000000000010100101
01110110011010100111100111000000010001010010100010011001010110000110001111111011101011011000100110010101100001100011111110111010110101110110011010100111100111000000010001010010
10111011001001010011110011100000001000101001010001001101101011000011000111111101110101100100010011011010110000110001111111011101011010111011001001010011110011100000001000101001
11011101100100101001110001110000010100010100001000100110110101100011100011111010111010110010001001101101011000111000111110101110101111011101100100101001110001110000010100010100
01101110110110010100110000111000001010001010100100010010011010110011110001111101011101011001000100100110101100111100011111010111010101101110110110010100110000111000001010001010
00110111011111001010010000011100000101000101110010001000001101011011111000111110101110101100100010000011010110111110001111101011101000110111011111001010010000011100000101000101
10011011101111100101000000001110010010100010011001000100000110101111111100011011010111010110010001000001101011111111000110110101110110011011101111100101000000001110010010100010
11001101110011110010100000000111001001010001001100100011000011010111111110001101101011100011001000110000110101111111100011011010111011001101110011110010100000000111001001010001
01100110111001111001010000000011110100101000100110010001100001101011111111000010110101111001100100011000011010111111110000101101011101100110111001111001010000000011110100101000
10110011011100111100101000000001101010010100010011001000110000110101111111100101011010110100110010001100001101011111111001010110101110110011011100111100101000000001101010010100
11010110101001111111100100111100111011001101001010010101100000000110110000110001001100100010100101011000000001101100001100010011001011010110101001111111100100111100111011001101
11101011010000111111111010011110011101100110000101001011110000000001011000011000100110010001010010111100000000010110000110001001100111101011010000111111111010011110011101100110
01110101101100011111110101001111001110110011100010100100111000000010101100001100010011001000101001001110000000101011000011000100110001110101101100011111110101001111001110110011
10111010110110001111110010100111110111011001010001010010011100000011010110000010001001100100010100100111000000110101100000100010011010111010110110001111110010100111110111011001
01011101011111000111111001010011111011101100101000101000001110000001101011000001000100111010001010000011100000011010110000010001001101011101011111000111111001010011111011101100
10101110101111100011111100101001101101110110010100010100000111000000110101100100100010010101000101000001110000001101011001001000100110101110101111100011111100101001101101110110
11010111010111110001111110010100100110111011001010001010000011100000011010110110010001000010100010100000111000000110101101100100010011010111010111110001111110010100100110111011
01101011101111111000111111001010010011011101100101000100000001110000001101011011001000101001010001000000011100000011010110110010001001101011101111111000111111001010010011011101
10110101110111111100010111100101011001101110010010100010000000111010000110101001100100010100101000100000001110100001101010011001000110110101110111111100010111100101011001101110
01011010111111111110000011110010101100110111101001010000000000011111000011010100110010001010010100000000000111110000110101001100100001011010111111111110000011110010101100110111
10101101011011111111001001111001010110011011010100101001000000001101100001101010011001000101001010010000000011011000011010100110010010101101011011111111001001111001010110011011
11000000001110101101010010011001001001111001001111111100010100101011011001101101100001100011111111000101001010110110011011011000011011000000001110101101010010011001001001111001
11100000000111010110100001001100110100111100000111111110001010010111101100110010110000110001111111100010100101111011001100101100001111100000000111010110100001001100110100111100
01110000000011101011011000100110001010011110100011111111000101001001110110011101011000011000111111110001010010011101100111010110000101110000000011101011011000100110001010011110
00111000000101110101100100010011000101001111110001111110100010100110111011001110101100001100011111101000101001101110110011101011000000111000000101110101100100010011000101001111
00011100000010111010110010001001110010100111111000111111010001010011011101100011010110001110001111110100010100110111011000110101100000011100000010111010110010001001110010100111
00001110000101011101011001000100111001010011111100011110101000101001101110110001101011001111000111101010001010011011101100011010110000001110000101011101011001000100111001010011
00000111000110101110101100100010011100101001111110001110010100010100110111011000110101101111100011100101000101001101110110001101011000000111000110101110101100100010011100101001
00000011100011010111010110010001011110010100111111000111001010001010011011101000011010111111110001110010100010100110111010000110101100000011100011010111010110010001011110010100
00000001110101101011100011001000101111001010111111100010100101000111001101110100001101011111111000101001010001110011011101000011010100000001110101101011100011001000101111001010
00000000111010110101111001100100000111100101111111110001010010100001100110111110000110101111111100010100101000011001101111100001101000000000111010110101111001100100000111100101
10000000011101011010110100110010010011110010011111111000101001010010110011011011000011010111111110001010010100101100110110110000110110000000011101011010110100110010010011110010
10110000110110110011011101011010111000000001101100001101101100110111010110101110000000011011000011011011001101110101101011100000000110110000110110110011011101011010111000000001
01011000011111011001101110101101011100000000010110000111110110011011101011010111000000000101100001111101100110111010110101110000000001011000011111011001101110101101011100000000
10101100001011101100110111010110101110000000101011000010111011001101110101101011100000001010110000101110110011011101011010111000000010101100001011101100110111010110101110000000
11010110000101110110011011101011000111000000110101100001011101100110111010110001110000001101011000010111011001101110101100011100000011010110000101110110011011101011000111000000
01101011000110111011000101110101100011100000011010110001101110110001011101011000111000000110101100011011101100010111010110001110000001101011000110111011000101110101100011100000
00110101100011011101101010111010100001110000001101011000110111011010101110101000011100000011010110001101110110101011101010000111000000110101100011011101101010111010100001110000
00011010110001101110111101011101000000111000000110101100011011101111010111010000001110000001101011000110111011110101110100000011100000011010110001101110111101011101000000111000
00001101011100110111010110101110100000011100000011010111001101110101101011101000000111000000110101110011011101011010111010000001110000001101011100110111010110101110100000011100
10000110101110011011101011010111000000001110100001101011100110111010110101110000000011101000011010111001101110101101011100000000111010000110101110011011101011010111000000001110
11000011010011001101110101101011100000000111110000110100110011011101011010111000000001111100001101001100110111010110101110000000011111000011010011001101110101101011100000000111
01100001101101100110111010110101110000000011011000011011011001101110101101011100000000110110000110110110011011101011010111000000001101100001101101100110111010110101110000000011
00100110010101100001100011111111011010110101001001100101011000011000111111110110101101010010011001010110000110001111111101101011010100100110010101100001100011111111011010110101
00010011001010110000110001111111111101011010000100110010101100001100011111111111010110100001001100101011000011000111111111110101101000010011001010110000110001111111111101011010
10001001100101011000011000111111101110101101100010011001010110000110001111111011101011011000100110010101100001100011111110111010110110001001100101011000011000111111101110101101
01000100110110101100001100011111110111010110010001001101101011000011000111111101110101100100010011011010110000110001111111011101011001000100110110101100001100011111110111010110
00100010011011010110001110001111101011101011001000100110110101100011100011111010111010110010001001101101011000111000111110101110101100100010011011010110001110001111101011101011
10010001001001101011001111000111110101110101100100010010011010110011110001111101011101011001000100100110101100111100011111010111010110010001001001101011001111000111110101110101
11001000100000110101101111100011111010111010110010001000001101011011111000111110101110101100100010000011010110111110001111101011101011001000100000110101101111100011111010111010
01100100010000011010111111110001101101011101011001000100000110101111111100011011010111010110010001000001101011111111000110110101110101100100010000011010111111110001101101011101
00110010001100001101011111111000110110101110001100100011000011010111111110001101101011100011001000110000110101111111100011011010111000110010001100001101011111111000110110101110
10011001000110000110101111111100001011010111100110010001100001101011111111000010110101111001100100011000011010111111110000101101011110011001000110000110101111111100001011010111
01001100100011000011010111111110010101101011010011001000110000110101111111100101011010110100110010001100001101011111111001010110101101001100100011000011010111111110010101101011
00101001010110000000011011000011000100110010001010010101100000000110110000110001001100100010100101011000000001101100001100010011001000101001010110000000011011000011000100110010
00010100101111000000000101100001100010011001000101001011110000000001011000011000100110010001010010111100000000010110000110001001100100010100101111000000000101100001100010011001
10001010010011100000001010110000110001001100100010100100111000000010101100001100010011001000101001001110000000101011000011000100110010001010010011100000001010110000110001001100
01000101001001110000001101011000001000100110010001010010011100000011010110000010001001100100010100100111000000110101100000100010011001000101001001110000001101011000001000100110
10100010100000111000000110101100000100010011101000101000001110000001101011000001000100111010001010000011100000011010110000010001001110100010100000111000000110101100000100010011
01010001010000011100000011010110010010001001010100010100000111000000110101100100100010010101000101000001110000001101011001001000100101010001010000011100000011010110010010001001
00101000101000001110000001101011011001000100001010001010000011100000011010110110010001000010100010100000111000000110101101100100010000101000101000001110000001101011011001000100
10010100010000000111000000110101101100100010100101000100000001110000001101011011001000101001010001000000011100000011010110110010001010010100010000000111000000110101101100100010
01001010001000000011101000011010100110010001010010100010000000111010000110101001100100010100101000100000001110100001101010011001000101001010001000000011101000011010100110010001
10100101000000000001111100001101010011001000101001010000000000011111000011010100110010001010010100000000000111110000110101001100100010100101000000000001111100001101010011001000
01010010100100000000110110000110101001100100010100101001000000001101100001101010011001000101001010010000000011011000011010100110010001010010100100000000110110000110101001100100
00111111110001010010101101100110110110000110001111111100010100101011011001101101100001100011111111000101001010110110011011011000011000111111110001010010101101100110110110000110
00011111111000101001011110110011001011000011000111111110001010010111101100110010110000110001111111100010100101111011001100101100001100011111111000101001011110110011001011000011
10001111111100010100100111011001110101100001100011111111000101001001110110011101011000011000111111110001010010011101100111010110000110001111111100010100100111011001110101100001
11000111111010001010011011101100111010110000110001111110100010100110111011001110101100001100011111101000101001101110110011101011000011000111111010001010011011101100111010110000
11100011111101000101001101110110001101011000111000111111010001010011011101100011010110001110001111110100010100110111011000110101100011100011111101000101001101110110001101011000
11110001111010100010100110111011000110101100111100011110101000101001101110110001101011001111000111101010001010011011101100011010110011110001111010100010100110111011000110101100
11111000111001010001010011011101100011010110111110001110010100010100110111011000110101101111100011100101000101001101110110001101011011111000111001010001010011011101100011010110
11111100011100101000101001101110100001101011111111000111001010001010011011101000011010111111110001110010100010100110111010000110101111111100011100101000101001101110100001101011
11111110001010010100011100110111010000110101111111100010100101000111001101110100001101011111111000101001010001110011011101000011010111111110001010010100011100110111010000110101
11111111000101001010000110011011111000011010111111110001010010100001100110111110000110101111111100010100101000011001101111100001101011111111000101001010000110011011111000011010
01111111100010100101001011001101101100001101011111111000101001010010110011011011000011010111111110001010010100101100110110110000110101111111100010100101001011001101101100001101
10110000110110110011011101011010111000000001010011110010010011001000101001010001111111101011000011011011001101110101101011100000000101001111001001001100100010100101000111111110
01011000011111011001101110101101011100000000101001111000001001100100010100101000111111110101100001111101100110111010110101110000000010100111100000100110010001010010100011111111
10101100001011101100110111010110101110000000010100111101000100110010001010010100011111111010110000101110110011011101011010111000000001010011110100010011001000101001010001111111
11010110000101110110011011101011000111000000001010011110100010011001000101001110001111111101011000010111011001101110101100011100000000101001111010001001100100010100111000111111
01101011000110111011000101110101100011100000100101001110010001001110100010100111000111110110101100011011101100010111010110001110000010010100111001000100111010001010011100011111
00110101100011011101101010111010100001110000110010100111001000100101010001010111100011110011010110001101110110101011101010000111000011001010011100100010010101000101011110001111
00011010110001101110111101011101000000111000111001010011100100010000101000101111110001110001101011000110111011110101110100000011100011100101001110010001000010100010111111000111
00001101011100110111010110101110100000011100111100101000110010001010010100010111111000110000110101110011011101011010111010000001110011110010100011001000101001010001011111100011
10000110101110011011101011010111000000001110011110010100011001000101001010001111111100011000011010111001101110101101011100000000111001111001010001100100010100101000111111110001
11000011010011001101110101101011100000000111001111001011001100100010100101000111111110001100001101001100110111010110101110000000011100111100101100110010001010010100011111111000
01100001101101100110111010110101110000000011100111100100100110010001010010100011111111000110000110110110011011101011010111000000001110011110010010011001000101001010001111111100
00100110010101100001100011111111011010110101110110011010100111100111000000001001010010100010011001010110000110001111111101101011010111011001101010011110011100000000100101001010
00010011001010110000110001111111111101011010111011001101010011110011100000000000101001010001001100101011000011000111111111110101101011101100110101001111001110000000000010100101
10001001100101011000011000111111101110101101011101100110101001111001110000000100010100101000100110010101100001100011111110111010110101110110011010100111100111000000010001010010
01000100110110101100001100011111110111010110101110110010010100111100111000000010001010010100010011011010110000110001111111011101011010111011001001010011110011100000001000101001
00100010011011010110001110001111101011101011110111011001001010011100011100000101000101000010001001101101011000111000111110101110101111011101100100101001110001110000010100010100
10010001001001101011001111000111110101110101011011101101100101001100001110000010100010101001000100100110101100111100011111010111010101101110110110010100110000111000001010001010
11001000100000110101101111100011111010111010001101110111110010100100000111000001010001011100100010000011010110111110001111101011101000110111011111001010010000011100000101000101
01100100010000011010111111110001101101011101100110111011111001010000000011100100101000100110010001000001101011111111000110110101110110011011101111100101000000001110010010100010
00110010001100001101011111111000110110101110110011011100111100101000000001110010010100010011001000110000110101111111100011011010111011001101110011110010100000000111001001010001
10011001000110000110101111111100001011010111011001101110011110010100000000111101001010001001100100011000011010111111110000101101011101100110111001111001010000000011110100101000
01001100100011000011010111111110010101101011101100110111001111001010000000011010100101000100110010001100001101011111111001010110101110110011011100111100101000000001101010010100
00101001010110000000011011000011000100110010110101101010011111111001001111001110110011010010100101011000000001101100001100010011001011010110101001111111100100111100111011001101
00010100101111000000000101100001100010011001111010110100001111111110100111100111011001100001010010111100000000010110000110001001100111101011010000111111111010011110011101100110
10001010010011100000001010110000110001001100011101011011000111111101010011110011101100111000101001001110000000101011000011000100110001110101101100011111110101001111001110110011
01000101001001110000001101011000001000100110101110101101100011111100101001111101110110010100010100100111000000110101100000100010011010111010110110001111110010100111110111011001
10100010100000111000000110101100000100010011010111010111110001111110010100111110111011001010001010000011100000011010110000010001001101011101011111000111111001010011111011101100
01010001010000011100000011010110010010001001101011101011111000111111001010011011011101100101000101000001110000001101011001001000100110101110101111100011111100101001101101110110
00101000101000001110000001101011011001000100110101110101111100011111100101001001101110110010100010100000111000000110101101100100010011010111010111110001111110010100100110111011
10010100010000000111000000110101101100100010011010111011111110001111110010100100110111011001010001000000011100000011010110110010001001101011101111111000111111001010010011011101
01001010001000000011101000011010100110010001101101011101111111000101111001010110011011100100101000100000001110100001101010011001000110110101110111111100010111100101011001101110
10100101000000000001111100001101010011001000010110101111111111100000111100101011001101111010010100000000000111110000110101001100100001011010111111111110000011110010101100110111
01010010100100000000110110000110101001100100101011010110111111110010011110010101100110110101001010010000000011011000011010100110010010101101011011111111001001111001010110011011
00111111110001010010101101100110110110000110110000000011101011010100100110010010011110010011111111000101001010110110011011011000011011000000001110101101010010011001001001111001
00011111111000101001011110110011001011000011111000000001110101101000010011001101001111000001111111100010100101111011001100101100001111100000000111010110100001001100110100111100
10001111111100010100100111011001110101100001011100000000111010110110001001100010100111101000111111110001010010011101100111010110000101110000000011101011011000100110001010011110
11000111111010001010011011101100111010110000001110000001011101011001000100110001010011111100011111101000101001101110110011101011000000111000000101110101100100010011000101001111
11100011111101000101001101110110001101011000000111000000101110101100100010011100101001111110001111110100010100110111011000110101100000011100000010111010110010001001110010100111
11110001111010100010100110111011000110101100000011100001010111010110010001001110010100111111000111101010001010011011101100011010110000001110000101011101011001000100111001010011
11111000111001010001010011011101100011010110000001110001101011101011001000100111001010011111100011100101000101001101110110001101011000000111000110101110101100100010011100101001
11111100011100101000101001101110100001101011000000111000110101110101100100010111100101001111110001110010100010100110111010000110101100000011100011010111010110010001011110010100
11111110001010010100011100110111010000110101000000011101011010111000110010001011110010101111111000101001010001110011011101000011010100000001110101101011100011001000101111001010
11111111000101001010000110011011111000011010000000001110101101011110011001000001111001011111111100010100101000011001101111100001101000000000111010110101111001100100000111100101
01111111100010100101001011001101101100001101100000000111010110101101001100100100111100100111111110001010010100101100110110110000110110000000011101011010110100110010010011110010
10110000110110110011011101011010111000000001101100001101101100110111010110101110000000010100111100100100110010001010010100011111111001001111001001001100100010100101000111111110
01011000011111011001101110101101011100000000010110000111110110011011101011010111000000001010011110000010011001000101001010001111111110100111100000100110010001010010100011111111
10101100001011101100110111010110101110000000101011000010111011001101110101101011100000000101001111010001001100100010100101000111111101010011110100010011001000101001010001111111
11010110000101110110011011101011000111000000110101100001011101100110111010110001110000000010100111101000100110010001010011100011111100101001111010001001100100010100111000111111
01101011000110111011000101110101100011100000011010110001101110110001011101011000111000001001010011100100010011101000101001110001111110010100111001000100111010001010011100011111
00110101100011011101101010111010100001110000001101011000110111011010101110101000011100001100101001110010001001010100010101111000111111001010011100100010010101000101011110001111
00011010110001101110111101011101000000111000000110101100011011101111010111010000001110001110010100111001000100001010001011111100011111100101001110010001000010100010111111000111
00001101011100110111010110101110100000011100000011010111001101110101101011101000000111001111001010001100100010100101000101111110001111110010100011001000101001010001011111100011
10000110101110011011101011010111000000001110100001101011100110111010110101110000000011100111100101000110010001010010100011111111000101111001010001100100010100101000111111110001
11000011010011001101110101101011100000000111110000110100110011011101011010111000000001110011110010110011001000101001010001111111100000111100101100110010001010010100011111111000
01100001101101100110111010110101110000000011011000011011011001101110101101011100000000111001111001001001100100010100101000111111110010011110010010011001000101001010001111111100
00100110010101100001100011111111011010110101001001100101011000011000111111110110101101011101100110101001111001110000000010010100101011011001101010011110011100000000100101001010
00010011001010110000110001111111111101011010000100110010101100001100011111111111010110101110110011010100111100111000000000001010010111101100110101001111001110000000000010100101
10001001100101011000011000111111101110101101100010011001010110000110001111111011101011010111011001101010011110011100000001000101001001110110011010100111100111000000010001010010
01000100110110101100001100011111110111010110010001001101101011000011000111111101110101101011101100100101001111001110000000100010100110111011001001010011110011100000001000101001
00100010011011010110001110001111101011101011001000100110110101100011100011111010111010111101110110010010100111000111000001010001010011011101100100101001110001110000010100010100
10010001001001101011001111000111110101110101100100010010011010110011110001111101011101010110111011011001010011000011100000101000101001101110110110010100110000111000001010001010
11001000100000110101101111100011111010111010110010001000001101011011111000111110101110100011011101111100101001000001110000010100010100110111011111001010010000011100000101000101
01100100010000011010111111110001101101011101011001000100000110101111111100011011010111011001101110111110010100000000111001001010001010011011101111100101000000001110010010100010
00110010001100001101011111111000110110101110001100100011000011010111111110001101101011101100110111001111001010000000011100100101000111001101110011110010100000000111001001010001
10011001000110000110101111111100001011010111100110010001100001101011111111000010110101110110011011100111100101000000001111010010100001100110111001111001010000000011110100101000
01001100100011000011010111111110010101101011010011001000110000110101111111100101011010111011001101110011110010100000000110101001010010110011011100111100101000000001101010010100
00101001010110000000011011000011000100110010001010010101100000000110110000110001001100101101011010100111111110010011110011101100110111010110101001111111100100111100111011001101
00010100101111000000000101100001100010011001000101001011110000000001011000011000100110011110101101000011111111101001111001110110011011101011010000111111111010011110011101100110
10001010010011100000001010110000110001001100100010100100111000000010101100001100010011000111010110110001111111010100111100111011001101110101101100011111110101001111001110110011
01000101001001110000001101011000001000100110010001010010011100000011010110000010001001101011101011011000111111001010011111011101100110111010110110001111110010100111110111011001
10100010100000111000000110101100000100010011101000101000001110000001101011000001000100110101110101111100011111100101001111101110110001011101011111000111111001010011111011101100
01010001010000011100000011010110010010001001010100010100000111000000110101100100100010011010111010111110001111110010100110110111011010101110101111100011111100101001101101110110
00101000101000001110000001101011011001000100001010001010000011100000011010110110010001001101011101011111000111111001010010011011101111010111010111110001111110010100100110111011
10010100010000000111000000110101101100100010100101000100000001110000001101011011001000100110101110111111100011111100101001001101110101101011101111111000111111001010010011011101
01001010001000000011101000011010100110010001010010100010000000111010000110101001100100011011010111011111110001011110010101100110111010110101110111111100010111100101011001101110
10100101000000000001111100001101010011001000101001010000000000011111000011010100110010000101101011111111111000001111001010110011011101011010111111111110000011110010101100110111
01010010100100000000110110000110101001100100010100101001000000001101100001101010011001001010110101101111111100100111100101011001101110101101011011111111001001111001010110011011
00111111110001010010101101100110110110000110001111111100010100101011011001101101100001101100000000111010110101001001100100100111100111000000001110101101010010011001001001111001
00011111111000101001011110110011001011000011000111111110001010010111101100110010110000111110000000011101011010000100110011010011110011100000000111010110100001001100110100111100
10001111111100010100100111011001110101100001100011111111000101001001110110011101011000010111000000001110101101100010011000101001111001110000000011101011011000100110001010011110
11000111111010001010011011101100111010110000110001111110100010100110111011001110101100000011100000010111010110010001001100010100111100111000000101110101100100010011000101001111
11100011111101000101001101110110001101011000111000111111010001010011011101100011010110000001110000001011101011001000100111001010011100011100000010111010110010001001110010100111
11110001111010100010100110111011000110101100111100011110101000101001101110110001101011000000111000010101110101100100010011100101001100001110000101011101011001000100111001010011
11111000111001010001010011011101100011010110111110001110010100010100110111011000110101100000011100011010111010110010001001110010100100000111000110101110101100100010011100101001
11111100011100101000101001101110100001101011111111000111001010001010011011101000011010110000001110001101011101011001000101111001010000000011100011010111010110010001011110010100
11111110001010010100011100110111010000110101111111100010100101000111001101110100001101010000000111010110101110001100100010111100101000000001110101101011100011001000101111001010
11111111000101001010000110011011111000011010111111110001010010100001100110111110000110100000000011101011010111100110010000011110010100000000111010110101111001100100000111100101
01111111100010100101001011001101101100001101011111111000101001010010110011011011000011011000000001110101101011010011001001001111001010000000011101011010110100110010010011110010
10110000110110110011011101011010111000000001010011110010010011001000101001010001111111100100111100100100110010001010010100011111111010110000110110110011011101011010111000000001
01011000011111011001101110101101011100000000101001111000001001100100010100101000111111111010011110000010011001000101001010001111111101011000011111011001101110101101011100000000
10101100001011101100110111010110101110000000010100111101000100110010001010010100011111110101001111010001001100100010100101000111111110101100001011101100110111010110101110000000
11010110000101110110011011101011000111000000001010011110100010011001000101001110001111110010100111101000100110010001010011100011111111010110000101110110011011101011000111000000
01101011000110111011000101110101100011100000100101001110010001001110100010100111000111111001010011100100010011101000101001110001111101101011000110111011000101110101100011100000
00110101100011011101101010111010100001110000110010100111001000100101010001010111100011111100101001110010001001010100010101111000111100110101100011011101101010111010100001110000
00011010110001101110111101011101000000111000111001010011100100010000101000101111110001111110010100111001000100001010001011111100011100011010110001101110111101011101000000111000
00001101011100110111010110101110100000011100111100101000110010001010010100010111111000111111001010001100100010100101000101111110001100001101011100110111010110101110100000011100
10000110101110011011101011010111000000001110011110010100011001000101001010001111111100010111100101000110010001010010100011111111000110000110101110011011101011010111000000001110
11000011010011001101110101101011100000000111001111001011001100100010100101000111111110000011110010110011001000101001010001111111100011000011010011001101110101101011100000000111
01100001101101100110111010110101110000000011100111100100100110010001010010100011111111001001111001001001100100010100101000111111110001100001101101100110111010110101110000000011
00100110010101100001100011111111011010110101110110011010100111100111000000001001010010101101100110101001111001110000000010010100101000100110010101100001100011111111011010110101
00010011001010110000110001111111111101011010111011001101010011110011100000000000101001011110110011010100111100111000000000001010010100010011001010110000110001111111111101011010
10001001100101011000011000111111101110101101011101100110101001111001110000000100010100100111011001101010011110011100000001000101001010001001100101011000011000111111101110101101
01000100110110101100001100011111110111010110101110110010010100111100111000000010001010011011101100100101001111001110000000100010100101000100110110101100001100011111110111010110
00100010011011010110001110001111101011101011110111011001001010011100011100000101000101001101110110010010100111000111000001010001010000100010011011010110001110001111101011101011
10010001001001101011001111000111110101110101011011101101100101001100001110000010100010100110111011011001010011000011100000101000101010010001001001101011001111000111110101110101
11001000100000110101101111100011111010111010001101110111110010100100000111000001010001010011011101111100101001000001110000010100010111001000100000110101101111100011111010111010
01100100010000011010111111110001101101011101100110111011111001010000000011100100101000101001101110111110010100000000111001001010001001100100010000011010111111110001101101011101
00110010001100001101011111111000110110101110110011011100111100101000000001110010010100011100110111001111001010000000011100100101000100110010001100001101011111111000110110101110
10011001000110000110101111111100001011010111011001101110011110010100000000111101001010000110011011100111100101000000001111010010100010011001000110000110101111111100001011010111
01001100100011000011010111111110010101101011101100110111001111001010000000011010100101001011001101110011110010100000000110101001010001001100100011000011010111111110010101101011
00101001010110000000011011000011000100110010110101101010011111111001001111001110110011011101011010100111111110010011110011101100110100101001010110000000011011000011000100110010
00010100101111000000000101100001100010011001111010110100001111111110100111100111011001101110101101000011111111101001111001110110011000010100101111000000000101100001100010011001
10001010010011100000001010110000110001001100011101011011000111111101010011110011101100110111010110110001111111010100111100111011001110001010010011100000001010110000110001001100
01000101001001110000001101011000001000100110101110101101100011111100101001111101110110011011101011011000111111001010011111011101100101000101001001110000001101011000001000100110
10100010100000111000000110101100000100010011010111010111110001111110010100111110111011000101110101111100011111100101001111101110110010100010100000111000000110101100000100010011
01010001010000011100000011010110010010001001101011101011111000111111001010011011011101101010111010111110001111110010100110110111011001010001010000011100000011010110010010001001
00101000101000001110000001101011011001000100110101110101111100011111100101001001101110111101011101011111000111111001010010011011101100101000101000001110000001101011011001000100
10010100010000000111000000110101101100100010011010111011111110001111110010100100110111010110101110111111100011111100101001001101110110010100010000000111000000110101101100100010
01001010001000000011101000011010100110010001101101011101111111000101111001010110011011101011010111011111110001011110010101100110111001001010001000000011101000011010100110010001
10100101000000000001111100001101010011001000010110101111111111100000111100101011001101110101101011111111111000001111001010110011011110100101000000000001111100001101010011001000
01010010100100000000110110000110101001100100101011010110111111110010011110010101100110111010110101101111111100100111100101011001101101010010100100000000110110000110101001100100
00111111110001010010101101100110110110000110110000000011101011010100100110010010011110011100000000111010110101001001100100100111100100111111110001010010101101100110110110000110
00011111111000101001011110110011001011000011111000000001110101101000010011001101001111001110000000011101011010000100110011010011110000011111111000101001011110110011001011000011
10001111111100010100100111011001110101100001011100000000111010110110001001100010100111100111000000001110101101100010011000101001111010001111111100010100100111011001110101100001
11000111111010001010011011101100111010110000001110000001011101011001000100110001010011110011100000010111010110010001001100010100111111000111111010001010011011101100111010110000
11100011111101000101001101110110001101011000000111000000101110101100100010011100101001110001110000001011101011001000100111001010011111100011111101000101001101110110001101011000
11110001111010100010100110111011000110101100000011100001010111010110010001001110010100110000111000010101110101100100010011100101001111110001111010100010100110111011000110101100
11111000111001010001010011011101100011010110000001110001101011101011001000100111001010010000011100011010111010110010001001110010100111111000111001010001010011011101100011010110
11111100011100101000101001101110100001101011000000111000110101110101100100010111100101000000001110001101011101011001000101111001010011111100011100101000101001101110100001101011
11111110001010010100011100110111010000110101000000011101011010111000110010001011110010100000000111010110101110001100100010111100101011111110001010010100011100110111010000110101
11111111000101001010000110011011111000011010000000001110101101011110011001000001111001010000000011101011010111100110010000011110010111111111000101001010000110011011111000011010
01111111100010100101001011001101101100001101100000000111010110101101001100100100111100101000000001110101101011010011001001001111001001111111100010100101001011001101101100001101
