0000000000000000
0101010101010101
0011001100110011
0110011001100110
0000111100001111
0101101001011010
0011110000111100
0110100101101001
0000000011111111
0001011111101000
0010111011010001
0011100111000110
0100101110110100
0101110010100011
0110010110011010
0111001010001101
1111111111111111
1010101010101010
1100110011001100
1001100110011001
1111000011110000
1010010110100101
1100001111000011
1001011010010110
1111111100000000
1110100000010111
1101000100101110
1100011000111001
1011010001001011
1010001101011100
1001101001100101
1000110101110010
