011111111111111111111111111111111111111111111111111111111111111111111111111111111111111111111111111111111111111111111111111111111111111111111111111111111111111111111111111111111111111111111111
001111110111011011110100111110010101010011001011011111010000110001101110010010111110001100010100011101011100111000001011011000100111001111010000010010110011010101011000001101000010010001000000
000111111011101101111010011111001010101001100101101111101000011000110111001001011111000110001010001110101110011100000101101100010011100111101000001001011001101010101100000110100001001000100000
000011111101110110111101001111100101010100110010110111110100001100011011100100101111100011000101000111010111001110000010110110001001110011110100000100101100110101010110000011010000100100010000
000001111110111011011110100111110010101010011001011011111010000110001101110010010111110001100010100011101011100111000001011011000100111001111010000010010110011010101011000001101000010010001000
000000111111011101101111010011111001010101001100101101111101000011000110111001001011111000110001010001110101110011100000101101100010011100111101000001001011001101010101100000110100001001000100
000000011111101110110111101001111100101010100110010110111110100001100011011100100101111100011000101000111010111001110000010110110001001110011110100000100101100110101010110000011010000100100010
000000001111110111011011110100111110010101010011001011011111010000110001101110010010111110001100010100011101011100111000001011011000100111001111010000010010110011010101011000001101000010010001
010000000111111011101101111010011111001010101001100101101111101000011000110111001001011111000110001010001110101110011100000101101100010011100111101000001001011001101010101100000110100001001000
001000000011111101110110111101001111100101010100110010110111110100001100011011100100101111100011000101000111010111001110000010110110001001110011110100000100101100110101010110000011010000100100
000100000001111110111011011110100111110010101010011001011011111010000110001101110010010111110001100010100011101011100111000001011011000100111001111010000010010110011010101011000001101000010010
000010000000111111011101101111010011111001010101001100101101111101000011000110111001001011111000110001010001110101110011100000101101100010011100111101000001001011001101010101100000110100001001
010001000000011111101110110111101001111100101010100110010110111110100001100011011100100101111100011000101000111010111001110000010110110001001110011110100000100101100110101010110000011010000100
001000100000001111110111011011110100111110010101010011001011011111010000110001101110010010111110001100010100011101011100111000001011011000100111001111010000010010110011010101011000001101000010
000100010000000111111011101101111010011111001010101001100101101111101000011000110111001001011111000110001010001110101110011100000101101100010011100111101000001001011001101010101100000110100001
010010001000000011111101110110111101001111100101010100110010110111110100001100011011100100101111100011000101000111010111001110000010110110001001110011110100000100101100110101010110000011010000
001001000100000001111110111011011110100111110010101010011001011011111010000110001101110010010111110001100010100011101011100111000001011011000100111001111010000010010110011010101011000001101000
000100100010000000111111011101101111010011111001010101001100101101111101000011000110111001001011111000110001010001110101110011100000101101100010011100111101000001001011001101010101100000110100
000010010001000000011111101110110111101001111100101010100110010110111110100001100011011100100101111100011000101000111010111001110000010110110001001110011110100000100101100110101010110000011010
000001001000100000001111110111011011110100111110010101010011001011011111010000110001101110010010111110001100010100011101011100111000001011011000100111001111010000010010110011010101011000001101
010000100100010000000111111011101101111010011111001010101001100101101111101000011000110111001001011111000110001010001110101110011100000101101100010011100111101000001001011001101010101100000110
001000010010001000000011111101110110111101001111100101010100110010110111110100001100011011100100101111100011000101000111010111001110000010110110001001110011110100000100101100110101010110000011
010100001001000100000001111110111011011110100111110010101010011001011011111010000110001101110010010111110001100010100011101011100111000001011011000100111001111010000010010110011010101011000001
011010000100100010000000111111011101101111010011111001010101001100101101111101000011000110111001001011111000110001010001110101110011100000101101100010011100111101000001001011001101010101100000
001101000010010001000000011111101110110111101001111100101010100110010110111110100001100011011100100101111100011000101000111010111001110000010110110001001110011110100000100101100110101010110000
000110100001001000100000001111110111011011110100111110010101010011001011011111010000110001101110010010111110001100010100011101011100111000001011011000100111001111010000010010110011010101011000
000011010000100100010000000111111011101101111010011111001010101001100101101111101000011000110111001001011111000110001010001110101110011100000101101100010011100111101000001001011001101010101100
000001101000010010001000000011111101110110111101001111100101010100110010110111110100001100011011100100101111100011000101000111010111001110000010110110001001110011110100000100101100110101010110
000000110100001001000100000001111110111011011110100111110010101010011001011011111010000110001101110010010111110001100010100011101011100111000001011011000100111001111010000010010110011010101011
010000011010000100100010000000111111011101101111010011111001010101001100101101111101000011000110111001001011111000110001010001110101110011100000101101100010011100111101000001001011001101010101
011000001101000010010001000000011111101110110111101001111100101010100110010110111110100001100011011100100101111100011000101000111010111001110000010110110001001110011110100000100101100110101010
001100000110100001001000100000001111110111011011110100111110010101010011001011011111010000110001101110010010111110001100010100011101011100111000001011011000100111001111010000010010110011010101
010110000011010000100100010000000111111011101101111010011111001010101001100101101111101000011000110111001001011111000110001010001110101110011100000101101100010011100111101000001001011001101010
001011000001101000010010001000000011111101110110111101001111100101010100110010110111110100001100011011100100101111100011000101000111010111001110000010110110001001110011110100000100101100110101
010101100000110100001001000100000001111110111011011110100111110010101010011001011011111010000110001101110010010111110001100010100011101011100111000001011011000100111001111010000010010110011010
001010110000011010000100100010000000111111011101101111010011111001010101001100101101111101000011000110111001001011111000110001010001110101110011100000101101100010011100111101000001001011001101
010101011000001101000010010001000000011111101110110111101001111100101010100110010110111110100001100011011100100101111100011000101000111010111001110000010110110001001110011110100000100101100110
001010101100000110100001001000100000001111110111011011110100111110010101010011001011011111010000110001101110010010111110001100010100011101011100111000001011011000100111001111010000010010110011
010101010110000011010000100100010000000111111011101101111010011111001010101001100101101111101000011000110111001001011111000110001010001110101110011100000101101100010011100111101000001001011001
011010101011000001101000010010001000000011111101110110111101001111100101010100110010110111110100001100011011100100101111100011000101000111010111001110000010110110001001110011110100000100101100
001101010101100000110100001001000100000001111110111011011110100111110010101010011001011011111010000110001101110010010111110001100010100011101011100111000001011011000100111001111010000010010110
000110101010110000011010000100100010000000111111011101101111010011111001010101001100101101111101000011000110111001001011111000110001010001110101110011100000101101100010011100111101000001001011
010011010101011000001101000010010001000000011111101110110111101001111100101010100110010110111110100001100011011100100101111100011000101000111010111001110000010110110001001110011110100000100101
011001101010101100000110100001001000100000001111110111011011110100111110010101010011001011011111010000110001101110010010111110001100010100011101011100111000001011011000100111001111010000010010
001100110101010110000011010000100100010000000111111011101101111010011111001010101001100101101111101000011000110111001001011111000110001010001110101110011100000101101100010011100111101000001001
010110011010101011000001101000010010001000000011111101110110111101001111100101010100110010110111110100001100011011100100101111100011000101000111010111001110000010110110001001110011110100000100
001011001101010101100000110100001001000100000001111110111011011110100111110010101010011001011011111010000110001101110010010111110001100010100011101011100111000001011011000100111001111010000010
000101100110101010110000011010000100100010000000111111011101101111010011111001010101001100101101111101000011000110111001001011111000110001010001110101110011100000101101100010011100111101000001
010010110011010101011000001101000010010001000000011111101110110111101001111100101010100110010110111110100001100011011100100101111100011000101000111010111001110000010110110001001110011110100000
001001011001101010101100000110100001001000100000001111110111011011110100111110010101010011001011011111010000110001101110010010111110001100010100011101011100111000001011011000100111001111010000
000100101100110101010110000011010000100100010000000111111011101101111010011111001010101001100101101111101000011000110111001001011111000110001010001110101110011100000101101100010011100111101000
000010010110011010101011000001101000010010001000000011111101110110111101001111100101010100110010110111110100001100011011100100101111100011000101000111010111001110000010110110001001110011110100
000001001011001101010101100000110100001001000100000001111110111011011110100111110010101010011001011011111010000110001101110010010111110001100010100011101011100111000001011011000100111001111010
000000100101100110101010110000011010000100100010000000111111011101101111010011111001010101001100101101111101000011000110111001001011111000110001010001110101110011100000101101100010011100111101
010000010010110011010101011000001101000010010001000000011111101110110111101001111100101010100110010110111110100001100011011100100101111100011000101000111010111001110000010110110001001110011110
001000001001011001101010101100000110100001001000100000001111110111011011110100111110010101010011001011011111010000110001101110010010111110001100010100011101011100111000001011011000100111001111
010100000100101100110101010110000011010000100100010000000111111011101101111010011111001010101001100101101111101000011000110111001001011111000110001010001110101110011100000101101100010011100111
011010000010010110011010101011000001101000010010001000000011111101110110111101001111100101010100110010110111110100001100011011100100101111100011000101000111010111001110000010110110001001110011
011101000001001011001101010101100000110100001001000100000001111110111011011110100111110010101010011001011011111010000110001101110010010111110001100010100011101011100111000001011011000100111001
011110100000100101100110101010110000011010000100100010000000111111011101101111010011111001010101001100101101111101000011000110111001001011111000110001010001110101110011100000101101100010011100
001111010000010010110011010101011000001101000010010001000000011111101110110111101001111100101010100110010110111110100001100011011100100101111100011000101000111010111001110000010110110001001110
000111101000001001011001101010101100000110100001001000100000001111110111011011110100111110010101010011001011011111010000110001101110010010111110001100010100011101011100111000001011011000100111
010011110100000100101100110101010110000011010000100100010000000111111011101101111010011111001010101001100101101111101000011000110111001001011111000110001010001110101110011100000101101100010011
011001111010000010010110011010101011000001101000010010001000000011111101110110111101001111100101010100110010110111110100001100011011100100101111100011000101000111010111001110000010110110001001
011100111101000001001011001101010101100000110100001001000100000001111110111011011110100111110010101010011001011011111010000110001101110010010111110001100010100011101011100111000001011011000100
001110011110100000100101100110101010110000011010000100100010000000111111011101101111010011111001010101001100101101111101000011000110111001001011111000110001010001110101110011100000101101100010
000111001111010000010010110011010101011000001101000010010001000000011111101110110111101001111100101010100110010110111110100001100011011100100101111100011000101000111010111001110000010110110001
010011100111101000001001011001101010101100000110100001001000100000001111110111011011110100111110010101010011001011011111010000110001101110010010111110001100010100011101011100111000001011011000
001001110011110100000100101100110101010110000011010000100100010000000111111011101101111010011111001010101001100101101111101000011000110111001001011111000110001010001110101110011100000101101100
000100111001111010000010010110011010101011000001101000010010001000000011111101110110111101001111100101010100110010110111110100001100011011100100101111100011000101000111010111001110000010110110
000010011100111101000001001011001101010101100000110100001001000100000001111110111011011110100111110010101010011001011011111010000110001101110010010111110001100010100011101011100111000001011011
010001001110011110100000100101100110101010110000011010000100100010000000111111011101101111010011111001010101001100101101111101000011000110111001001011111000110001010001110101110011100000101101
011000100111001111010000010010110011010101011000001101000010010001000000011111101110110111101001111100101010100110010110111110100001100011011100100101111100011000101000111010111001110000010110
001100010011100111101000001001011001101010101100000110100001001000100000001111110111011011110100111110010101010011001011011111010000110001101110010010111110001100010100011101011100111000001011
010110001001110011110100000100101100110101010110000011010000100100010000000111111011101101111010011111001010101001100101101111101000011000110111001001011111000110001010001110101110011100000101
011011000100111001111010000010010110011010101011000001101000010010001000000011111101110110111101001111100101010100110010110111110100001100011011100100101111100011000101000111010111001110000010
001101100010011100111101000001001011001101010101100000110100001001000100000001111110111011011110100111110010101010011001011011111010000110001101110010010111110001100010100011101011100111000001
010110110001001110011110100000100101100110101010110000011010000100100010000000111111011101101111010011111001010101001100101101111101000011000110111001001011111000110001010001110101110011100000
001011011000100111001111010000010010110011010101011000001101000010010001000000011111101110110111101001111100101010100110010110111110100001100011011100100101111100011000101000111010111001110000
000101101100010011100111101000001001011001101010101100000110100001001000100000001111110111011011110100111110010101010011001011011111010000110001101110010010111110001100010100011101011100111000
000010110110001001110011110100000100101100110101010110000011010000100100010000000111111011101101111010011111001010101001100101101111101000011000110111001001011111000110001010001110101110011100
000001011011000100111001111010000010010110011010101011000001101000010010001000000011111101110110111101001111100101010100110010110111110100001100011011100100101111100011000101000111010111001110
000000101101100010011100111101000001001011001101010101100000110100001001000100000001111110111011011110100111110010101010011001011011111010000110001101110010010111110001100010100011101011100111
010000010110110001001110011110100000100101100110101010110000011010000100100010000000111111011101101111010011111001010101001100101101111101000011000110111001001011111000110001010001110101110011
011000001011011000100111001111010000010010110011010101011000001101000010010001000000011111101110110111101001111100101010100110010110111110100001100011011100100101111100011000101000111010111001
011100000101101100010011100111101000001001011001101010101100000110100001001000100000001111110111011011110100111110010101010011001011011111010000110001101110010010111110001100010100011101011100
001110000010110110001001110011110100000100101100110101010110000011010000100100010000000111111011101101111010011111001010101001100101101111101000011000110111001001011111000110001010001110101110
000111000001011011000100111001111010000010010110011010101011000001101000010010001000000011111101110110111101001111100101010100110010110111110100001100011011100100101111100011000101000111010111
010011100000101101100010011100111101000001001011001101010101100000110100001001000100000001111110111011011110100111110010101010011001011011111010000110001101110010010111110001100010100011101011
011001110000010110110001001110011110100000100101100110101010110000011010000100100010000000111111011101101111010011111001010101001100101101111101000011000110111001001011111000110001010001110101
011100111000001011011000100111001111010000010010110011010101011000001101000010010001000000011111101110110111101001111100101010100110010110111110100001100011011100100101111100011000101000111010
001110011100000101101100010011100111101000001001011001101010101100000110100001001000100000001111110111011011110100111110010101010011001011011111010000110001101110010010111110001100010100011101
010111001110000010110110001001110011110100000100101100110101010110000011010000100100010000000111111011101101111010011111001010101001100101101111101000011000110111001001011111000110001010001110
001011100111000001011011000100111001111010000010010110011010101011000001101000010010001000000011111101110110111101001111100101010100110010110111110100001100011011100100101111100011000101000111
010101110011100000101101100010011100111101000001001011001101010101100000110100001001000100000001111110111011011110100111110010101010011001011011111010000110001101110010010111110001100010100011
011010111001110000010110110001001110011110100000100101100110101010110000011010000100100010000000111111011101101111010011111001010101001100101101111101000011000110111001001011111000110001010001
011101011100111000001011011000100111001111010000010010110011010101011000001101000010010001000000011111101110110111101001111100101010100110010110111110100001100011011100100101111100011000101000
001110101110011100000101101100010011100111101000001001011001101010101100000110100001001000100000001111110111011011110100111110010101010011001011011111010000110001101110010010111110001100010100
000111010111001110000010110110001001110011110100000100101100110101010110000011010000100100010000000111111011101101111010011111001010101001100101101111101000011000110111001001011111000110001010
000011101011100111000001011011000100111001111010000010010110011010101011000001101000010010001000000011111101110110111101001111100101010100110010110111110100001100011011100100101111100011000101
010001110101110011100000101101100010011100111101000001001011001101010101100000110100001001000100000001111110111011011110100111110010101010011001011011111010000110001101110010010111110001100010
001000111010111001110000010110110001001110011110100000100101100110101010110000011010000100100010000000111111011101101111010011111001010101001100101101111101000011000110111001001011111000110001
010100011101011100111000001011011000100111001111010000010010110011010101011000001101000010010001000000011111101110110111101001111100101010100110010110111110100001100011011100100101111100011000
001010001110101110011100000101101100010011100111101000001001011001101010101100000110100001001000100000001111110111011011110100111110010101010011001011011111010000110001101110010010111110001100
000101000111010111001110000010110110001001110011110100000100101100110101010110000011010000100100010000000111111011101101111010011111001010101001100101101111101000011000110111001001011111000110
000010100011101011100111000001011011000100111001111010000010010110011010101011000001101000010010001000000011111101110110111101001111100101010100110010110111110100001100011011100100101111100011
010001010001110101110011100000101101100010011100111101000001001011001101010101100000110100001001000100000001111110111011011110100111110010101010011001011011111010000110001101110010010111110001
011000101000111010111001110000010110110001001110011110100000100101100110101010110000011010000100100010000000111111011101101111010011111001010101001100101101111101000011000110111001001011111000
001100010100011101011100111000001011011000100111001111010000010010110011010101011000001101000010010001000000011111101110110111101001111100101010100110010110111110100001100011011100100101111100
000110001010001110101110011100000101101100010011100111101000001001011001101010101100000110100001001000100000001111110111011011110100111110010101010011001011011111010000110001101110010010111110
000011000101000111010111001110000010110110001001110011110100000100101100110101010110000011010000100100010000000111111011101101111010011111001010101001100101101111101000011000110111001001011111
010001100010100011101011100111000001011011000100111001111010000010010110011010101011000001101000010010001000000011111101110110111101001111100101010100110010110111110100001100011011100100101111
011000110001010001110101110011100000101101100010011100111101000001001011001101010101100000110100001001000100000001111110111011011110100111110010101010011001011011111010000110001101110010010111
011100011000101000111010111001110000010110110001001110011110100000100101100110101010110000011010000100100010000000111111011101101111010011111001010101001100101101111101000011000110111001001011
011110001100010100011101011100111000001011011000100111001111010000010010110011010101011000001101000010010001000000011111101110110111101001111100101010100110010110111110100001100011011100100101
011111000110001010001110101110011100000101101100010011100111101000001001011001101010101100000110100001001000100000001111110111011011110100111110010101010011001011011111010000110001101110010010
001111100011000101000111010111001110000010110110001001110011110100000100101100110101010110000011010000100100010000000111111011101101111010011111001010101001100101101111101000011000110111001001
010111110001100010100011101011100111000001011011000100111001111010000010010110011010101011000001101000010010001000000011111101110110111101001111100101010100110010110111110100001100011011100100
001011111000110001010001110101110011100000101101100010011100111101000001001011001101010101100000110100001001000100000001111110111011011110100111110010101010011001011011111010000110001101110010
000101111100011000101000111010111001110000010110110001001110011110100000100101100110101010110000011010000100100010000000111111011101101111010011111001010101001100101101111101000011000110111001
010010111110001100010100011101011100111000001011011000100111001111010000010010110011010101011000001101000010010001000000011111101110110111101001111100101010100110010110111110100001100011011100
001001011111000110001010001110101110011100000101101100010011100111101000001001011001101010101100000110100001001000100000001111110111011011110100111110010101010011001011011111010000110001101110
000100101111100011000101000111010111001110000010110110001001110011110100000100101100110101010110000011010000100100010000000111111011101101111010011111001010101001100101101111101000011000110111
010010010111110001100010100011101011100111000001011011000100111001111010000010010110011010101011000001101000010010001000000011111101110110111101001111100101010100110010110111110100001100011011
011001001011111000110001010001110101110011100000101101100010011100111101000001001011001101010101100000110100001001000100000001111110111011011110100111110010101010011001011011111010000110001101
011100100101111100011000101000111010111001110000010110110001001110011110100000100101100110101010110000011010000100100010000000111111011101101111010011111001010101001100101101111101000011000110
001110010010111110001100010100011101011100111000001011011000100111001111010000010010110011010101011000001101000010010001000000011111101110110111101001111100101010100110010110111110100001100011
010111001001011111000110001010001110101110011100000101101100010011100111101000001001011001101010101100000110100001001000100000001111110111011011110100111110010101010011001011011111010000110001
011011100100101111100011000101000111010111001110000010110110001001110011110100000100101100110101010110000011010000100100010000000111111011101101111010011111001010101001100101101111101000011000
001101110010010111110001100010100011101011100111000001011011000100111001111010000010010110011010101011000001101000010010001000000011111101110110111101001111100101010100110010110111110100001100
000110111001001011111000110001010001110101110011100000101101100010011100111101000001001011001101010101100000110100001001000100000001111110111011011110100111110010101010011001011011111010000110
000011011100100101111100011000101000111010111001110000010110110001001110011110100000100101100110101010110000011010000100100010000000111111011101101111010011111001010101001100101101111101000011
010001101110010010111110001100010100011101011100111000001011011000100111001111010000010010110011010101011000001101000010010001000000011111101110110111101001111100101010100110010110111110100001
011000110111001001011111000110001010001110101110011100000101101100010011100111101000001001011001101010101100000110100001001000100000001111110111011011110100111110010101010011001011011111010000
001100011011100100101111100011000101000111010111001110000010110110001001110011110100000100101100110101010110000011010000100100010000000111111011101101111010011111001010101001100101101111101000
000110001101110010010111110001100010100011101011100111000001011011000100111001111010000010010110011010101011000001101000010010001000000011111101110110111101001111100101010100110010110111110100
000011000110111001001011111000110001010001110101110011100000101101100010011100111101000001001011001101010101100000110100001001000100000001111110111011011110100111110010101010011001011011111010
000001100011011100100101111100011000101000111010111001110000010110110001001110011110100000100101100110101010110000011010000100100010000000111111011101101111010011111001010101001100101101111101
010000110001101110010010111110001100010100011101011100111000001011011000100111001111010000010010110011010101011000001101000010010001000000011111101110110111101001111100101010100110010110111110
001000011000110111001001011111000110001010001110101110011100000101101100010011100111101000001001011001101010101100000110100001001000100000001111110111011011110100111110010101010011001011011111
010100001100011011100100101111100011000101000111010111001110000010110110001001110011110100000100101100110101010110000011010000100100010000000111111011101101111010011111001010101001100101101111
011010000110001101110010010111110001100010100011101011100111000001011011000100111001111010000010010110011010101011000001101000010010001000000011111101110110111101001111100101010100110010110111
011101000011000110111001001011111000110001010001110101110011100000101101100010011100111101000001001011001101010101100000110100001001000100000001111110111011011110100111110010101010011001011011
011110100001100011011100100101111100011000101000111010111001110000010110110001001110011110100000100101100110101010110000011010000100100010000000111111011101101111010011111001010101001100101101
011111010000110001101110010010111110001100010100011101011100111000001011011000100111001111010000010010110011010101011000001101000010010001000000011111101110110111101001111100101010100110010110
001111101000011000110111001001011111000110001010001110101110011100000101101100010011100111101000001001011001101010101100000110100001001000100000001111110111011011110100111110010101010011001011
010111110100001100011011100100101111100011000101000111010111001110000010110110001001110011110100000100101100110101010110000011010000100100010000000111111011101101111010011111001010101001100101
011011111010000110001101110010010111110001100010100011101011100111000001011011000100111001111010000010010110011010101011000001101000010010001000000011111101110110111101001111100101010100110010
001101111101000011000110111001001011111000110001010001110101110011100000101101100010011100111101000001001011001101010101100000110100001001000100000001111110111011011110100111110010101010011001
010110111110100001100011011100100101111100011000101000111010111001110000010110110001001110011110100000100101100110101010110000011010000100100010000000111111011101101111010011111001010101001100
001011011111010000110001101110010010111110001100010100011101011100111000001011011000100111001111010000010010110011010101011000001101000010010001000000011111101110110111101001111100101010100110
000101101111101000011000110111001001011111000110001010001110101110011100000101101100010011100111101000001001011001101010101100000110100001001000100000001111110111011011110100111110010101010011
010010110111110100001100011011100100101111100011000101000111010111001110000010110110001001110011110100000100101100110101010110000011010000100100010000000111111011101101111010011111001010101001
011001011011111010000110001101110010010111110001100010100011101011100111000001011011000100111001111010000010010110011010101011000001101000010010001000000011111101110110111101001111100101010100
001100101101111101000011000110111001001011111000110001010001110101110011100000101101100010011100111101000001001011001101010101100000110100001001000100000001111110111011011110100111110010101010
000110010110111110100001100011011100100101111100011000101000111010111001110000010110110001001110011110100000100101100110101010110000011010000100100010000000111111011101101111010011111001010101
010011001011011111010000110001101110010010111110001100010100011101011100111000001011011000100111001111010000010010110011010101011000001101000010010001000000011111101110110111101001111100101010
001001100101101111101000011000110111001001011111000110001010001110101110011100000101101100010011100111101000001001011001101010101100000110100001001000100000001111110111011011110100111110010101
010100110010110111110100001100011011100100101111100011000101000111010111001110000010110110001001110011110100000100101100110101010110000011010000100100010000000111111011101101111010011111001010
001010011001011011111010000110001101110010010111110001100010100011101011100111000001011011000100111001111010000010010110011010101011000001101000010010001000000011111101110110111101001111100101
010101001100101101111101000011000110111001001011111000110001010001110101110011100000101101100010011100111101000001001011001101010101100000110100001001000100000001111110111011011110100111110010
001010100110010110111110100001100011011100100101111100011000101000111010111001110000010110110001001110011110100000100101100110101010110000011010000100100010000000111111011101101111010011111001
010101010011001011011111010000110001101110010010111110001100010100011101011100111000001011011000100111001111010000010010110011010101011000001101000010010001000000011111101110110111101001111100
001010101001100101101111101000011000110111001001011111000110001010001110101110011100000101101100010011100111101000001001011001101010101100000110100001001000100000001111110111011011110100111110
000101010100110010110111110100001100011011100100101111100011000101000111010111001110000010110110001001110011110100000100101100110101010110000011010000100100010000000111111011101101111010011111
010010101010011001011011111010000110001101110010010111110001100010100011101011100111000001011011000100111001111010000010010110011010101011000001101000010010001000000011111101110110111101001111
011001010101001100101101111101000011000110111001001011111000110001010001110101110011100000101101100010011100111101000001001011001101010101100000110100001001000100000001111110111011011110100111
011100101010100110010110111110100001100011011100100101111100011000101000111010111001110000010110110001001110011110100000100101100110101010110000011010000100100010000000111111011101101111010011
011110010101010011001011011111010000110001101110010010111110001100010100011101011100111000001011011000100111001111010000010010110011010101011000001101000010010001000000011111101110110111101001
011111001010101001100101101111101000011000110111001001011111000110001010001110101110011100000101101100010011100111101000001001011001101010101100000110100001001000100000001111110111011011110100
001111100101010100110010110111110100001100011011100100101111100011000101000111010111001110000010110110001001110011110100000100101100110101010110000011010000100100010000000111111011101101111010
000111110010101010011001011011111010000110001101110010010111110001100010100011101011100111000001011011000100111001111010000010010110011010101011000001101000010010001000000011111101110110111101
010011111001010101001100101101111101000011000110111001001011111000110001010001110101110011100000101101100010011100111101000001001011001101010101100000110100001001000100000001111110111011011110
001001111100101010100110010110111110100001100011011100100101111100011000101000111010111001110000010110110001001110011110100000100101100110101010110000011010000100100010000000111111011101101111
010100111110010101010011001011011111010000110001101110010010111110001100010100011101011100111000001011011000100111001111010000010010110011010101011000001101000010010001000000011111101110110111
011010011111001010101001100101101111101000011000110111001001011111000110001010001110101110011100000101101100010011100111101000001001011001101010101100000110100001001000100000001111110111011011
011101001111100101010100110010110111110100001100011011100100101111100011000101000111010111001110000010110110001001110011110100000100101100110101010110000011010000100100010000000111111011101101
011110100111110010101010011001011011111010000110001101110010010111110001100010100011101011100111000001011011000100111001111010000010010110011010101011000001101000010010001000000011111101110110
001111010011111001010101001100101101111101000011000110111001001011111000110001010001110101110011100000101101100010011100111101000001001011001101010101100000110100001001000100000001111110111011
010111101001111100101010100110010110111110100001100011011100100101111100011000101000111010111001110000010110110001001110011110100000100101100110101010110000011010000100100010000000111111011101
011011110100111110010101010011001011011111010000110001101110010010111110001100010100011101011100111000001011011000100111001111010000010010110011010101011000001101000010010001000000011111101110
001101111010011111001010101001100101101111101000011000110111001001011111000110001010001110101110011100000101101100010011100111101000001001011001101010101100000110100001001000100000001111110111
010110111101001111100101010100110010110111110100001100011011100100101111100011000101000111010111001110000010110110001001110011110100000100101100110101010110000011010000100100010000000111111011
011011011110100111110010101010011001011011111010000110001101110010010111110001100010100011101011100111000001011011000100111001111010000010010110011010101011000001101000010010001000000011111101
011101101111010011111001010101001100101101111101000011000110111001001011111000110001010001110101110011100000101101100010011100111101000001001011001101010101100000110100001001000100000001111110
001110110111101001111100101010100110010110111110100001100011011100100101111100011000101000111010111001110000010110110001001110011110100000100101100110101010110000011010000100100010000000111111
010111011011110100111110010101010011001011011111010000110001101110010010111110001100010100011101011100111000001011011000100111001111010000010010110011010101011000001101000010010001000000011111
011011101101111010011111001010101001100101101111101000011000110111001001011111000110001010001110101110011100000101101100010011100111101000001001011001101010101100000110100001001000100000001111
011101110110111101001111100101010100110010110111110100001100011011100100101111100011000101000111010111001110000010110110001001110011110100000100101100110101010110000011010000100100010000000111
011110111011011110100111110010101010011001011011111010000110001101110010010111110001100010100011101011100111000001011011000100111001111010000010010110011010101011000001101000010010001000000011
011111011101101111010011111001010101001100101101111101000011000110111001001011111000110001010001110101110011100000101101100010011100111101000001001011001101010101100000110100001001000100000001
011111101110110111101001111100101010100110010110111110100001100011011100100101111100011000101000111010111001110000010110110001001110011110100000100101100110101010110000011010000100100010000000
100000000000000000000000000000000000000000000000000000000000000000000000000000000000000000000000000000000000000000000000000000000000000000000000000000000000000000000000000000000000000000000000
110000001000100100001011000001101010101100110100100000101111001110010001101101000001110011101011100010100011000111110100100111011000110000101111101101001100101010100111110010111101101110111111
111000000100010010000101100000110101010110011010010000010111100111001000110110100000111001110101110001010001100011111010010011101100011000010111110110100110010101010011111001011110110111011111
111100000010001001000010110000011010101011001101001000001011110011100100011011010000011100111010111000101000110001111101001001110110001100001011111011010011001010101001111100101111011011101111
111110000001000100100001011000001101010101100110100100000101111001110010001101101000001110011101011100010100011000111110100100111011000110000101111101101001100101010100111110010111101101110111
111111000000100010010000101100000110101010110011010010000010111100111001000110110100000111001110101110001010001100011111010010011101100011000010111110110100110010101010011111001011110110111011
111111100000010001001000010110000011010101011001101001000001011110011100100011011010000011100111010111000101000110001111101001001110110001100001011111011010011001010101001111100101111011011101
111111110000001000100100001011000001101010101100110100100000101111001110010001101101000001110011101011100010100011000111110100100111011000110000101111101101001100101010100111110010111101101110
101111111000000100010010000101100000110101010110011010010000010111100111001000110110100000111001110101110001010001100011111010010011101100011000010111110110100110010101010011111001011110110111
110111111100000010001001000010110000011010101011001101001000001011110011100100011011010000011100111010111000101000110001111101001001110110001100001011111011010011001010101001111100101111011011
111011111110000001000100100001011000001101010101100110100100000101111001110010001101101000001110011101011100010100011000111110100100111011000110000101111101101001100101010100111110010111101101
111101111111000000100010010000101100000110101010110011010010000010111100111001000110110100000111001110101110001010001100011111010010011101100011000010111110110100110010101010011111001011110110
101110111111100000010001001000010110000011010101011001101001000001011110011100100011011010000011100111010111000101000110001111101001001110110001100001011111011010011001010101001111100101111011
110111011111110000001000100100001011000001101010101100110100100000101111001110010001101101000001110011101011100010100011000111110100100111011000110000101111101101001100101010100111110010111101
111011101111111000000100010010000101100000110101010110011010010000010111100111001000110110100000111001110101110001010001100011111010010011101100011000010111110110100110010101010011111001011110
101101110111111100000010001001000010110000011010101011001101001000001011110011100100011011010000011100111010111000101000110001111101001001110110001100001011111011010011001010101001111100101111
110110111011111110000001000100100001011000001101010101100110100100000101111001110010001101101000001110011101011100010100011000111110100100111011000110000101111101101001100101010100111110010111
111011011101111111000000100010010000101100000110101010110011010010000010111100111001000110110100000111001110101110001010001100011111010010011101100011000010111110110100110010101010011111001011
111101101110111111100000010001001000010110000011010101011001101001000001011110011100100011011010000011100111010111000101000110001111101001001110110001100001011111011010011001010101001111100101
111110110111011111110000001000100100001011000001101010101100110100100000101111001110010001101101000001110011101011100010100011000111110100100111011000110000101111101101001100101010100111110010
101111011011101111111000000100010010000101100000110101010110011010010000010111100111001000110110100000111001110101110001010001100011111010010011101100011000010111110110100110010101010011111001
110111101101110111111100000010001001000010110000011010101011001101001000001011110011100100011011010000011100111010111000101000110001111101001001110110001100001011111011010011001010101001111100
101011110110111011111110000001000100100001011000001101010101100110100100000101111001110010001101101000001110011101011100010100011000111110100100111011000110000101111101101001100101010100111110
100101111011011101111111000000100010010000101100000110101010110011010010000010111100111001000110110100000111001110101110001010001100011111010010011101100011000010111110110100110010101010011111
110010111101101110111111100000010001001000010110000011010101011001101001000001011110011100100011011010000011100111010111000101000110001111101001001110110001100001011111011010011001010101001111
111001011110110111011111110000001000100100001011000001101010101100110100100000101111001110010001101101000001110011101011100010100011000111110100100111011000110000101111101101001100101010100111
111100101111011011101111111000000100010010000101100000110101010110011010010000010111100111001000110110100000111001110101110001010001100011111010010011101100011000010111110110100110010101010011
111110010111101101110111111100000010001001000010110000011010101011001101001000001011110011100100011011010000011100111010111000101000110001111101001001110110001100001011111011010011001010101001
111111001011110110111011111110000001000100100001011000001101010101100110100100000101111001110010001101101000001110011101011100010100011000111110100100111011000110000101111101101001100101010100
101111100101111011011101111111000000100010010000101100000110101010110011010010000010111100111001000110110100000111001110101110001010001100011111010010011101100011000010111110110100110010101010
100111110010111101101110111111100000010001001000010110000011010101011001101001000001011110011100100011011010000011100111010111000101000110001111101001001110110001100001011111011010011001010101
110011111001011110110111011111110000001000100100001011000001101010101100110100100000101111001110010001101101000001110011101011100010100011000111110100100111011000110000101111101101001100101010
101001111100101111011011101111111000000100010010000101100000110101010110011010010000010111100111001000110110100000111001110101110001010001100011111010010011101100011000010111110110100110010101
110100111110010111101101110111111100000010001001000010110000011010101011001101001000001011110011100100011011010000011100111010111000101000110001111101001001110110001100001011111011010011001010
101010011111001011110110111011111110000001000100100001011000001101010101100110100100000101111001110010001101101000001110011101011100010100011000111110100100111011000110000101111101101001100101
110101001111100101111011011101111111000000100010010000101100000110101010110011010010000010111100111001000110110100000111001110101110001010001100011111010010011101100011000010111110110100110010
101010100111110010111101101110111111100000010001001000010110000011010101011001101001000001011110011100100011011010000011100111010111000101000110001111101001001110110001100001011111011010011001
110101010011111001011110110111011111110000001000100100001011000001101010101100110100100000101111001110010001101101000001110011101011100010100011000111110100100111011000110000101111101101001100
101010101001111100101111011011101111111000000100010010000101100000110101010110011010010000010111100111001000110110100000111001110101110001010001100011111010010011101100011000010111110110100110
100101010100111110010111101101110111111100000010001001000010110000011010101011001101001000001011110011100100011011010000011100111010111000101000110001111101001001110110001100001011111011010011
110010101010011111001011110110111011111110000001000100100001011000001101010101100110100100000101111001110010001101101000001110011101011100010100011000111110100100111011000110000101111101101001
111001010101001111100101111011011101111111000000100010010000101100000110101010110011010010000010111100111001000110110100000111001110101110001010001100011111010010011101100011000010111110110100
101100101010100111110010111101101110111111100000010001001000010110000011010101011001101001000001011110011100100011011010000011100111010111000101000110001111101001001110110001100001011111011010
100110010101010011111001011110110111011111110000001000100100001011000001101010101100110100100000101111001110010001101101000001110011101011100010100011000111110100100111011000110000101111101101
110011001010101001111100101111011011101111111000000100010010000101100000110101010110011010010000010111100111001000110110100000111001110101110001010001100011111010010011101100011000010111110110
101001100101010100111110010111101101110111111100000010001001000010110000011010101011001101001000001011110011100100011011010000011100111010111000101000110001111101001001110110001100001011111011
110100110010101010011111001011110110111011111110000001000100100001011000001101010101100110100100000101111001110010001101101000001110011101011100010100011000111110100100111011000110000101111101
111010011001010101001111100101111011011101111111000000100010010000101100000110101010110011010010000010111100111001000110110100000111001110101110001010001100011111010010011101100011000010111110
101101001100101010100111110010111101101110111111100000010001001000010110000011010101011001101001000001011110011100100011011010000011100111010111000101000110001111101001001110110001100001011111
110110100110010101010011111001011110110111011111110000001000100100001011000001101010101100110100100000101111001110010001101101000001110011101011100010100011000111110100100111011000110000101111
111011010011001010101001111100101111011011101111111000000100010010000101100000110101010110011010010000010111100111001000110110100000111001110101110001010001100011111010010011101100011000010111
111101101001100101010100111110010111101101110111111100000010001001000010110000011010101011001101001000001011110011100100011011010000011100111010111000101000110001111101001001110110001100001011
111110110100110010101010011111001011110110111011111110000001000100100001011000001101010101100110100100000101111001110010001101101000001110011101011100010100011000111110100100111011000110000101
111111011010011001010101001111100101111011011101111111000000100010010000101100000110101010110011010010000010111100111001000110110100000111001110101110001010001100011111010010011101100011000010
101111101101001100101010100111110010111101101110111111100000010001001000010110000011010101011001101001000001011110011100100011011010000011100111010111000101000110001111101001001110110001100001
110111110110100110010101010011111001011110110111011111110000001000100100001011000001101010101100110100100000101111001110010001101101000001110011101011100010100011000111110100100111011000110000
101011111011010011001010101001111100101111011011101111111000000100010010000101100000110101010110011010010000010111100111001000110110100000111001110101110001010001100011111010010011101100011000
100101111101101001100101010100111110010111101101110111111100000010001001000010110000011010101011001101001000001011110011100100011011010000011100111010111000101000110001111101001001110110001100
100010111110110100110010101010011111001011110110111011111110000001000100100001011000001101010101100110100100000101111001110010001101101000001110011101011100010100011000111110100100111011000110
100001011111011010011001010101001111100101111011011101111111000000100010010000101100000110101010110011010010000010111100111001000110110100000111001110101110001010001100011111010010011101100011
110000101111101101001100101010100111110010111101101110111111100000010001001000010110000011010101011001101001000001011110011100100011011010000011100111010111000101000110001111101001001110110001
111000010111110110100110010101010011111001011110110111011111110000001000100100001011000001101010101100110100100000101111001110010001101101000001110011101011100010100011000111110100100111011000
101100001011111011010011001010101001111100101111011011101111111000000100010010000101100000110101010110011010010000010111100111001000110110100000111001110101110001010001100011111010010011101100
100110000101111101101001100101010100111110010111101101110111111100000010001001000010110000011010101011001101001000001011110011100100011011010000011100111010111000101000110001111101001001110110
100011000010111110110100110010101010011111001011110110111011111110000001000100100001011000001101010101100110100100000101111001110010001101101000001110011101011100010100011000111110100100111011
110001100001011111011010011001010101001111100101111011011101111111000000100010010000101100000110101010110011010010000010111100111001000110110100000111001110101110001010001100011111010010011101
111000110000101111101101001100101010100111110010111101101110111111100000010001001000010110000011010101011001101001000001011110011100100011011010000011100111010111000101000110001111101001001110
101100011000010111110110100110010101010011111001011110110111011111110000001000100100001011000001101010101100110100100000101111001110010001101101000001110011101011100010100011000111110100100111
110110001100001011111011010011001010101001111100101111011011101111111000000100010010000101100000110101010110011010010000010111100111001000110110100000111001110101110001010001100011111010010011
111011000110000101111101101001100101010100111110010111101101110111111100000010001001000010110000011010101011001101001000001011110011100100011011010000011100111010111000101000110001111101001001
111101100011000010111110110100110010101010011111001011110110111011111110000001000100100001011000001101010101100110100100000101111001110010001101101000001110011101011100010100011000111110100100
101110110001100001011111011010011001010101001111100101111011011101111111000000100010010000101100000110101010110011010010000010111100111001000110110100000111001110101110001010001100011111010010
100111011000110000101111101101001100101010100111110010111101101110111111100000010001001000010110000011010101011001101001000001011110011100100011011010000011100111010111000101000110001111101001
110011101100011000010111110110100110010101010011111001011110110111011111110000001000100100001011000001101010101100110100100000101111001110010001101101000001110011101011100010100011000111110100
101001110110001100001011111011010011001010101001111100101111011011101111111000000100010010000101100000110101010110011010010000010111100111001000110110100000111001110101110001010001100011111010
100100111011000110000101111101101001100101010100111110010111101101110111111100000010001001000010110000011010101011001101001000001011110011100100011011010000011100111010111000101000110001111101
110010011101100011000010111110110100110010101010011111001011110110111011111110000001000100100001011000001101010101100110100100000101111001110010001101101000001110011101011100010100011000111110
101001001110110001100001011111011010011001010101001111100101111011011101111111000000100010010000101100000110101010110011010010000010111100111001000110110100000111001110101110001010001100011111
110100100111011000110000101111101101001100101010100111110010111101101110111111100000010001001000010110000011010101011001101001000001011110011100100011011010000011100111010111000101000110001111
111010010011101100011000010111110110100110010101010011111001011110110111011111110000001000100100001011000001101010101100110100100000101111001110010001101101000001110011101011100010100011000111
111101001001110110001100001011111011010011001010101001111100101111011011101111111000000100010010000101100000110101010110011010010000010111100111001000110110100000111001110101110001010001100011
111110100100111011000110000101111101101001100101010100111110010111101101110111111100000010001001000010110000011010101011001101001000001011110011100100011011010000011100111010111000101000110001
111111010010011101100011000010111110110100110010101010011111001011110110111011111110000001000100100001011000001101010101100110100100000101111001110010001101101000001110011101011100010100011000
101111101001001110110001100001011111011010011001010101001111100101111011011101111111000000100010010000101100000110101010110011010010000010111100111001000110110100000111001110101110001010001100
100111110100100111011000110000101111101101001100101010100111110010111101101110111111100000010001001000010110000011010101011001101001000001011110011100100011011010000011100111010111000101000110
100011111010010011101100011000010111110110100110010101010011111001011110110111011111110000001000100100001011000001101010101100110100100000101111001110010001101101000001110011101011100010100011
110001111101001001110110001100001011111011010011001010101001111100101111011011101111111000000100010010000101100000110101010110011010010000010111100111001000110110100000111001110101110001010001
111000111110100100111011000110000101111101101001100101010100111110010111101101110111111100000010001001000010110000011010101011001101001000001011110011100100011011010000011100111010111000101000
101100011111010010011101100011000010111110110100110010101010011111001011110110111011111110000001000100100001011000001101010101100110100100000101111001110010001101101000001110011101011100010100
100110001111101001001110110001100001011111011010011001010101001111100101111011011101111111000000100010010000101100000110101010110011010010000010111100111001000110110100000111001110101110001010
100011000111110100100111011000110000101111101101001100101010100111110010111101101110111111100000010001001000010110000011010101011001101001000001011110011100100011011010000011100111010111000101
110001100011111010010011101100011000010111110110100110010101010011111001011110110111011111110000001000100100001011000001101010101100110100100000101111001110010001101101000001110011101011100010
101000110001111101001001110110001100001011111011010011001010101001111100101111011011101111111000000100010010000101100000110101010110011010010000010111100111001000110110100000111001110101110001
110100011000111110100100111011000110000101111101101001100101010100111110010111101101110111111100000010001001000010110000011010101011001101001000001011110011100100011011010000011100111010111000
101010001100011111010010011101100011000010111110110100110010101010011111001011110110111011111110000001000100100001011000001101010101100110100100000101111001110010001101101000001110011101011100
100101000110001111101001001110110001100001011111011010011001010101001111100101111011011101111111000000100010010000101100000110101010110011010010000010111100111001000110110100000111001110101110
100010100011000111110100100111011000110000101111101101001100101010100111110010111101101110111111100000010001001000010110000011010101011001101001000001011110011100100011011010000011100111010111
110001010001100011111010010011101100011000010111110110100110010101010011111001011110110111011111110000001000100100001011000001101010101100110100100000101111001110010001101101000001110011101011
111000101000110001111101001001110110001100001011111011010011001010101001111100101111011011101111111000000100010010000101100000110101010110011010010000010111100111001000110110100000111001110101
111100010100011000111110100100111011000110000101111101101001100101010100111110010111101101110111111100000010001001000010110000011010101011001101001000001011110011100100011011010000011100111010
101110001010001100011111010010011101100011000010111110110100110010101010011111001011110110111011111110000001000100100001011000001101010101100110100100000101111001110010001101101000001110011101
110111000101000110001111101001001110110001100001011111011010011001010101001111100101111011011101111111000000100010010000101100000110101010110011010010000010111100111001000110110100000111001110
101011100010100011000111110100100111011000110000101111101101001100101010100111110010111101101110111111100000010001001000010110000011010101011001101001000001011110011100100011011010000011100111
110101110001010001100011111010010011101100011000010111110110100110010101010011111001011110110111011111110000001000100100001011000001101010101100110100100000101111001110010001101101000001110011
111010111000101000110001111101001001110110001100001011111011010011001010101001111100101111011011101111111000000100010010000101100000110101010110011010010000010111100111001000110110100000111001
111101011100010100011000111110100100111011000110000101111101101001100101010100111110010111101101110111111100000010001001000010110000011010101011001101001000001011110011100100011011010000011100
101110101110001010001100011111010010011101100011000010111110110100110010101010011111001011110110111011111110000001000100100001011000001101010101100110100100000101111001110010001101101000001110
100111010111000101000110001111101001001110110001100001011111011010011001010101001111100101111011011101111111000000100010010000101100000110101010110011010010000010111100111001000110110100000111
110011101011100010100011000111110100100111011000110000101111101101001100101010100111110010111101101110111111100000010001001000010110000011010101011001101001000001011110011100100011011010000011
111001110101110001010001100011111010010011101100011000010111110110100110010101010011111001011110110111011111110000001000100100001011000001101010101100110100100000101111001110010001101101000001
111100111010111000101000110001111101001001110110001100001011111011010011001010101001111100101111011011101111111000000100010010000101100000110101010110011010010000010111100111001000110110100000
101110011101011100010100011000111110100100111011000110000101111101101001100101010100111110010111101101110111111100000010001001000010110000011010101011001101001000001011110011100100011011010000
100111001110101110001010001100011111010010011101100011000010111110110100110010101010011111001011110110111011111110000001000100100001011000001101010101100110100100000101111001110010001101101000
100011100111010111000101000110001111101001001110110001100001011111011010011001010101001111100101111011011101111111000000100010010000101100000110101010110011010010000010111100111001000110110100
100001110011101011100010100011000111110100100111011000110000101111101101001100101010100111110010111101101110111111100000010001001000010110000011010101011001101001000001011110011100100011011010
100000111001110101110001010001100011111010010011101100011000010111110110100110010101010011111001011110110111011111110000001000100100001011000001101010101100110100100000101111001110010001101101
110000011100111010111000101000110001111101001001110110001100001011111011010011001010101001111100101111011011101111111000000100010010000101100000110101010110011010010000010111100111001000110110
101000001110011101011100010100011000111110100100111011000110000101111101101001100101010100111110010111101101110111111100000010001001000010110000011010101011001101001000001011110011100100011011
110100000111001110101110001010001100011111010010011101100011000010111110110100110010101010011111001011110110111011111110000001000100100001011000001101010101100110100100000101111001110010001101
111010000011100111010111000101000110001111101001001110110001100001011111011010011001010101001111100101111011011101111111000000100010010000101100000110101010110011010010000010111100111001000110
101101000001110011101011100010100011000111110100100111011000110000101111101101001100101010100111110010111101101110111111100000010001001000010110000011010101011001101001000001011110011100100011
110110100000111001110101110001010001100011111010010011101100011000010111110110100110010101010011111001011110110111011111110000001000100100001011000001101010101100110100100000101111001110010001
111011010000011100111010111000101000110001111101001001110110001100001011111011010011001010101001111100101111011011101111111000000100010010000101100000110101010110011010010000010111100111001000
101101101000001110011101011100010100011000111110100100111011000110000101111101101001100101010100111110010111101101110111111100000010001001000010110000011010101011001101001000001011110011100100
100110110100000111001110101110001010001100011111010010011101100011000010111110110100110010101010011111001011110110111011111110000001000100100001011000001101010101100110100100000101111001110010
100011011010000011100111010111000101000110001111101001001110110001100001011111011010011001010101001111100101111011011101111111000000100010010000101100000110101010110011010010000010111100111001
110001101101000001110011101011100010100011000111110100100111011000110000101111101101001100101010100111110010111101101110111111100000010001001000010110000011010101011001101001000001011110011100
101000110110100000111001110101110001010001100011111010010011101100011000010111110110100110010101010011111001011110110111011111110000001000100100001011000001101010101100110100100000101111001110
100100011011010000011100111010111000101000110001111101001001110110001100001011111011010011001010101001111100101111011011101111111000000100010010000101100000110101010110011010010000010111100111
110010001101101000001110011101011100010100011000111110100100111011000110000101111101101001100101010100111110010111101101110111111100000010001001000010110000011010101011001101001000001011110011
111001000110110100000111001110101110001010001100011111010010011101100011000010111110110100110010101010011111001011110110111011111110000001000100100001011000001101010101100110100100000101111001
111100100011011010000011100111010111000101000110001111101001001110110001100001011111011010011001010101001111100101111011011101111111000000100010010000101100000110101010110011010010000010111100
101110010001101101000001110011101011100010100011000111110100100111011000110000101111101101001100101010100111110010111101101110111111100000010001001000010110000011010101011001101001000001011110
100111001000110110100000111001110101110001010001100011111010010011101100011000010111110110100110010101010011111001011110110111011111110000001000100100001011000001101010101100110100100000101111
110011100100011011010000011100111010111000101000110001111101001001110110001100001011111011010011001010101001111100101111011011101111111000000100010010000101100000110101010110011010010000010111
111001110010001101101000001110011101011100010100011000111110100100111011000110000101111101101001100101010100111110010111101101110111111100000010001001000010110000011010101011001101001000001011
111100111001000110110100000111001110101110001010001100011111010010011101100011000010111110110100110010101010011111001011110110111011111110000001000100100001011000001101010101100110100100000101
111110011100100011011010000011100111010111000101000110001111101001001110110001100001011111011010011001010101001111100101111011011101111111000000100010010000101100000110101010110011010010000010
101111001110010001101101000001110011101011100010100011000111110100100111011000110000101111101101001100101010100111110010111101101110111111100000010001001000010110000011010101011001101001000001
110111100111001000110110100000111001110101110001010001100011111010010011101100011000010111110110100110010101010011111001011110110111011111110000001000100100001011000001101010101100110100100000
101011110011100100011011010000011100111010111000101000110001111101001001110110001100001011111011010011001010101001111100101111011011101111111000000100010010000101100000110101010110011010010000
100101111001110010001101101000001110011101011100010100011000111110100100111011000110000101111101101001100101010100111110010111101101110111111100000010001001000010110000011010101011001101001000
100010111100111001000110110100000111001110101110001010001100011111010010011101100011000010111110110100110010101010011111001011110110111011111110000001000100100001011000001101010101100110100100
100001011110011100100011011010000011100111010111000101000110001111101001001110110001100001011111011010011001010101001111100101111011011101111111000000100010010000101100000110101010110011010010
100000101111001110010001101101000001110011101011100010100011000111110100100111011000110000101111101101001100101010100111110010111101101110111111100000010001001000010110000011010101011001101001
110000010111100111001000110110100000111001110101110001010001100011111010010011101100011000010111110110100110010101010011111001011110110111011111110000001000100100001011000001101010101100110100
101000001011110011100100011011010000011100111010111000101000110001111101001001110110001100001011111011010011001010101001111100101111011011101111111000000100010010000101100000110101010110011010
100100000101111001110010001101101000001110011101011100010100011000111110100100111011000110000101111101101001100101010100111110010111101101110111111100000010001001000010110000011010101011001101
110010000010111100111001000110110100000111001110101110001010001100011111010010011101100011000010111110110100110010101010011111001011110110111011111110000001000100100001011000001101010101100110
101001000001011110011100100011011010000011100111010111000101000110001111101001001110110001100001011111011010011001010101001111100101111011011101111111000000100010010000101100000110101010110011
110100100000101111001110010001101101000001110011101011100010100011000111110100100111011000110000101111101101001100101010100111110010111101101110111111100000010001001000010110000011010101011001
111010010000010111100111001000110110100000111001110101110001010001100011111010010011101100011000010111110110100110010101010011111001011110110111011111110000001000100100001011000001101010101100
101101001000001011110011100100011011010000011100111010111000101000110001111101001001110110001100001011111011010011001010101001111100101111011011101111111000000100010010000101100000110101010110
100110100100000101111001110010001101101000001110011101011100010100011000111110100100111011000110000101111101101001100101010100111110010111101101110111111100000010001001000010110000011010101011
110011010010000010111100111001000110110100000111001110101110001010001100011111010010011101100011000010111110110100110010101010011111001011110110111011111110000001000100100001011000001101010101
111001101001000001011110011100100011011010000011100111010111000101000110001111101001001110110001100001011111011010011001010101001111100101111011011101111111000000100010010000101100000110101010
101100110100100000101111001110010001101101000001110011101011100010100011000111110100100111011000110000101111101101001100101010100111110010111101101110111111100000010001001000010110000011010101
110110011010010000010111100111001000110110100000111001110101110001010001100011111010010011101100011000010111110110100110010101010011111001011110110111011111110000001000100100001011000001101010
101011001101001000001011110011100100011011010000011100111010111000101000110001111101001001110110001100001011111011010011001010101001111100101111011011101111111000000100010010000101100000110101
110101100110100100000101111001110010001101101000001110011101011100010100011000111110100100111011000110000101111101101001100101010100111110010111101101110111111100000010001001000010110000011010
101010110011010010000010111100111001000110110100000111001110101110001010001100011111010010011101100011000010111110110100110010101010011111001011110110111011111110000001000100100001011000001101
110101011001101001000001011110011100100011011010000011100111010111000101000110001111101001001110110001100001011111011010011001010101001111100101111011011101111111000000100010010000101100000110
101010101100110100100000101111001110010001101101000001110011101011100010100011000111110100100111011000110000101111101101001100101010100111110010111101101110111111100000010001001000010110000011
110101010110011010010000010111100111001000110110100000111001110101110001010001100011111010010011101100011000010111110110100110010101010011111001011110110111011111110000001000100100001011000001
111010101011001101001000001011110011100100011011010000011100111010111000101000110001111101001001110110001100001011111011010011001010101001111100101111011011101111111000000100010010000101100000
101101010101100110100100000101111001110010001101101000001110011101011100010100011000111110100100111011000110000101111101101001100101010100111110010111101101110111111100000010001001000010110000
100110101010110011010010000010111100111001000110110100000111001110101110001010001100011111010010011101100011000010111110110100110010101010011111001011110110111011111110000001000100100001011000
100011010101011001101001000001011110011100100011011010000011100111010111000101000110001111101001001110110001100001011111011010011001010101001111100101111011011101111111000000100010010000101100
100001101010101100110100100000101111001110010001101101000001110011101011100010100011000111110100100111011000110000101111101101001100101010100111110010111101101110111111100000010001001000010110
100000110101010110011010010000010111100111001000110110100000111001110101110001010001100011111010010011101100011000010111110110100110010101010011111001011110110111011111110000001000100100001011
110000011010101011001101001000001011110011100100011011010000011100111010111000101000110001111101001001110110001100001011111011010011001010101001111100101111011011101111111000000100010010000101
111000001101010101100110100100000101111001110010001101101000001110011101011100010100011000111110100100111011000110000101111101101001100101010100111110010111101101110111111100000010001001000010
101100000110101010110011010010000010111100111001000110110100000111001110101110001010001100011111010010011101100011000010111110110100110010101010011111001011110110111011111110000001000100100001
110110000011010101011001101001000001011110011100100011011010000011100111010111000101000110001111101001001110110001100001011111011010011001010101001111100101111011011101111111000000100010010000
101011000001101010101100110100100000101111001110010001101101000001110011101011100010100011000111110100100111011000110000101111101101001100101010100111110010111101101110111111100000010001001000
100101100000110101010110011010010000010111100111001000110110100000111001110101110001010001100011111010010011101100011000010111110110100110010101010011111001011110110111011111110000001000100100
100010110000011010101011001101001000001011110011100100011011010000011100111010111000101000110001111101001001110110001100001011111011010011001010101001111100101111011011101111111000000100010010
100001011000001101010101100110100100000101111001110010001101101000001110011101011100010100011000111110100100111011000110000101111101101001100101010100111110010111101101110111111100000010001001
110000101100000110101010110011010010000010111100111001000110110100000111001110101110001010001100011111010010011101100011000010111110110100110010101010011111001011110110111011111110000001000100
101000010110000011010101011001101001000001011110011100100011011010000011100111010111000101000110001111101001001110110001100001011111011010011001010101001111100101111011011101111111000000100010
100100001011000001101010101100110100100000101111001110010001101101000001110011101011100010100011000111110100100111011000110000101111101101001100101010100111110010111101101110111111100000010001
110010000101100000110101010110011010010000010111100111001000110110100000111001110101110001010001100011111010010011101100011000010111110110100110010101010011111001011110110111011111110000001000
101001000010110000011010101011001101001000001011110011100100011011010000011100111010111000101000110001111101001001110110001100001011111011010011001010101001111100101111011011101111111000000100
100100100001011000001101010101100110100100000101111001110010001101101000001110011101011100010100011000111110100100111011000110000101111101101001100101010100111110010111101101110111111100000010
100010010000101100000110101010110011010010000010111100111001000110110100000111001110101110001010001100011111010010011101100011000010111110110100110010101010011111001011110110111011111110000001
110001001000010110000011010101011001101001000001011110011100100011011010000011100111010111000101000110001111101001001110110001100001011111011010011001010101001111100101111011011101111111000000
101000100100001011000001101010101100110100100000101111001110010001101101000001110011101011100010100011000111110100100111011000110000101111101101001100101010100111110010111101101110111111100000
100100010010000101100000110101010110011010010000010111100111001000110110100000111001110101110001010001100011111010010011101100011000010111110110100110010101010011111001011110110111011111110000
100010001001000010110000011010101011001101001000001011110011100100011011010000011100111010111000101000110001111101001001110110001100001011111011010011001010101001111100101111011011101111111000
100001000100100001011000001101010101100110100100000101111001110010001101101000001110011101011100010100011000111110100100111011000110000101111101101001100101010100111110010111101101110111111100
100000100010010000101100000110101010110011010010000010111100111001000110110100000111001110101110001010001100011111010010011101100011000010111110110100110010101010011111001011110110111011111110
100000010001001000010110000011010101011001101001000001011110011100100011011010000011100111010111000101000110001111101001001110110001100001011111011010011001010101001111100101111011011101111111
