000000000000000000000000
000000111111000000111111
000000111111111111000000
000011000011111100110011
000011001100001111111100
000011110000110011001111
001100000101110101011101
001100010010011011110110
001100101000101110101011
001111001111000011000011
001111110011001100001100
001111111100110000110000
010101001011110010101100
010101011100011100000111
010101110001000111110001
010110010101101001101010
010110100110101010010101
010110101010010101011010
011001010110100110011010
011001100110011001101001
011001101001101001010110
011010011001011010011001
011010011010100101100101
011010100101010110100110
111111111111111111111111
111111000000111111000000
111111000000000000111111
111100111100000011001100
111100110011110000000011
111100001111001100110000
110011111010001010100010
110011101101100100001001
110011010111010001010100
110000110000111100111100
110000001100110011110011
110000000011001111001111
101010110100001101010011
101010100011100011111000
101010001110111000001110
101001101010010110010101
101001011001010101101010
101001010101101010100101
100110101001011001100101
100110011001100110010110
100110010110010110101001
100101100110100101100110
100101100101011010011010
100101011010101001011001
