01111111111111111111111111111111111111111111111111111111111111111111111111111111111111111111111111111111111111111111111111111111111111111111111111111111111111111111111111111111111111111111111111111111
00110110111100110101010010110110111011000100101110111110011100111111000101000000111000010011110100010101110100001101111000111111010111000000110001100000100010110111001000100100101101010100110000100100
00011011011110011010101001011011011101100010010111011111001110011111100010100000011100001001111010001010111010000110111100011111101011100000011000110000010001011011100100010010010110101010011000010010
00001101101111001101010100101101101110110001001011101111100111001111110001010000001110000100111101000101011101000011011110001111110101110000001100011000001000101101110010001001001011010101001100001001
01000110110111100110101010010110110111011000100101110111110011100111111000101000000111000010011110100010101110100001101111000111111010111000000110001100000100010110111001000100100101101010100110000100
00100011011011110011010101001011011011101100010010111011111001110011111100010100000011100001001111010001010111010000110111100011111101011100000011000110000010001011011100100010010010110101010011000010
00010001101101111001101010100101101101110110001001011101111100111001111110001010000001110000100111101000101011101000011011110001111110101110000001100011000001000101101110010001001001011010101001100001
01001000110110111100110101010010110110111011000100101110111110011100111111000101000000111000010011110100010101110100001101111000111111010111000000110001100000100010110111001000100100101101010100110000
00100100011011011110011010101001011011011101100010010111011111001110011111100010100000011100001001111010001010111010000110111100011111101011100000011000110000010001011011100100010010010110101010011000
00010010001101101111001101010100101101101110110001001011101111100111001111110001010000001110000100111101000101011101000011011110001111110101110000001100011000001000101101110010001001001011010101001100
00001001000110110111100110101010010110110111011000100101110111110011100111111000101000000111000010011110100010101110100001101111000111111010111000000110001100000100010110111001000100100101101010100110
00000100100011011011110011010101001011011011101100010010111011111001110011111100010100000011100001001111010001010111010000110111100011111101011100000011000110000010001011011100100010010010110101010011
01000010010001101101111001101010100101101101110110001001011101111100111001111110001010000001110000100111101000101011101000011011110001111110101110000001100011000001000101101110010001001001011010101001
01100001001000110110111100110101010010110110111011000100101110111110011100111111000101000000111000010011110100010101110100001101111000111111010111000000110001100000100010110111001000100100101101010100
00110000100100011011011110011010101001011011011101100010010111011111001110011111100010100000011100001001111010001010111010000110111100011111101011100000011000110000010001011011100100010010010110101010
00011000010010001101101111001101010100101101101110110001001011101111100111001111110001010000001110000100111101000101011101000011011110001111110101110000001100011000001000101101110010001001001011010101
01001100001001000110110111100110101010010110110111011000100101110111110011100111111000101000000111000010011110100010101110100001101111000111111010111000000110001100000100010110111001000100100101101010
00100110000100100011011011110011010101001011011011101100010010111011111001110011111100010100000011100001001111010001010111010000110111100011111101011100000011000110000010001011011100100010010010110101
01010011000010010001101101111001101010100101101101110110001001011101111100111001111110001010000001110000100111101000101011101000011011110001111110101110000001100011000001000101101110010001001001011010
00101001100001001000110110111100110101010010110110111011000100101110111110011100111111000101000000111000010011110100010101110100001101111000111111010111000000110001100000100010110111001000100100101101
01010100110000100100011011011110011010101001011011011101100010010111011111001110011111100010100000011100001001111010001010111010000110111100011111101011100000011000110000010001011011100100010010010110
00101010011000010010001101101111001101010100101101101110110001001011101111100111001111110001010000001110000100111101000101011101000011011110001111110101110000001100011000001000101101110010001001001011
01010101001100001001000110110111100110101010010110110111011000100101110111110011100111111000101000000111000010011110100010101110100001101111000111111010111000000110001100000100010110111001000100100101
01101010100110000100100011011011110011010101001011011011101100010010111011111001110011111100010100000011100001001111010001010111010000110111100011111101011100000011000110000010001011011100100010010010
00110101010011000010010001101101111001101010100101101101110110001001011101111100111001111110001010000001110000100111101000101011101000011011110001111110101110000001100011000001000101101110010001001001
01011010101001100001001000110110111100110101010010110110111011000100101110111110011100111111000101000000111000010011110100010101110100001101111000111111010111000000110001100000100010110111001000100100
00101101010100110000100100011011011110011010101001011011011101100010010111011111001110011111100010100000011100001001111010001010111010000110111100011111101011100000011000110000010001011011100100010010
00010110101010011000010010001101101111001101010100101101101110110001001011101111100111001111110001010000001110000100111101000101011101000011011110001111110101110000001100011000001000101101110010001001
01001011010101001100001001000110110111100110101010010110110111011000100101110111110011100111111000101000000111000010011110100010101110100001101111000111111010111000000110001100000100010110111001000100
00100101101010100110000100100011011011110011010101001011011011101100010010111011111001110011111100010100000011100001001111010001010111010000110111100011111101011100000011000110000010001011011100100010
00010010110101010011000010010001101101111001101010100101101101110110001001011101111100111001111110001010000001110000100111101000101011101000011011110001111110101110000001100011000001000101101110010001
01001001011010101001100001001000110110111100110101010010110110111011000100101110111110011100111111000101000000111000010011110100010101110100001101111000111111010111000000110001100000100010110111001000
00100100101101010100110000100100011011011110011010101001011011011101100010010111011111001110011111100010100000011100001001111010001010111010000110111100011111101011100000011000110000010001011011100100
00010010010110101010011000010010001101101111001101010100101101101110110001001011101111100111001111110001010000001110000100111101000101011101000011011110001111110101110000001100011000001000101101110010
00001001001011010101001100001001000110110111100110101010010110110111011000100101110111110011100111111000101000000111000010011110100010101110100001101111000111111010111000000110001100000100010110111001
01000100100101101010100110000100100011011011110011010101001011011011101100010010111011111001110011111100010100000011100001001111010001010111010000110111100011111101011100000011000110000010001011011100
00100010010010110101010011000010010001101101111001101010100101101101110110001001011101111100111001111110001010000001110000100111101000101011101000011011110001111110101110000001100011000001000101101110
00010001001001011010101001100001001000110110111100110101010010110110111011000100101110111110011100111111000101000000111000010011110100010101110100001101111000111111010111000000110001100000100010110111
01001000100100101101010100110000100100011011011110011010101001011011011101100010010111011111001110011111100010100000011100001001111010001010111010000110111100011111101011100000011000110000010001011011
01100100010010010110101010011000010010001101101111001101010100101101101110110001001011101111100111001111110001010000001110000100111101000101011101000011011110001111110101110000001100011000001000101101
01110010001001001011010101001100001001000110110111100110101010010110110111011000100101110111110011100111111000101000000111000010011110100010101110100001101111000111111010111000000110001100000100010110
00111001000100100101101010100110000100100011011011110011010101001011011011101100010010111011111001110011111100010100000011100001001111010001010111010000110111100011111101011100000011000110000010001011
01011100100010010010110101010011000010010001101101111001101010100101101101110110001001011101111100111001111110001010000001110000100111101000101011101000011011110001111110101110000001100011000001000101
01101110010001001001011010101001100001001000110110111100110101010010110110111011000100101110111110011100111111000101000000111000010011110100010101110100001101111000111111010111000000110001100000100010
00110111001000100100101101010100110000100100011011011110011010101001011011011101100010010111011111001110011111100010100000011100001001111010001010111010000110111100011111101011100000011000110000010001
01011011100100010010010110101010011000010010001101101111001101010100101101101110110001001011101111100111001111110001010000001110000100111101000101011101000011011110001111110101110000001100011000001000
00101101110010001001001011010101001100001001000110110111100110101010010110110111011000100101110111110011100111111000101000000111000010011110100010101110100001101111000111111010111000000110001100000100
00010110111001000100100101101010100110000100100011011011110011010101001011011011101100010010111011111001110011111100010100000011100001001111010001010111010000110111100011111101011100000011000110000010
00001011011100100010010010110101010011000010010001101101111001101010100101101101110110001001011101111100111001111110001010000001110000100111101000101011101000011011110001111110101110000001100011000001
01000101101110010001001001011010101001100001001000110110111100110101010010110110111011000100101110111110011100111111000101000000111000010011110100010101110100001101111000111111010111000000110001100000
00100010110111001000100100101101010100110000100100011011011110011010101001011011011101100010010111011111001110011111100010100000011100001001111010001010111010000110111100011111101011100000011000110000
00010001011011100100010010010110101010011000010010001101101111001101010100101101101110110001001011101111100111001111110001010000001110000100111101000101011101000011011110001111110101110000001100011000
00001000101101110010001001001011010101001100001001000110110111100110101010010110110111011000100101110111110011100111111000101000000111000010011110100010101110100001101111000111111010111000000110001100
00000100010110111001000100100101101010100110000100100011011011110011010101001011011011101100010010111011111001110011111100010100000011100001001111010001010111010000110111100011111101011100000011000110
00000010001011011100100010010010110101010011000010010001101101111001101010100101101101110110001001011101111100111001111110001010000001110000100111101000101011101000011011110001111110101110000001100011
01000001000101101110010001001001011010101001100001001000110110111100110101010010110110111011000100101110111110011100111111000101000000111000010011110100010101110100001101111000111111010111000000110001
01100000100010110111001000100100101101010100110000100100011011011110011010101001011011011101100010010111011111001110011111100010100000011100001001111010001010111010000110111100011111101011100000011000
00110000010001011011100100010010010110101010011000010010001101101111001101010100101101101110110001001011101111100111001111110001010000001110000100111101000101011101000011011110001111110101110000001100
00011000001000101101110010001001001011010101001100001001000110110111100110101010010110110111011000100101110111110011100111111000101000000111000010011110100010101110100001101111000111111010111000000110
00001100000100010110111001000100100101101010100110000100100011011011110011010101001011011011101100010010111011111001110011111100010100000011100001001111010001010111010000110111100011111101011100000011
01000110000010001011011100100010010010110101010011000010010001101101111001101010100101101101110110001001011101111100111001111110001010000001110000100111101000101011101000011011110001111110101110000001
01100011000001000101101110010001001001011010101001100001001000110110111100110101010010110110111011000100101110111110011100111111000101000000111000010011110100010101110100001101111000111111010111000000
00110001100000100010110111001000100100101101010100110000100100011011011110011010101001011011011101100010010111011111001110011111100010100000011100001001111010001010111010000110111100011111101011100000
00011000110000010001011011100100010010010110101010011000010010001101101111001101010100101101101110110001001011101111100111001111110001010000001110000100111101000101011101000011011110001111110101110000
00001100011000001000101101110010001001001011010101001100001001000110110111100110101010010110110111011000100101110111110011100111111000101000000111000010011110100010101110100001101111000111111010111000
00000110001100000100010110111001000100100101101010100110000100100011011011110011010101001011011011101100010010111011111001110011111100010100000011100001001111010001010111010000110111100011111101011100
00000011000110000010001011011100100010010010110101010011000010010001101101111001101010100101101101110110001001011101111100111001111110001010000001110000100111101000101011101000011011110001111110101110
00000001100011000001000101101110010001001001011010101001100001001000110110111100110101010010110110111011000100101110111110011100111111000101000000111000010011110100010101110100001101111000111111010111
01000000110001100000100010110111001000100100101101010100110000100100011011011110011010101001011011011101100010010111011111001110011111100010100000011100001001111010001010111010000110111100011111101011
01100000011000110000010001011011100100010010010110101010011000010010001101101111001101010100101101101110110001001011101111100111001111110001010000001110000100111101000101011101000011011110001111110101
01110000001100011000001000101101110010001001001011010101001100001001000110110111100110101010010110110111011000100101110111110011100111111000101000000111000010011110100010101110100001101111000111111010
00111000000110001100000100010110111001000100100101101010100110000100100011011011110011010101001011011011101100010010111011111001110011111100010100000011100001001111010001010111010000110111100011111101
01011100000011000110000010001011011100100010010010110101010011000010010001101101111001101010100101101101110110001001011101111100111001111110001010000001110000100111101000101011101000011011110001111110
00101110000001100011000001000101101110010001001001011010101001100001001000110110111100110101010010110110111011000100101110111110011100111111000101000000111000010011110100010101110100001101111000111111
01010111000000110001100000100010110111001000100100101101010100110000100100011011011110011010101001011011011101100010010111011111001110011111100010100000011100001001111010001010111010000110111100011111
01101011100000011000110000010001011011100100010010010110101010011000010010001101101111001101010100101101101110110001001011101111100111001111110001010000001110000100111101000101011101000011011110001111
01110101110000001100011000001000101101110010001001001011010101001100001001000110110111100110101010010110110111011000100101110111110011100111111000101000000111000010011110100010101110100001101111000111
01111010111000000110001100000100010110111001000100100101101010100110000100100011011011110011010101001011011011101100010010111011111001110011111100010100000011100001001111010001010111010000110111100011
01111101011100000011000110000010001011011100100010010010110101010011000010010001101101111001101010100101101101110110001001011101111100111001111110001010000001110000100111101000101011101000011011110001
01111110101110000001100011000001000101101110010001001001011010101001100001001000110110111100110101010010110110111011000100101110111110011100111111000101000000111000010011110100010101110100001101111000
00111111010111000000110001100000100010110111001000100100101101010100110000100100011011011110011010101001011011011101100010010111011111001110011111100010100000011100001001111010001010111010000110111100
00011111101011100000011000110000010001011011100100010010010110101010011000010010001101101111001101010100101101101110110001001011101111100111001111110001010000001110000100111101000101011101000011011110
00001111110101110000001100011000001000101101110010001001001011010101001100001001000110110111100110101010010110110111011000100101110111110011100111111000101000000111000010011110100010101110100001101111
01000111111010111000000110001100000100010110111001000100100101101010100110000100100011011011110011010101001011011011101100010010111011111001110011111100010100000011100001001111010001010111010000110111
01100011111101011100000011000110000010001011011100100010010010110101010011000010010001101101111001101010100101101101110110001001011101111100111001111110001010000001110000100111101000101011101000011011
01110001111110101110000001100011000001000101101110010001001001011010101001100001001000110110111100110101010010110110111011000100101110111110011100111111000101000000111000010011110100010101110100001101
01111000111111010111000000110001100000100010110111001000100100101101010100110000100100011011011110011010101001011011011101100010010111011111001110011111100010100000011100001001111010001010111010000110
00111100011111101011100000011000110000010001011011100100010010010110101010011000010010001101101111001101010100101101101110110001001011101111100111001111110001010000001110000100111101000101011101000011
01011110001111110101110000001100011000001000101101110010001001001011010101001100001001000110110111100110101010010110110111011000100101110111110011100111111000101000000111000010011110100010101110100001
01101111000111111010111000000110001100000100010110111001000100100101101010100110000100100011011011110011010101001011011011101100010010111011111001110011111100010100000011100001001111010001010111010000
00110111100011111101011100000011000110000010001011011100100010010010110101010011000010010001101101111001101010100101101101110110001001011101111100111001111110001010000001110000100111101000101011101000
00011011110001111110101110000001100011000001000101101110010001001001011010101001100001001000110110111100110101010010110110111011000100101110111110011100111111000101000000111000010011110100010101110100
00001101111000111111010111000000110001100000100010110111001000100100101101010100110000100100011011011110011010101001011011011101100010010111011111001110011111100010100000011100001001111010001010111010
00000110111100011111101011100000011000110000010001011011100100010010010110101010011000010010001101101111001101010100101101101110110001001011101111100111001111110001010000001110000100111101000101011101
01000011011110001111110101110000001100011000001000101101110010001001001011010101001100001001000110110111100110101010010110110111011000100101110111110011100111111000101000000111000010011110100010101110
00100001101111000111111010111000000110001100000100010110111001000100100101101010100110000100100011011011110011010101001011011011101100010010111011111001110011111100010100000011100001001111010001010111
01010000110111100011111101011100000011000110000010001011011100100010010010110101010011000010010001101101111001101010100101101101110110001001011101111100111001111110001010000001110000100111101000101011
01101000011011110001111110101110000001100011000001000101101110010001001001011010101001100001001000110110111100110101010010110110111011000100101110111110011100111111000101000000111000010011110100010101
01110100001101111000111111010111000000110001100000100010110111001000100100101101010100110000100100011011011110011010101001011011011101100010010111011111001110011111100010100000011100001001111010001010
00111010000110111100011111101011100000011000110000010001011011100100010010010110101010011000010010001101101111001101010100101101101110110001001011101111100111001111110001010000001110000100111101000101
01011101000011011110001111110101110000001100011000001000101101110010001001001011010101001100001001000110110111100110101010010110110111011000100101110111110011100111111000101000000111000010011110100010
00101110100001101111000111111010111000000110001100000100010110111001000100100101101010100110000100100011011011110011010101001011011011101100010010111011111001110011111100010100000011100001001111010001
01010111010000110111100011111101011100000011000110000010001011011100100010010010110101010011000010010001101101111001101010100101101101110110001001011101111100111001111110001010000001110000100111101000
00101011101000011011110001111110101110000001100011000001000101101110010001001001011010101001100001001000110110111100110101010010110110111011000100101110111110011100111111000101000000111000010011110100
00010101110100001101111000111111010111000000110001100000100010110111001000100100101101010100110000100100011011011110011010101001011011011101100010010111011111001110011111100010100000011100001001111010
00001010111010000110111100011111101011100000011000110000010001011011100100010010010110101010011000010010001101101111001101010100101101101110110001001011101111100111001111110001010000001110000100111101
01000101011101000011011110001111110101110000001100011000001000101101110010001001001011010101001100001001000110110111100110101010010110110111011000100101110111110011100111111000101000000111000010011110
00100010101110100001101111000111111010111000000110001100000100010110111001000100100101101010100110000100100011011011110011010101001011011011101100010010111011111001110011111100010100000011100001001111
01010001010111010000110111100011111101011100000011000110000010001011011100100010010010110101010011000010010001101101111001101010100101101101110110001001011101111100111001111110001010000001110000100111
01101000101011101000011011110001111110101110000001100011000001000101101110010001001001011010101001100001001000110110111100110101010010110110111011000100101110111110011100111111000101000000111000010011
01110100010101110100001101111000111111010111000000110001100000100010110111001000100100101101010100110000100100011011011110011010101001011011011101100010010111011111001110011111100010100000011100001001
01111010001010111010000110111100011111101011100000011000110000010001011011100100010010010110101010011000010010001101101111001101010100101101101110110001001011101111100111001111110001010000001110000100
00111101000101011101000011011110001111110101110000001100011000001000101101110010001001001011010101001100001001000110110111100110101010010110110111011000100101110111110011100111111000101000000111000010
00011110100010101110100001101111000111111010111000000110001100000100010110111001000100100101101010100110000100100011011011110011010101001011011011101100010010111011111001110011111100010100000011100001
01001111010001010111010000110111100011111101011100000011000110000010001011011100100010010010110101010011000010010001101101111001101010100101101101110110001001011101111100111001111110001010000001110000
00100111101000101011101000011011110001111110101110000001100011000001000101101110010001001001011010101001100001001000110110111100110101010010110110111011000100101110111110011100111111000101000000111000
00010011110100010101110100001101111000111111010111000000110001100000100010110111001000100100101101010100110000100100011011011110011010101001011011011101100010010111011111001110011111100010100000011100
00001001111010001010111010000110111100011111101011100000011000110000010001011011100100010010010110101010011000010010001101101111001101010100101101101110110001001011101111100111001111110001010000001110
00000100111101000101011101000011011110001111110101110000001100011000001000101101110010001001001011010101001100001001000110110111100110101010010110110111011000100101110111110011100111111000101000000111
01000010011110100010101110100001101111000111111010111000000110001100000100010110111001000100100101101010100110000100100011011011110011010101001011011011101100010010111011111001110011111100010100000011
01100001001111010001010111010000110111100011111101011100000011000110000010001011011100100010010010110101010011000010010001101101111001101010100101101101110110001001011101111100111001111110001010000001
01110000100111101000101011101000011011110001111110101110000001100011000001000101101110010001001001011010101001100001001000110110111100110101010010110110111011000100101110111110011100111111000101000000
00111000010011110100010101110100001101111000111111010111000000110001100000100010110111001000100100101101010100110000100100011011011110011010101001011011011101100010010111011111001110011111100010100000
00011100001001111010001010111010000110111100011111101011100000011000110000010001011011100100010010010110101010011000010010001101101111001101010100101101101110110001001011101111100111001111110001010000
00001110000100111101000101011101000011011110001111110101110000001100011000001000101101110010001001001011010101001100001001000110110111100110101010010110110111011000100101110111110011100111111000101000
00000111000010011110100010101110100001101111000111111010111000000110001100000100010110111001000100100101101010100110000100100011011011110011010101001011011011101100010010111011111001110011111100010100
00000011100001001111010001010111010000110111100011111101011100000011000110000010001011011100100010010010110101010011000010010001101101111001101010100101101101110110001001011101111100111001111110001010
00000001110000100111101000101011101000011011110001111110101110000001100011000001000101101110010001001001011010101001100001001000110110111100110101010010110110111011000100101110111110011100111111000101
01000000111000010011110100010101110100001101111000111111010111000000110001100000100010110111001000100100101101010100110000100100011011011110011010101001011011011101100010010111011111001110011111100010
00100000011100001001111010001010111010000110111100011111101011100000011000110000010001011011100100010010010110101010011000010010001101101111001101010100101101101110110001001011101111100111001111110001
01010000001110000100111101000101011101000011011110001111110101110000001100011000001000101101110010001001001011010101001100001001000110110111100110101010010110110111011000100101110111110011100111111000
00101000000111000010011110100010101110100001101111000111111010111000000110001100000100010110111001000100100101101010100110000100100011011011110011010101001011011011101100010010111011111001110011111100
00010100000011100001001111010001010111010000110111100011111101011100000011000110000010001011011100100010010010110101010011000010010001101101111001101010100101101101110110001001011101111100111001111110
00001010000001110000100111101000101011101000011011110001111110101110000001100011000001000101101110010001001001011010101001100001001000110110111100110101010010110110111011000100101110111110011100111111
01000101000000111000010011110100010101110100001101111000111111010111000000110001100000100010110111001000100100101101010100110000100100011011011110011010101001011011011101100010010111011111001110011111
01100010100000011100001001111010001010111010000110111100011111101011100000011000110000010001011011100100010010010110101010011000010010001101101111001101010100101101101110110001001011101111100111001111
01110001010000001110000100111101000101011101000011011110001111110101110000001100011000001000101101110010001001001011010101001100001001000110110111100110101010010110110111011000100101110111110011100111
01111000101000000111000010011110100010101110100001101111000111111010111000000110001100000100010110111001000100100101101010100110000100100011011011110011010101001011011011101100010010111011111001110011
01111100010100000011100001001111010001010111010000110111100011111101011100000011000110000010001011011100100010010010110101010011000010010001101101111001101010100101101101110110001001011101111100111001
01111110001010000001110000100111101000101011101000011011110001111110101110000001100011000001000101101110010001001001011010101001100001001000110110111100110101010010110110111011000100101110111110011100
00111111000101000000111000010011110100010101110100001101111000111111010111000000110001100000100010110111001000100100101101010100110000100100011011011110011010101001011011011101100010010111011111001110
00011111100010100000011100001001111010001010111010000110111100011111101011100000011000110000010001011011100100010010010110101010011000010010001101101111001101010100101101101110110001001011101111100111
01001111110001010000001110000100111101000101011101000011011110001111110101110000001100011000001000101101110010001001001011010101001100001001000110110111100110101010010110110111011000100101110111110011
01100111111000101000000111000010011110100010101110100001101111000111111010111000000110001100000100010110111001000100100101101010100110000100100011011011110011010101001011011011101100010010111011111001
01110011111100010100000011100001001111010001010111010000110111100011111101011100000011000110000010001011011100100010010010110101010011000010010001101101111001101010100101101101110110001001011101111100
00111001111110001010000001110000100111101000101011101000011011110001111110101110000001100011000001000101101110010001001001011010101001100001001000110110111100110101010010110110111011000100101110111110
00011100111111000101000000111000010011110100010101110100001101111000111111010111000000110001100000100010110111001000100100101101010100110000100100011011011110011010101001011011011101100010010111011111
01001110011111100010100000011100001001111010001010111010000110111100011111101011100000011000110000010001011011100100010010010110101010011000010010001101101111001101010100101101101110110001001011101111
01100111001111110001010000001110000100111101000101011101000011011110001111110101110000001100011000001000101101110010001001001011010101001100001001000110110111100110101010010110110111011000100101110111
01110011100111111000101000000111000010011110100010101110100001101111000111111010111000000110001100000100010110111001000100100101101010100110000100100011011011110011010101001011011011101100010010111011
01111001110011111100010100000011100001001111010001010111010000110111100011111101011100000011000110000010001011011100100010010010110101010011000010010001101101111001101010100101101101110110001001011101
01111100111001111110001010000001110000100111101000101011101000011011110001111110101110000001100011000001000101101110010001001001011010101001100001001000110110111100110101010010110110111011000100101110
00111110011100111111000101000000111000010011110100010101110100001101111000111111010111000000110001100000100010110111001000100100101101010100110000100100011011011110011010101001011011011101100010010111
01011111001110011111100010100000011100001001111010001010111010000110111100011111101011100000011000110000010001011011100100010010010110101010011000010010001101101111001101010100101101101110110001001011
01101111100111001111110001010000001110000100111101000101011101000011011110001111110101110000001100011000001000101101110010001001001011010101001100001001000110110111100110101010010110110111011000100101
01110111110011100111111000101000000111000010011110100010101110100001101111000111111010111000000110001100000100010110111001000100100101101010100110000100100011011011110011010101001011011011101100010010
00111011111001110011111100010100000011100001001111010001010111010000110111100011111101011100000011000110000010001011011100100010010010110101010011000010010001101101111001101010100101101101110110001001
01011101111100111001111110001010000001110000100111101000101011101000011011110001111110101110000001100011000001000101101110010001001001011010101001100001001000110110111100110101010010110110111011000100
00101110111110011100111111000101000000111000010011110100010101110100001101111000111111010111000000110001100000100010110111001000100100101101010100110000100100011011011110011010101001011011011101100010
00010111011111001110011111100010100000011100001001111010001010111010000110111100011111101011100000011000110000010001011011100100010010010110101010011000010010001101101111001101010100101101101110110001
01001011101111100111001111110001010000001110000100111101000101011101000011011110001111110101110000001100011000001000101101110010001001001011010101001100001001000110110111100110101010010110110111011000
00100101110111110011100111111000101000000111000010011110100010101110100001101111000111111010111000000110001100000100010110111001000100100101101010100110000100100011011011110011010101001011011011101100
00010010111011111001110011111100010100000011100001001111010001010111010000110111100011111101011100000011000110000010001011011100100010010010110101010011000010010001101101111001101010100101101101110110
00001001011101111100111001111110001010000001110000100111101000101011101000011011110001111110101110000001100011000001000101101110010001001001011010101001100001001000110110111100110101010010110110111011
01000100101110111110011100111111000101000000111000010011110100010101110100001101111000111111010111000000110001100000100010110111001000100100101101010100110000100100011011011110011010101001011011011101
01100010010111011111001110011111100010100000011100001001111010001010111010000110111100011111101011100000011000110000010001011011100100010010010110101010011000010010001101101111001101010100101101101110
00110001001011101111100111001111110001010000001110000100111101000101011101000011011110001111110101110000001100011000001000101101110010001001001011010101001100001001000110110111100110101010010110110111
01011000100101110111110011100111111000101000000111000010011110100010101110100001101111000111111010111000000110001100000100010110111001000100100101101010100110000100100011011011110011010101001011011011
01101100010010111011111001110011111100010100000011100001001111010001010111010000110111100011111101011100000011000110000010001011011100100010010010110101010011000010010001101101111001101010100101101101
01110110001001011101111100111001111110001010000001110000100111101000101011101000011011110001111110101110000001100011000001000101101110010001001001011010101001100001001000110110111100110101010010110110
00111011000100101110111110011100111111000101000000111000010011110100010101110100001101111000111111010111000000110001100000100010110111001000100100101101010100110000100100011011011110011010101001011011
01011101100010010111011111001110011111100010100000011100001001111010001010111010000110111100011111101011100000011000110000010001011011100100010010010110101010011000010010001101101111001101010100101101
01101110110001001011101111100111001111110001010000001110000100111101000101011101000011011110001111110101110000001100011000001000101101110010001001001011010101001100001001000110110111100110101010010110
00110111011000100101110111110011100111111000101000000111000010011110100010101110100001101111000111111010111000000110001100000100010110111001000100100101101010100110000100100011011011110011010101001011
01011011101100010010111011111001110011111100010100000011100001001111010001010111010000110111100011111101011100000011000110000010001011011100100010010010110101010011000010010001101101111001101010100101
01101101110110001001011101111100111001111110001010000001110000100111101000101011101000011011110001111110101110000001100011000001000101101110010001001001011010101001100001001000110110111100110101010010
00110110111011000100101110111110011100111111000101000000111000010011110100010101110100001101111000111111010111000000110001100000100010110111001000100100101101010100110000100100011011011110011010101001
01011011011101100010010111011111001110011111100010100000011100001001111010001010111010000110111100011111101011100000011000110000010001011011100100010010010110101010011000010010001101101111001101010100
00101101101110110001001011101111100111001111110001010000001110000100111101000101011101000011011110001111110101110000001100011000001000101101110010001001001011010101001100001001000110110111100110101010
00010110110111011000100101110111110011100111111000101000000111000010011110100010101110100001101111000111111010111000000110001100000100010110111001000100100101101010100110000100100011011011110011010101
01001011011011101100010010111011111001110011111100010100000011100001001111010001010111010000110111100011111101011100000011000110000010001011011100100010010010110101010011000010010001101101111001101010
00100101101101110110001001011101111100111001111110001010000001110000100111101000101011101000011011110001111110101110000001100011000001000101101110010001001001011010101001100001001000110110111100110101
01010010110110111011000100101110111110011100111111000101000000111000010011110100010101110100001101111000111111010111000000110001100000100010110111001000100100101101010100110000100100011011011110011010
00101001011011011101100010010111011111001110011111100010100000011100001001111010001010111010000110111100011111101011100000011000110000010001011011100100010010010110101010011000010010001101101111001101
01010100101101101110110001001011101111100111001111110001010000001110000100111101000101011101000011011110001111110101110000001100011000001000101101110010001001001011010101001100001001000110110111100110
00101010010110110111011000100101110111110011100111111000101000000111000010011110100010101110100001101111000111111010111000000110001100000100010110111001000100100101101010100110000100100011011011110011
01010101001011011011101100010010111011111001110011111100010100000011100001001111010001010111010000110111100011111101011100000011000110000010001011011100100010010010110101010011000010010001101101111001
01101010100101101101110110001001011101111100111001111110001010000001110000100111101000101011101000011011110001111110101110000001100011000001000101101110010001001001011010101001100001001000110110111100
00110101010010110110111011000100101110111110011100111111000101000000111000010011110100010101110100001101111000111111010111000000110001100000100010110111001000100100101101010100110000100100011011011110
00011010101001011011011101100010010111011111001110011111100010100000011100001001111010001010111010000110111100011111101011100000011000110000010001011011100100010010010110101010011000010010001101101111
01001101010100101101101110110001001011101111100111001111110001010000001110000100111101000101011101000011011110001111110101110000001100011000001000101101110010001001001011010101001100001001000110110111
01100110101010010110110111011000100101110111110011100111111000101000000111000010011110100010101110100001101111000111111010111000000110001100000100010110111001000100100101101010100110000100100011011011
01110011010101001011011011101100010010111011111001110011111100010100000011100001001111010001010111010000110111100011111101011100000011000110000010001011011100100010010010110101010011000010010001101101
01111001101010100101101101110110001001011101111100111001111110001010000001110000100111101000101011101000011011110001111110101110000001100011000001000101101110010001001001011010101001100001001000110110
00111100110101010010110110111011000100101110111110011100111111000101000000111000010011110100010101110100001101111000111111010111000000110001100000100010110111001000100100101101010100110000100100011011
01011110011010101001011011011101100010010111011111001110011111100010100000011100001001111010001010111010000110111100011111101011100000011000110000010001011011100100010010010110101010011000010010001101
01101111001101010100101101101110110001001011101111100111001111110001010000001110000100111101000101011101000011011110001111110101110000001100011000001000101101110010001001001011010101001100001001000110
00110111100110101010010110110111011000100101110111110011100111111000101000000111000010011110100010101110100001101111000111111010111000000110001100000100010110111001000100100101101010100110000100100011
01011011110011010101001011011011101100010010111011111001110011111100010100000011100001001111010001010111010000110111100011111101011100000011000110000010001011011100100010010010110101010011000010010001
01101101111001101010100101101101110110001001011101111100111001111110001010000001110000100111101000101011101000011011110001111110101110000001100011000001000101101110010001001001011010101001100001001000
10000000000000000000000000000000000000000000000000000000000000000000000000000000000000000000000000000000000000000000000000000000000000000000000000000000000000000000000000000000000000000000000000000000
11001001000011001010101101001001000100111011010001000001100011000000111010111111000111101100001011101010001011110010000111000000101000111111001110011111011101001000110111011011010010101011001111011011
11100100100001100101010110100100100010011101101000100000110001100000011101011111100011110110000101110101000101111001000011100000010100011111100111001111101110100100011011101101101001010101100111101101
11110010010000110010101011010010010001001110110100010000011000110000001110101111110001111011000010111010100010111100100001110000001010001111110011100111110111010010001101110110110100101010110011110110
10111001001000011001010101101001001000100111011010001000001100011000000111010111111000111101100001011101010001011110010000111000000101000111111001110011111011101001000110111011011010010101011001111011
11011100100100001100101010110100100100010011101101000100000110001100000011101011111100011110110000101110101000101111001000011100000010100011111100111001111101110100100011011101101101001010101100111101
11101110010010000110010101011010010010001001110110100010000011000110000001110101111110001111011000010111010100010111100100001110000001010001111110011100111110111010010001101110110110100101010110011110
10110111001001000011001010101101001001000100111011010001000001100011000000111010111111000111101100001011101010001011110010000111000000101000111111001110011111011101001000110111011011010010101011001111
11011011100100100001100101010110100100100010011101101000100000110001100000011101011111100011110110000101110101000101111001000011100000010100011111100111001111101110100100011011101101101001010101100111
11101101110010010000110010101011010010010001001110110100010000011000110000001110101111110001111011000010111010100010111100100001110000001010001111110011100111110111010010001101110110110100101010110011
11110110111001001000011001010101101001001000100111011010001000001100011000000111010111111000111101100001011101010001011110010000111000000101000111111001110011111011101001000110111011011010010101011001
11111011011100100100001100101010110100100100010011101101000100000110001100000011101011111100011110110000101110101000101111001000011100000010100011111100111001111101110100100011011101101101001010101100
10111101101110010010000110010101011010010010001001110110100010000011000110000001110101111110001111011000010111010100010111100100001110000001010001111110011100111110111010010001101110110110100101010110
10011110110111001001000011001010101101001001000100111011010001000001100011000000111010111111000111101100001011101010001011110010000111000000101000111111001110011111011101001000110111011011010010101011
11001111011011100100100001100101010110100100100010011101101000100000110001100000011101011111100011110110000101110101000101111001000011100000010100011111100111001111101110100100011011101101101001010101
11100111101101110010010000110010101011010010010001001110110100010000011000110000001110101111110001111011000010111010100010111100100001110000001010001111110011100111110111010010001101110110110100101010
10110011110110111001001000011001010101101001001000100111011010001000001100011000000111010111111000111101100001011101010001011110010000111000000101000111111001110011111011101001000110111011011010010101
11011001111011011100100100001100101010110100100100010011101101000100000110001100000011101011111100011110110000101110101000101111001000011100000010100011111100111001111101110100100011011101101101001010
10101100111101101110010010000110010101011010010010001001110110100010000011000110000001110101111110001111011000010111010100010111100100001110000001010001111110011100111110111010010001101110110110100101
11010110011110110111001001000011001010101101001001000100111011010001000001100011000000111010111111000111101100001011101010001011110010000111000000101000111111001110011111011101001000110111011011010010
10101011001111011011100100100001100101010110100100100010011101101000100000110001100000011101011111100011110110000101110101000101111001000011100000010100011111100111001111101110100100011011101101101001
11010101100111101101110010010000110010101011010010010001001110110100010000011000110000001110101111110001111011000010111010100010111100100001110000001010001111110011100111110111010010001101110110110100
10101010110011110110111001001000011001010101101001001000100111011010001000001100011000000111010111111000111101100001011101010001011110010000111000000101000111111001110011111011101001000110111011011010
10010101011001111011011100100100001100101010110100100100010011101101000100000110001100000011101011111100011110110000101110101000101111001000011100000010100011111100111001111101110100100011011101101101
11001010101100111101101110010010000110010101011010010010001001110110100010000011000110000001110101111110001111011000010111010100010111100100001110000001010001111110011100111110111010010001101110110110
10100101010110011110110111001001000011001010101101001001000100111011010001000001100011000000111010111111000111101100001011101010001011110010000111000000101000111111001110011111011101001000110111011011
11010010101011001111011011100100100001100101010110100100100010011101101000100000110001100000011101011111100011110110000101110101000101111001000011100000010100011111100111001111101110100100011011101101
11101001010101100111101101110010010000110010101011010010010001001110110100010000011000110000001110101111110001111011000010111010100010111100100001110000001010001111110011100111110111010010001101110110
10110100101010110011110110111001001000011001010101101001001000100111011010001000001100011000000111010111111000111101100001011101010001011110010000111000000101000111111001110011111011101001000110111011
11011010010101011001111011011100100100001100101010110100100100010011101101000100000110001100000011101011111100011110110000101110101000101111001000011100000010100011111100111001111101110100100011011101
11101101001010101100111101101110010010000110010101011010010010001001110110100010000011000110000001110101111110001111011000010111010100010111100100001110000001010001111110011100111110111010010001101110
10110110100101010110011110110111001001000011001010101101001001000100111011010001000001100011000000111010111111000111101100001011101010001011110010000111000000101000111111001110011111011101001000110111
11011011010010101011001111011011100100100001100101010110100100100010011101101000100000110001100000011101011111100011110110000101110101000101111001000011100000010100011111100111001111101110100100011011
11101101101001010101100111101101110010010000110010101011010010010001001110110100010000011000110000001110101111110001111011000010111010100010111100100001110000001010001111110011100111110111010010001101
11110110110100101010110011110110111001001000011001010101101001001000100111011010001000001100011000000111010111111000111101100001011101010001011110010000111000000101000111111001110011111011101001000110
10111011011010010101011001111011011100100100001100101010110100100100010011101101000100000110001100000011101011111100011110110000101110101000101111001000011100000010100011111100111001111101110100100011
11011101101101001010101100111101101110010010000110010101011010010010001001110110100010000011000110000001110101111110001111011000010111010100010111100100001110000001010001111110011100111110111010010001
11101110110110100101010110011110110111001001000011001010101101001001000100111011010001000001100011000000111010111111000111101100001011101010001011110010000111000000101000111111001110011111011101001000
10110111011011010010101011001111011011100100100001100101010110100100100010011101101000100000110001100000011101011111100011110110000101110101000101111001000011100000010100011111100111001111101110100100
10011011101101101001010101100111101101110010010000110010101011010010010001001110110100010000011000110000001110101111110001111011000010111010100010111100100001110000001010001111110011100111110111010010
10001101110110110100101010110011110110111001001000011001010101101001001000100111011010001000001100011000000111010111111000111101100001011101010001011110010000111000000101000111111001110011111011101001
11000110111011011010010101011001111011011100100100001100101010110100100100010011101101000100000110001100000011101011111100011110110000101110101000101111001000011100000010100011111100111001111101110100
10100011011101101101001010101100111101101110010010000110010101011010010010001001110110100010000011000110000001110101111110001111011000010111010100010111100100001110000001010001111110011100111110111010
10010001101110110110100101010110011110110111001001000011001010101101001001000100111011010001000001100011000000111010111111000111101100001011101010001011110010000111000000101000111111001110011111011101
11001000110111011011010010101011001111011011100100100001100101010110100100100010011101101000100000110001100000011101011111100011110110000101110101000101111001000011100000010100011111100111001111101110
10100100011011101101101001010101100111101101110010010000110010101011010010010001001110110100010000011000110000001110101111110001111011000010111010100010111100100001110000001010001111110011100111110111
11010010001101110110110100101010110011110110111001001000011001010101101001001000100111011010001000001100011000000111010111111000111101100001011101010001011110010000111000000101000111111001110011111011
11101001000110111011011010010101011001111011011100100100001100101010110100100100010011101101000100000110001100000011101011111100011110110000101110101000101111001000011100000010100011111100111001111101
11110100100011011101101101001010101100111101101110010010000110010101011010010010001001110110100010000011000110000001110101111110001111011000010111010100010111100100001110000001010001111110011100111110
10111010010001101110110110100101010110011110110111001001000011001010101101001001000100111011010001000001100011000000111010111111000111101100001011101010001011110010000111000000101000111111001110011111
11011101001000110111011011010010101011001111011011100100100001100101010110100100100010011101101000100000110001100000011101011111100011110110000101110101000101111001000011100000010100011111100111001111
11101110100100011011101101101001010101100111101101110010010000110010101011010010010001001110110100010000011000110000001110101111110001111011000010111010100010111100100001110000001010001111110011100111
11110111010010001101110110110100101010110011110110111001001000011001010101101001001000100111011010001000001100011000000111010111111000111101100001011101010001011110010000111000000101000111111001110011
11111011101001000110111011011010010101011001111011011100100100001100101010110100100100010011101101000100000110001100000011101011111100011110110000101110101000101111001000011100000010100011111100111001
11111101110100100011011101101101001010101100111101101110010010000110010101011010010010001001110110100010000011000110000001110101111110001111011000010111010100010111100100001110000001010001111110011100
10111110111010010001101110110110100101010110011110110111001001000011001010101101001001000100111011010001000001100011000000111010111111000111101100001011101010001011110010000111000000101000111111001110
10011111011101001000110111011011010010101011001111011011100100100001100101010110100100100010011101101000100000110001100000011101011111100011110110000101110101000101111001000011100000010100011111100111
11001111101110100100011011101101101001010101100111101101110010010000110010101011010010010001001110110100010000011000110000001110101111110001111011000010111010100010111100100001110000001010001111110011
11100111110111010010001101110110110100101010110011110110111001001000011001010101101001001000100111011010001000001100011000000111010111111000111101100001011101010001011110010000111000000101000111111001
11110011111011101001000110111011011010010101011001111011011100100100001100101010110100100100010011101101000100000110001100000011101011111100011110110000101110101000101111001000011100000010100011111100
10111001111101110100100011011101101101001010101100111101101110010010000110010101011010010010001001110110100010000011000110000001110101111110001111011000010111010100010111100100001110000001010001111110
10011100111110111010010001101110110110100101010110011110110111001001000011001010101101001001000100111011010001000001100011000000111010111111000111101100001011101010001011110010000111000000101000111111
11001110011111011101001000110111011011010010101011001111011011100100100001100101010110100100100010011101101000100000110001100000011101011111100011110110000101110101000101111001000011100000010100011111
11100111001111101110100100011011101101101001010101100111101101110010010000110010101011010010010001001110110100010000011000110000001110101111110001111011000010111010100010111100100001110000001010001111
11110011100111110111010010001101110110110100101010110011110110111001001000011001010101101001001000100111011010001000001100011000000111010111111000111101100001011101010001011110010000111000000101000111
11111001110011111011101001000110111011011010010101011001111011011100100100001100101010110100100100010011101101000100000110001100000011101011111100011110110000101110101000101111001000011100000010100011
11111100111001111101110100100011011101101101001010101100111101101110010010000110010101011010010010001001110110100010000011000110000001110101111110001111011000010111010100010111100100001110000001010001
11111110011100111110111010010001101110110110100101010110011110110111001001000011001010101101001001000100111011010001000001100011000000111010111111000111101100001011101010001011110010000111000000101000
10111111001110011111011101001000110111011011010010101011001111011011100100100001100101010110100100100010011101101000100000110001100000011101011111100011110110000101110101000101111001000011100000010100
10011111100111001111101110100100011011101101101001010101100111101101110010010000110010101011010010010001001110110100010000011000110000001110101111110001111011000010111010100010111100100001110000001010
10001111110011100111110111010010001101110110110100101010110011110110111001001000011001010101101001001000100111011010001000001100011000000111010111111000111101100001011101010001011110010000111000000101
11000111111001110011111011101001000110111011011010010101011001111011011100100100001100101010110100100100010011101101000100000110001100000011101011111100011110110000101110101000101111001000011100000010
10100011111100111001111101110100100011011101101101001010101100111101101110010010000110010101011010010010001001110110100010000011000110000001110101111110001111011000010111010100010111100100001110000001
11010001111110011100111110111010010001101110110110100101010110011110110111001001000011001010101101001001000100111011010001000001100011000000111010111111000111101100001011101010001011110010000111000000
10101000111111001110011111011101001000110111011011010010101011001111011011100100100001100101010110100100100010011101101000100000110001100000011101011111100011110110000101110101000101111001000011100000
10010100011111100111001111101110100100011011101101101001010101100111101101110010010000110010101011010010010001001110110100010000011000110000001110101111110001111011000010111010100010111100100001110000
10001010001111110011100111110111010010001101110110110100101010110011110110111001001000011001010101101001001000100111011010001000001100011000000111010111111000111101100001011101010001011110010000111000
10000101000111111001110011111011101001000110111011011010010101011001111011011100100100001100101010110100100100010011101101000100000110001100000011101011111100011110110000101110101000101111001000011100
10000010100011111100111001111101110100100011011101101101001010101100111101101110010010000110010101011010010010001001110110100010000011000110000001110101111110001111011000010111010100010111100100001110
10000001010001111110011100111110111010010001101110110110100101010110011110110111001001000011001010101101001001000100111011010001000001100011000000111010111111000111101100001011101010001011110010000111
11000000101000111111001110011111011101001000110111011011010010101011001111011011100100100001100101010110100100100010011101101000100000110001100000011101011111100011110110000101110101000101111001000011
11100000010100011111100111001111101110100100011011101101101001010101100111101101110010010000110010101011010010010001001110110100010000011000110000001110101111110001111011000010111010100010111100100001
11110000001010001111110011100111110111010010001101110110110100101010110011110110111001001000011001010101101001001000100111011010001000001100011000000111010111111000111101100001011101010001011110010000
10111000000101000111111001110011111011101001000110111011011010010101011001111011011100100100001100101010110100100100010011101101000100000110001100000011101011111100011110110000101110101000101111001000
10011100000010100011111100111001111101110100100011011101101101001010101100111101101110010010000110010101011010010010001001110110100010000011000110000001110101111110001111011000010111010100010111100100
10001110000001010001111110011100111110111010010001101110110110100101010110011110110111001001000011001010101101001001000100111011010001000001100011000000111010111111000111101100001011101010001011110010
10000111000000101000111111001110011111011101001000110111011011010010101011001111011011100100100001100101010110100100100010011101101000100000110001100000011101011111100011110110000101110101000101111001
11000011100000010100011111100111001111101110100100011011101101101001010101100111101101110010010000110010101011010010010001001110110100010000011000110000001110101111110001111011000010111010100010111100
10100001110000001010001111110011100111110111010010001101110110110100101010110011110110111001001000011001010101101001001000100111011010001000001100011000000111010111111000111101100001011101010001011110
10010000111000000101000111111001110011111011101001000110111011011010010101011001111011011100100100001100101010110100100100010011101101000100000110001100000011101011111100011110110000101110101000101111
11001000011100000010100011111100111001111101110100100011011101101101001010101100111101101110010010000110010101011010010010001001110110100010000011000110000001110101111110001111011000010111010100010111
11100100001110000001010001111110011100111110111010010001101110110110100101010110011110110111001001000011001010101101001001000100111011010001000001100011000000111010111111000111101100001011101010001011
11110010000111000000101000111111001110011111011101001000110111011011010010101011001111011011100100100001100101010110100100100010011101101000100000110001100000011101011111100011110110000101110101000101
11111001000011100000010100011111100111001111101110100100011011101101101001010101100111101101110010010000110010101011010010010001001110110100010000011000110000001110101111110001111011000010111010100010
10111100100001110000001010001111110011100111110111010010001101110110110100101010110011110110111001001000011001010101101001001000100111011010001000001100011000000111010111111000111101100001011101010001
11011110010000111000000101000111111001110011111011101001000110111011011010010101011001111011011100100100001100101010110100100100010011101101000100000110001100000011101011111100011110110000101110101000
10101111001000011100000010100011111100111001111101110100100011011101101101001010101100111101101110010010000110010101011010010010001001110110100010000011000110000001110101111110001111011000010111010100
10010111100100001110000001010001111110011100111110111010010001101110110110100101010110011110110111001001000011001010101101001001000100111011010001000001100011000000111010111111000111101100001011101010
10001011110010000111000000101000111111001110011111011101001000110111011011010010101011001111011011100100100001100101010110100100100010011101101000100000110001100000011101011111100011110110000101110101
11000101111001000011100000010100011111100111001111101110100100011011101101101001010101100111101101110010010000110010101011010010010001001110110100010000011000110000001110101111110001111011000010111010
10100010111100100001110000001010001111110011100111110111010010001101110110110100101010110011110110111001001000011001010101101001001000100111011010001000001100011000000111010111111000111101100001011101
11010001011110010000111000000101000111111001110011111011101001000110111011011010010101011001111011011100100100001100101010110100100100010011101101000100000110001100000011101011111100011110110000101110
10101000101111001000011100000010100011111100111001111101110100100011011101101101001010101100111101101110010010000110010101011010010010001001110110100010000011000110000001110101111110001111011000010111
11010100010111100100001110000001010001111110011100111110111010010001101110110110100101010110011110110111001001000011001010101101001001000100111011010001000001100011000000111010111111000111101100001011
11101010001011110010000111000000101000111111001110011111011101001000110111011011010010101011001111011011100100100001100101010110100100100010011101101000100000110001100000011101011111100011110110000101
11110101000101111001000011100000010100011111100111001111101110100100011011101101101001010101100111101101110010010000110010101011010010010001001110110100010000011000110000001110101111110001111011000010
10111010100010111100100001110000001010001111110011100111110111010010001101110110110100101010110011110110111001001000011001010101101001001000100111011010001000001100011000000111010111111000111101100001
11011101010001011110010000111000000101000111111001110011111011101001000110111011011010010101011001111011011100100100001100101010110100100100010011101101000100000110001100000011101011111100011110110000
10101110101000101111001000011100000010100011111100111001111101110100100011011101101101001010101100111101101110010010000110010101011010010010001001110110100010000011000110000001110101111110001111011000
10010111010100010111100100001110000001010001111110011100111110111010010001101110110110100101010110011110110111001001000011001010101101001001000100111011010001000001100011000000111010111111000111101100
10001011101010001011110010000111000000101000111111001110011111011101001000110111011011010010101011001111011011100100100001100101010110100100100010011101101000100000110001100000011101011111100011110110
10000101110101000101111001000011100000010100011111100111001111101110100100011011101101101001010101100111101101110010010000110010101011010010010001001110110100010000011000110000001110101111110001111011
11000010111010100010111100100001110000001010001111110011100111110111010010001101110110110100101010110011110110111001001000011001010101101001001000100111011010001000001100011000000111010111111000111101
11100001011101010001011110010000111000000101000111111001110011111011101001000110111011011010010101011001111011011100100100001100101010110100100100010011101101000100000110001100000011101011111100011110
10110000101110101000101111001000011100000010100011111100111001111101110100100011011101101101001010101100111101101110010010000110010101011010010010001001110110100010000011000110000001110101111110001111
11011000010111010100010111100100001110000001010001111110011100111110111010010001101110110110100101010110011110110111001001000011001010101101001001000100111011010001000001100011000000111010111111000111
11101100001011101010001011110010000111000000101000111111001110011111011101001000110111011011010010101011001111011011100100100001100101010110100100100010011101101000100000110001100000011101011111100011
11110110000101110101000101111001000011100000010100011111100111001111101110100100011011101101101001010101100111101101110010010000110010101011010010010001001110110100010000011000110000001110101111110001
11111011000010111010100010111100100001110000001010001111110011100111110111010010001101110110110100101010110011110110111001001000011001010101101001001000100111011010001000001100011000000111010111111000
10111101100001011101010001011110010000111000000101000111111001110011111011101001000110111011011010010101011001111011011100100100001100101010110100100100010011101101000100000110001100000011101011111100
10011110110000101110101000101111001000011100000010100011111100111001111101110100100011011101101101001010101100111101101110010010000110010101011010010010001001110110100010000011000110000001110101111110
10001111011000010111010100010111100100001110000001010001111110011100111110111010010001101110110110100101010110011110110111001001000011001010101101001001000100111011010001000001100011000000111010111111
11000111101100001011101010001011110010000111000000101000111111001110011111011101001000110111011011010010101011001111011011100100100001100101010110100100100010011101101000100000110001100000011101011111
11100011110110000101110101000101111001000011100000010100011111100111001111101110100100011011101101101001010101100111101101110010010000110010101011010010010001001110110100010000011000110000001110101111
11110001111011000010111010100010111100100001110000001010001111110011100111110111010010001101110110110100101010110011110110111001001000011001010101101001001000100111011010001000001100011000000111010111
11111000111101100001011101010001011110010000111000000101000111111001110011111011101001000110111011011010010101011001111011011100100100001100101010110100100100010011101101000100000110001100000011101011
11111100011110110000101110101000101111001000011100000010100011111100111001111101110100100011011101101101001010101100111101101110010010000110010101011010010010001001110110100010000011000110000001110101
11111110001111011000010111010100010111100100001110000001010001111110011100111110111010010001101110110110100101010110011110110111001001000011001010101101001001000100111011010001000001100011000000111010
10111111000111101100001011101010001011110010000111000000101000111111001110011111011101001000110111011011010010101011001111011011100100100001100101010110100100100010011101101000100000110001100000011101
11011111100011110110000101110101000101111001000011100000010100011111100111001111101110100100011011101101101001010101100111101101110010010000110010101011010010010001001110110100010000011000110000001110
10101111110001111011000010111010100010111100100001110000001010001111110011100111110111010010001101110110110100101010110011110110111001001000011001010101101001001000100111011010001000001100011000000111
11010111111000111101100001011101010001011110010000111000000101000111111001110011111011101001000110111011011010010101011001111011011100100100001100101010110100100100010011101101000100000110001100000011
11101011111100011110110000101110101000101111001000011100000010100011111100111001111101110100100011011101101101001010101100111101101110010010000110010101011010010010001001110110100010000011000110000001
11110101111110001111011000010111010100010111100100001110000001010001111110011100111110111010010001101110110110100101010110011110110111001001000011001010101101001001000100111011010001000001100011000000
10111010111111000111101100001011101010001011110010000111000000101000111111001110011111011101001000110111011011010010101011001111011011100100100001100101010110100100100010011101101000100000110001100000
10011101011111100011110110000101110101000101111001000011100000010100011111100111001111101110100100011011101101101001010101100111101101110010010000110010101011010010010001001110110100010000011000110000
10001110101111110001111011000010111010100010111100100001110000001010001111110011100111110111010010001101110110110100101010110011110110111001001000011001010101101001001000100111011010001000001100011000
10000111010111111000111101100001011101010001011110010000111000000101000111111001110011111011101001000110111011011010010101011001111011011100100100001100101010110100100100010011101101000100000110001100
10000011101011111100011110110000101110101000101111001000011100000010100011111100111001111101110100100011011101101101001010101100111101101110010010000110010101011010010010001001110110100010000011000110
10000001110101111110001111011000010111010100010111100100001110000001010001111110011100111110111010010001101110110110100101010110011110110111001001000011001010101101001001000100111011010001000001100011
11000000111010111111000111101100001011101010001011110010000111000000101000111111001110011111011101001000110111011011010010101011001111011011100100100001100101010110100100100010011101101000100000110001
11100000011101011111100011110110000101110101000101111001000011100000010100011111100111001111101110100100011011101101101001010101100111101101110010010000110010101011010010010001001110110100010000011000
10110000001110101111110001111011000010111010100010111100100001110000001010001111110011100111110111010010001101110110110100101010110011110110111001001000011001010101101001001000100111011010001000001100
10011000000111010111111000111101100001011101010001011110010000111000000101000111111001110011111011101001000110111011011010010101011001111011011100100100001100101010110100100100010011101101000100000110
10001100000011101011111100011110110000101110101000101111001000011100000010100011111100111001111101110100100011011101101101001010101100111101101110010010000110010101011010010010001001110110100010000011
11000110000001110101111110001111011000010111010100010111100100001110000001010001111110011100111110111010010001101110110110100101010110011110110111001001000011001010101101001001000100111011010001000001
11100011000000111010111111000111101100001011101010001011110010000111000000101000111111001110011111011101001000110111011011010010101011001111011011100100100001100101010110100100100010011101101000100000
10110001100000011101011111100011110110000101110101000101111001000011100000010100011111100111001111101110100100011011101101101001010101100111101101110010010000110010101011010010010001001110110100010000
10011000110000001110101111110001111011000010111010100010111100100001110000001010001111110011100111110111010010001101110110110100101010110011110110111001001000011001010101101001001000100111011010001000
10001100011000000111010111111000111101100001011101010001011110010000111000000101000111111001110011111011101001000110111011011010010101011001111011011100100100001100101010110100100100010011101101000100
10000110001100000011101011111100011110110000101110101000101111001000011100000010100011111100111001111101110100100011011101101101001010101100111101101110010010000110010101011010010010001001110110100010
10000011000110000001110101111110001111011000010111010100010111100100001110000001010001111110011100111110111010010001101110110110100101010110011110110111001001000011001010101101001001000100111011010001
11000001100011000000111010111111000111101100001011101010001011110010000111000000101000111111001110011111011101001000110111011011010010101011001111011011100100100001100101010110100100100010011101101000
10100000110001100000011101011111100011110110000101110101000101111001000011100000010100011111100111001111101110100100011011101101101001010101100111101101110010010000110010101011010010010001001110110100
10010000011000110000001110101111110001111011000010111010100010111100100001110000001010001111110011100111110111010010001101110110110100101010110011110110111001001000011001010101101001001000100111011010
10001000001100011000000111010111111000111101100001011101010001011110010000111000000101000111111001110011111011101001000110111011011010010101011001111011011100100100001100101010110100100100010011101101
11000100000110001100000011101011111100011110110000101110101000101111001000011100000010100011111100111001111101110100100011011101101101001010101100111101101110010010000110010101011010010010001001110110
10100010000011000110000001110101111110001111011000010111010100010111100100001110000001010001111110011100111110111010010001101110110110100101010110011110110111001001000011001010101101001001000100111011
11010001000001100011000000111010111111000111101100001011101010001011110010000111000000101000111111001110011111011101001000110111011011010010101011001111011011100100100001100101010110100100100010011101
11101000100000110001100000011101011111100011110110000101110101000101111001000011100000010100011111100111001111101110100100011011101101101001010101100111101101110010010000110010101011010010010001001110
10110100010000011000110000001110101111110001111011000010111010100010111100100001110000001010001111110011100111110111010010001101110110110100101010110011110110111001001000011001010101101001001000100111
11011010001000001100011000000111010111111000111101100001011101010001011110010000111000000101000111111001110011111011101001000110111011011010010101011001111011011100100100001100101010110100100100010011
11101101000100000110001100000011101011111100011110110000101110101000101111001000011100000010100011111100111001111101110100100011011101101101001010101100111101101110010010000110010101011010010010001001
11110110100010000011000110000001110101111110001111011000010111010100010111100100001110000001010001111110011100111110111010010001101110110110100101010110011110110111001001000011001010101101001001000100
10111011010001000001100011000000111010111111000111101100001011101010001011110010000111000000101000111111001110011111011101001000110111011011010010101011001111011011100100100001100101010110100100100010
10011101101000100000110001100000011101011111100011110110000101110101000101111001000011100000010100011111100111001111101110100100011011101101101001010101100111101101110010010000110010101011010010010001
11001110110100010000011000110000001110101111110001111011000010111010100010111100100001110000001010001111110011100111110111010010001101110110110100101010110011110110111001001000011001010101101001001000
10100111011010001000001100011000000111010111111000111101100001011101010001011110010000111000000101000111111001110011111011101001000110111011011010010101011001111011011100100100001100101010110100100100
10010011101101000100000110001100000011101011111100011110110000101110101000101111001000011100000010100011111100111001111101110100100011011101101101001010101100111101101110010010000110010101011010010010
10001001110110100010000011000110000001110101111110001111011000010111010100010111100100001110000001010001111110011100111110111010010001101110110110100101010110011110110111001001000011001010101101001001
11000100111011010001000001100011000000111010111111000111101100001011101010001011110010000111000000101000111111001110011111011101001000110111011011010010101011001111011011100100100001100101010110100100
10100010011101101000100000110001100000011101011111100011110110000101110101000101111001000011100000010100011111100111001111101110100100011011101101101001010101100111101101110010010000110010101011010010
10010001001110110100010000011000110000001110101111110001111011000010111010100010111100100001110000001010001111110011100111110111010010001101110110110100101010110011110110111001001000011001010101101001
11001000100111011010001000001100011000000111010111111000111101100001011101010001011110010000111000000101000111111001110011111011101001000110111011011010010101011001111011011100100100001100101010110100
10100100010011101101000100000110001100000011101011111100011110110000101110101000101111001000011100000010100011111100111001111101110100100011011101101101001010101100111101101110010010000110010101011010
10010010001001110110100010000011000110000001110101111110001111011000010111010100010111100100001110000001010001111110011100111110111010010001101110110110100101010110011110110111001001000011001010101101
11001001000100111011010001000001100011000000111010111111000111101100001011101010001011110010000111000000101000111111001110011111011101001000110111011011010010101011001111011011100100100001100101010110
10100100100010011101101000100000110001100000011101011111100011110110000101110101000101111001000011100000010100011111100111001111101110100100011011101101101001010101100111101101110010010000110010101011
11010010010001001110110100010000011000110000001110101111110001111011000010111010100010111100100001110000001010001111110011100111110111010010001101110110110100101010110011110110111001001000011001010101
11101001001000100111011010001000001100011000000111010111111000111101100001011101010001011110010000111000000101000111111001110011111011101001000110111011011010010101011001111011011100100100001100101010
10110100100100010011101101000100000110001100000011101011111100011110110000101110101000101111001000011100000010100011111100111001111101110100100011011101101101001010101100111101101110010010000110010101
11011010010010001001110110100010000011000110000001110101111110001111011000010111010100010111100100001110000001010001111110011100111110111010010001101110110110100101010110011110110111001001000011001010
10101101001001000100111011010001000001100011000000111010111111000111101100001011101010001011110010000111000000101000111111001110011111011101001000110111011011010010101011001111011011100100100001100101
11010110100100100010011101101000100000110001100000011101011111100011110110000101110101000101111001000011100000010100011111100111001111101110100100011011101101101001010101100111101101110010010000110010
10101011010010010001001110110100010000011000110000001110101111110001111011000010111010100010111100100001110000001010001111110011100111110111010010001101110110110100101010110011110110111001001000011001
11010101101001001000100111011010001000001100011000000111010111111000111101100001011101010001011110010000111000000101000111111001110011111011101001000110111011011010010101011001111011011100100100001100
10101010110100100100010011101101000100000110001100000011101011111100011110110000101110101000101111001000011100000010100011111100111001111101110100100011011101101101001010101100111101101110010010000110
10010101011010010010001001110110100010000011000110000001110101111110001111011000010111010100010111100100001110000001010001111110011100111110111010010001101110110110100101010110011110110111001001000011
11001010101101001001000100111011010001000001100011000000111010111111000111101100001011101010001011110010000111000000101000111111001110011111011101001000110111011011010010101011001111011011100100100001
11100101010110100100100010011101101000100000110001100000011101011111100011110110000101110101000101111001000011100000010100011111100111001111101110100100011011101101101001010101100111101101110010010000
10110010101011010010010001001110110100010000011000110000001110101111110001111011000010111010100010111100100001110000001010001111110011100111110111010010001101110110110100101010110011110110111001001000
10011001010101101001001000100111011010001000001100011000000111010111111000111101100001011101010001011110010000111000000101000111111001110011111011101001000110111011011010010101011001111011011100100100
10001100101010110100100100010011101101000100000110001100000011101011111100011110110000101110101000101111001000011100000010100011111100111001111101110100100011011101101101001010101100111101101110010010
10000110010101011010010010001001110110100010000011000110000001110101111110001111011000010111010100010111100100001110000001010001111110011100111110111010010001101110110110100101010110011110110111001001
11000011001010101101001001000100111011010001000001100011000000111010111111000111101100001011101010001011110010000111000000101000111111001110011111011101001000110111011011010010101011001111011011100100
10100001100101010110100100100010011101101000100000110001100000011101011111100011110110000101110101000101111001000011100000010100011111100111001111101110100100011011101101101001010101100111101101110010
10010000110010101011010010010001001110110100010000011000110000001110101111110001111011000010111010100010111100100001110000001010001111110011100111110111010010001101110110110100101010110011110110111001
11001000011001010101101001001000100111011010001000001100011000000111010111111000111101100001011101010001011110010000111000000101000111111001110011111011101001000110111011011010010101011001111011011100
10100100001100101010110100100100010011101101000100000110001100000011101011111100011110110000101110101000101111001000011100000010100011111100111001111101110100100011011101101101001010101100111101101110
10010010000110010101011010010010001001110110100010000011000110000001110101111110001111011000010111010100010111100100001110000001010001111110011100111110111010010001101110110110100101010110011110110111
