000000000000000000000000
000000011000001111111111
000000101111110000011111
000001001111111111100000
000111111000110101001010
001011111010010010110001
010101111001101000100101
001110000001110011100111
010110000010111100111001
000111100101001110010011
001101100010101011011100
011001100100011001101011
001110011111001001001001
011100011100111010010010
001101010101010100111100
010011010011011010001110
011001010011100101010011
011010101001011101010100
011100101011000110101010
001010110110101100100110
010010110101100011111000
010100110110010111000101
010111001110000001110110
011011001100100110001101
111111111111111111111111
111111100111110000000000
111111010000001111100000
111110110000000000011111
111000000111001010110101
110100000101101101001110
101010000110010111011010
110001111110001100011000
101001111101000011000110
111000011010110001101100
110010011101010100100011
100110011011100110010100
110001100000110110110110
100011100011000101101101
110010101010101011000011
101100101100100101110001
100110101100011010101100
100101010110100010101011
100011010100111001010101
110101001001010011011001
101101001010011100000111
101011001001101000111010
101000110001111110001001
100100110011011001110010
