00000000000000000000
01011000010101111001
01101100001010111100
00110110000101011110
00011011000010101111
01001101100001010111
01100110110000101011
01110011011000010101
01111001101100001010
00111100110110000101
01011110011011000010
00101111001101100001
01010111100110110000
00101011110011011000
00010101111001101100
00001010111100110110
00000101011110011011
01000010101111001101
01100001010111100110
00110000101011110011
11111111111111111111
10100111101010000110
10010011110101000011
11001001111010100001
11100100111101010000
10110010011110101000
10011001001111010100
10001100100111101010
10000110010011110101
11000011001001111010
10100001100100111101
11010000110010011110
10101000011001001111
11010100001100100111
11101010000110010011
11110101000011001001
11111010100001100100
10111101010000110010
10011110101000011001
11001111010100001100
