000000000000000000000000
000000111111000000111111
000000111111111111000000
000011000101011101110101
000011001010110110011110
000011110000101011101011
001100000110111010101101
001100010001010111111010
001100101000101101010111
001111001111000011000011
001111110011001100001100
001111111100110000110000
010101001011101001111000
010101011100011100001011
010101110010010011010101
010110010110100101100110
010110100101100110011001
010110101001011010100110
011001010101101010010110
011001100011110100100011
011001101100000111101100
011010011001110001001101
011010011010001110110001
011010100110011001011010
111111111111111111111111
111111000000111111000000
111111000000000000111111
111100111010100010001010
111100110101001001100001
111100001111010100010100
110011111001000101010010
110011101110101000000101
110011010111010010101000
110000110000111100111100
110000001100110011110011
110000000011001111001111
101010110100010110000111
101010100011100011110100
101010001101101100101010
101001101001011010011001
101001011010011001100110
101001010110100101011001
100110101010010101101001
100110011100001011011100
100110010011111000010011
100101100110001110110010
100101100101110001001110
100101011001100110100101
