11111111111111111111
11110010100011001010
11111000010101100001
11110101000110010100
10101110010010011001
10011111000001101100
11001110100100110010
10010101110001010011
11000011110100001101
10101001110010100110
10000000000111111111
10110010101000110101
11011000011000011110
11100101001000101011
10100110011101000110
10011011001110000011
11001100101011000101
10010100111110101000
11000011011011110000
10101001101101011000
00000000000000000000
00001101011100110101
00000111101010011110
00001010111001101011
01010001101101100110
01100000111110010011
00110001011011001101
01101010001110101100
00111100001011110010
01010110001101011001
01111111111000000000
01001101010111001010
00100111100111100001
00011010110111010100
01011001100010111001
01100100110001111100
00110011010100111010
01101011000001010111
00111100100100001111
01010110010010100111
