000000000000000000000000
000000000000111111111111
000000111111000111000111
000000111111111000111000
000111000111011001001011
000111000111100110110100
011001001011000000111111
011001001011111111000000
001011011100001011011100
001011101100101100100011
010101011100110010010011
010101101100010101101100
011010010101010101110001
011100100101001110011010
001110011001110100001110
010110101001101001010101
001101110001011010100101
010011110001100011101010
011010100110110010001101
011100010110101001100110
001110101010010011110010
010110011010001110101001
001101110010100101011001
010011110010011100010110
111111111111111111111111
111111111111000000000000
111111000000111000111000
111111000000000111000111
111000111000100110110100
111000111000011001001011
100110110100111111000000
100110110100000000111111
110100100011110100100011
110100010011010011011100
101010100011001101101100
101010010011101010010011
100101101010101010001110
100011011010110001100101
110001100110001011110001
101001010110010110101010
110010001110100101011010
101100001110011100010101
100101011001001101110010
100011101001010110011001
110001010101101100001101
101001100101110001010110
110010001101011010100110
101100001101100011101001
