000000000000000000000000
011111010110011001010000
001111101011001100101000
000111110101100110010100
000011111010110011001010
000001111101011001100101
010000111110101100110010
001000011111010110011001
010100001111101011001100
001010000111110101100110
000101000011111010110011
010010100001111101011001
011001010000111110101100
001100101000011111010110
000110010100001111101011
010011001010000111110101
011001100101000011111010
001100110010100001111101
010110011001010000111110
001011001100101000011111
010101100110010100001111
011010110011001010000111
011101011001100101000011
011110101100110010100001
111111111111111111111111
100000101001100110101111
110000010100110011010111
111000001010011001101011
111100000101001100110101
111110000010100110011010
101111000001010011001101
110111100000101001100110
101011110000010100110011
110101111000001010011001
111010111100000101001100
101101011110000010100110
100110101111000001010011
110011010111100000101001
111001101011110000010100
101100110101111000001010
100110011010111100000101
110011001101011110000010
101001100110101111000001
110100110011010111100000
101010011001101011110000
100101001100110101111000
100010100110011010111100
100001010011001101011110
