000000000000000000000000
000000110011110101110101
000000111100111010111010
000011000101011101011110
000011001010101110101101
000011111111000011000011
001100000110010111101011
001100001001101011010111
001100111111001100001100
001111001111110000110000
001111110000000000111111
001111110000111111000000
010101010011110010001110
010101100101101001101001
010101101100010110010101
010110010110001011110100
010110011001011100100011
010110101010100101011010
011001010110101100010011
011001011001000111111000
011001101010011001100110
011010011100110001001101
011010100101100110100110
011010100011011010011001
111111111111111111111111
111111001100001010001010
111111000011000101000101
111100111010100010100001
111100110101010001010010
111100000000111100111100
110011111001101000010100
110011110110010100101000
110011000000110011110011
110000110000001111001111
110000001111111111000000
110000001111000000111111
101010101100001101110001
101010011010010110010110
101010010011101001101010
101001101001110100001011
101001100110100011011100
101001010101011010100101
100110101001010011101100
100110100110111000000111
100110010101100110011001
100101100011001110110010
100101011010011001011001
100101011100100101100110
