000000000000000000000000
000000110011110101110101
000000111100111010111010
000011000011011110011110
000011001100101101101101
000011111111000011000011
001100000101001111110011
001100001010110011001111
001100111111001100001100
001111001111110000110000
001111110000000000111111
001111110000111111000000
010101010110011010100101
010101100011101001101010
010101101100010101010110
011001010101110100001011
011001011010000111111000
011001101001101010010101
010110010101100011011100
010110011010101100010011
010110101001010110101001
011010011001011001100110
011010100110011001011001
011010100110100110100110
111111111111111111111111
111111001100001010001010
111111000011000101000101
111100111100100001100001
111100110011010010010010
111100000000111100111100
110011111010110000001100
110011110101001100110000
110011000000110011110011
110000110000001111001111
110000001111111111000000
110000001111000000111111
101010101001100101011010
101010011100010110010101
101010010011101010101001
100110101010001011110100
100110100101111000000111
100110010110010101101010
101001101010011100100011
101001100101010011101100
101001010110101001010110
100101100110100110011001
100101011001100110100110
100101011001011001011001
