000000000000000000000000
000000111111000000111111
000000000000111111111111
000011001111001111000011
000011110011110011001100
000011111100111100110000
001100001111110101010100
001100110011011110100001
001100111100101011001010
001111000011101000111010
001111001100010010101101
001111110000000101010111
010101010101011001011001
010101010101100110100110
010101101010010101101010
010110011010100110011001
010110100110101001100101
010110101001011010010110
011001011010111000000111
011001100110001110011100
011001101001100011110001
011010100101110100001011
011010011001001101101100
011010010110010011110010
111111111111111111111111
111111000000111111000000
111111111111000000000000
111100110000110000111100
111100001100001100110011
111100000011000011001111
110011110000001010101011
110011001100100001011110
110011000011010100110101
110000111100010111000101
110000110011101101010010
110000001111111010101000
101010101010100110100110
101010101010011001011001
101010010101101010010101
101001100101011001100110
101001011001010110011010
101001010110100101101001
100110100101000111111000
100110011001110001100011
100110010110011100001110
100101011010001011110100
100101100110110010010011
100101101001101100001101
