000000000000000000000000
000000000000111111111111
000000111111011001001011
000000111111100110110100
000111000111111000111000
000111000111000111000111
011001001011000000111111
011001001011111111000000
001011011100101100001110
001011101100010101110001
010101011100001011110010
010101101100110010001101
011010010101100011101001
011100010101011100010101
001110101001001011011100
010110101001101100100011
001101110001010110101010
010011110001110001010110
011010100110011010100110
011100100110100101011010
001110011010110010010011
010110011010010101101100
001101110010101001100101
010011110010001110011001
111111111111111111111111
111111111111000000000000
111111000000100110110100
111111000000011001001011
111000111000000111000111
111000111000111000111000
100110110100111111000000
100110110100000000111111
110100100011010011110001
110100010011101010001110
101010100011110100001101
101010010011001101110010
100101101010011100010110
100011101010100011101010
110001010110110100100011
101001010110010011011100
110010001110101001010101
101100001110001110101001
100101011001100101011001
100011011001011010100101
110001100101001101101100
101001100101101010010011
110010001101010110011010
101100001101110001100110
