000000000000000000000000
000000000000111111111111
000000111111000000111111
001111000011000011001111
000011001111001111110000
000011111100110011000011
001100001111111100000011
000011110011111100001100
001111110000001100110011
001100110011110011110000
001111001100110000111100
001100111100001111001100
010101010101010101010101
011001010101100110101010
010101011010011001101010
010110100110010110011010
010101101010100110100101
011001101001011010010110
011010011010100101010110
011001100110101001011001
010110100101101001100110
011010010110011010100101
011010101001010101101001
010110011001101010011001
111111111111111111111111
111111111111000000000000
111111000000111111000000
110000111100111100110000
111100110000110000001111
111100000011001100111100
110011110000000011111100
111100001100000011110011
110000001111110011001100
110011001100001100001111
110000110011001111000011
110011000011110000110011
101010101010101010101010
100110101010011001010101
101010100101100110010101
101001011001101001100101
101010010101011001011010
100110010110100101101001
100101100101011010101001
100110011001010110100110
101001011010010110011001
100101101001100101011010
100101010110101010010110
101001100110010101100110
