000000000000000000000000
000000111111000000111111
000000111111111111000000
000011000011110101110101
000011001100011110011110
000011110000101011101011
001100000101101110111001
001100010010011011110110
001100101000110101001111
001111001111000011000011
001111110011001100001100
001111111100110000110000
010101001011111000101010
010101011100001101100101
010101110001010110010011
011001010110100101011010
011001100101010011101100
011001101010101010010101
010110010110110010001101
010110100101101001010110
010110101010000111111000
011010011001011001011001
011010011001100110100110
011010100110011100100011
111111111111111111111111
111111000000111111000000
111111000000000000111111
111100111100001010001010
111100110011100001100001
111100001111010100010100
110011111010010001000110
110011101101100100001001
110011010111001010110000
110000110000111100111100
110000001100110011110011
110000000011001111001111
101010110100000111010101
101010100011110010011010
101010001110101001101100
100110101001011010100101
100110011010101100010011
100110010101010101101010
101001101001001101110010
101001011010010110101001
101001010101111000000111
100101100110100110100110
100101100110011001011001
100101011001100011011100
