000000000000
122033100000
233011200000
311022300000
012203310000
130230210000
221212110000
303221010000
023301120000
101332020000
210310320000
332323220000
031102230000
113131330000
202113030000
320120130000
001220331000
123213231000
232231131000
310202031000
013023021000
131010121000
220032221000
302001321000
022121211000
100112311000
211130011000
333103111000
030322101000
112311001000
203333301000
321300201000
002330112000
120303012000
231321312000
313312212000
010133202000
132100302000
223122002000
301111102000
021031032000
103002132000
212020232000
330013332000
033232322000
111201222000
200223122000
322210022000
003110223000
121123323000
230101023000
312132123000
011313133000
133320033000
222302333000
300331233000
020211303000
102222203000
213200103000
331233003000
032012013000
110021113000
201003213000
323030313000
000122033100
122111133100
233133233100
311100333100
012321323100
130312223100
221330123100
303303023100
023223113100
101210013100
210232313100
332201213100
031020203100
113013303100
202031003100
320002103100
001302302100
123331202100
232313102100
310320002100
013101012100
131132112100
220110212100
302123312100
022003222100
100030322100
211012022100
333021122100
030200132100
112233032100
203211332100
321222232100
002212121100
120221021100
231203321100
313230221100
010011231100
132022331100
223000031100
301033131100
021113001100
103120101100
212102201100
330131301100
033310311100
111323211100
200301111100
322332011100
003032210100
121001310100
230023010100
312010110100
011231100100
133202000100
222220300100
300213200100
020333330100
102300230100
213322130100
331311030100
032130020100
110103120100
201121220100
323112320100
000233011200
122200111200
233222211200
311211311200
012030301200
130003201200
221021101200
303012001200
023132131200
101101031200
210123331200
332110231200
031331221200
113302321200
202320021200
320313121200
001013320200
123020220200
232002120200
310031020200
013210030200
131223130200
220201230200
302232330200
022312200200
100321300200
211303000200
333330100200
030111110200
112122010200
203100310200
321133210200
002103103200
120130003200
231112303200
313121203200
010300213200
132333313200
223311013200
301322113200
021202023200
103231123200
212213223200
330220323200
033001333200
111032233200
200010133200
322023033200
003323232200
121310332200
230332032200
312301132200
011120122200
133113022200
222131322200
300102222200
020022312200
102011212200
213033112200
331000012200
032221002200
110212102200
201230202200
323203302200
000311022300
122322122300
233300222300
311333322300
012112332300
130121232300
221103132300
303130032300
023010102300
101023002300
210001302300
332032202300
031213212300
113220312300
202202012300
320231112300
001131313300
123102213300
232120113300
310113013300
013332003300
131301103300
220323203300
302310303300
022230233300
100203333300
211221033300
333212133300
030033123300
112000023300
203022323300
321011223300
002021130300
120012030300
231030330300
313003230300
010222220300
132211320300
223233020300
301200120300
021320010300
103313110300
212331210300
330302310300
033123300300
111110200300
200132100300
322101000300
003201201300
121232301300
230210001300
312223101300
011002111300
133031011300
222013311300
300020211300
020100321300
102133221300
213111121300
331122021300
032303031300
110330131300
201312231300
323321331300
000012203310
122021303310
233003003310
311030103310
012211113310
130222013310
221200313310
303233213310
023313323310
101320223310
210302123310
332331023310
031110033310
113123133310
202101233310
320132333310
001232132310
123201032310
232223332310
310210232310
013031222310
131002322310
220020022310
302013122310
022133012310
100100112310
211122212310
333111312310
030330302310
112303202310
203321102310
321312002310
002322311310
120311211310
231333111310
313300011310
010121001310
132112101310
223130201310
301103301310
021023231310
103010331310
212032031310
330001131310
033220121310
111213021310
200231321310
322202221310
003102020310
121131120310
230113220310
312120320310
011301330310
133332230310
222310130310
300323030310
020203100310
102230000310
213212300310
331221200310
032000210310
110033310310
201011010310
323022110310
000130230210
122103330210
233121030210
311112130210
012333120210
130300020210
221322320210
303311220210
023231310210
101202210210
210220110210
332213010210
031032000210
113001100210
202023200210
320010300210
001310101210
123323001210
232301301210
310332201210
013113211210
131120311210
220102011210
302131111210
022011021210
100022121210
211000221210
333033321210
030212331210
112221231210
203203131210
321230031210
002200322210
120233222210
231211122210
313222022210
010003032210
132030132210
223012232210
301021332210
021101202210
103132302210
212110002210
330123102210
033302112210
111331012210
200313312210
322320212210
003020013210
121013113210
230031213210
312002313210
011223303210
133210203210
222232103210
300201003210
020321133210
102312033210
213330333210
331303233210
032122223210
110111323210
201133023210
323100123210
000221212110
122212312110
233230012110
311203112110
012022102110
130011002110
221033302110
303000202110
023120332110
101113232110
210131132110
332102032110
031323022110
113310122110
202332222110
320301322110
001001123110
123032023110
232010323110
310023223110
013202233110
131231333110
220213033110
302220133110
022300003110
100333103110
211311203110
333322303110
030103313110
112130213110
203112113110
321121013110
002111300110
120122200110
231100100110
313133000110
010312010110
132321110110
223303210110
301330310110
021210220110
103223320110
212201020110
330232120110
033013130110
111020030110
200002330110
322031230110
003331031110
121302131110
230320231110
312313331110
011132321110
133101221110
222123121110
300110021110
020030111110
102003011110
213021311110
331012211110
032233201110
110200301110
201222001110
323211101110
000303221010
122330321010
233312021010
311321121010
012100131010
130133031010
221111331010
303122231010
023002301010
101031201010
210013101010
332020001010
031201011010
113232111010
202210211010
320223311010
001123110010
123110010010
232132310010
310101210010
013320200010
131313300010
220331000010
302302100010
022222030010
100211130010
211233230010
333200330010
030021320010
112012220010
203030120010
321003020010
002033333010
120000233010
231022133010
313011033010
010230023010
132203123010
223221223010
301212323010
021332213010
103301313010
212323013010
330310113010
033131103010
111102003010
200120303010
322113203010
003213002010
121220102010
230202202010
312231302010
011010312010
133023212010
222001112010
300032012010
020112122010
102121022010
213103322010
331130222010
032311232010
110322332010
201300032010
323333132010
000023301120
122010201120
233032101120
311001001120
012220011120
130213111120
221231211120
303202311120
023322221120
101311321120
210333021120
332300121120
031121131120
113112031120
202130331120
320103231120
001203030120
123230130120
232212230120
310221330120
013000320120
131033220120
220011120120
302022020120
022102110120
100131010120
211113310120
333120210120
030301200120
112332300120
203310000120
321323100120
002313213120
120320313120
231302013120
313331113120
010110103120
132123003120
223101303120
301132203120
021012333120
103021233120
212003133120
330030033120
033211023120
111222123120
200200223120
322233323120
003133122120
121100022120
230122322120
312111222120
011330232120
133303332120
222321032120
300312132120
020232002120
102201102120
213223202120
331210302120
032031312120
110002212120
201020112120
323013012120
000101332020
122132232020
233110132020
311123032020
012302022020
130331122020
221313222020
303320322020
023200212020
101233312020
210211012020
332222112020
031003102020
113030002020
202012302020
320021202020
001321003020
123312103020
232330203020
310303303020
013122313020
131111213020
220133113020
302100013020
022020123020
100013023020
211031323020
333002223020
030223233020
112210333020
203232033020
321201133020
002231220020
120202320020
231220020020
313213120020
010032130020
132001030020
223023330020
301010230020
021130300020
103103200020
212121100020
330112000020
033333010020
111300110020
200322210020
322311310020
003011111020
121022011020
230000311020
312033211020
011212201020
133221301020
222203001020
300230101020
020310031020
102323131020
213301231020
331332331020
032113321020
110120221020
201102121020
323131021020
000210310320
122223210320
233201110320
311232010320
012013000320
130020100320
221002200320
303031300320
023111230320
101122330320
210100030320
332133130320
031312120320
113321020320
202303320320
320330220320
001030021320
123003121320
232021221320
310012321320
013233331320
131200231320
220222131320
302211031320
022331101320
100302001320
211320301320
333313201320
030132211320
112101311320
203123011320
321110111320
002120202320
120113302320
231131002320
313102102320
010323112320
132310012320
223332312320
301301212320
021221322320
103212222320
212230122320
330203022320
033022032320
111011132320
200033232320
322000332320
003300133320
121333033320
230311333320
312322233320
011103223320
133130323320
222112023320
300121123320
020001013320
102032113320
213010213320
331023313320
032202303320
110231203320
201213103320
323220003320
000332323220
122301223220
233323123220
311310023220
012131033220
130102133220
221120233220
303113333220
023033203220
101000303220
210022003220
332011103220
031230113220
113203013220
202221313220
320212213220
001112012220
123121112220
232103212220
310130312220
013311302220
131322202220
220300102220
302333002220
022213132220
100220032220
211202332220
333231232220
030010222220
112023322220
203001022220
321032122220
002002231220
120031331220
231013031220
313020131220
010201121220
132232021220
223210321220
301223221220
021303311220
103330211220
212312111220
330321011220
033100001220
111133101220
200111201220
322122301220
003222100220
121211000220
230233300220
312200200220
011021210220
133012310220
222030010220
300003110220
020123020220
102110120220
213132220220
331101320220
032320330220
110313230220
201331130220
323302030220
000031102230
122002002230
233020302230
311013202230
012232212230
130201312230
221223012230
303210112230
023330022230
101303122230
210321222230
332312322230
031133332230
113100232230
202122132230
320111032230
001211233230
123222333230
232200033230
310233133230
013012123230
131021023230
220003323230
302030223230
022110313230
100123213230
211101113230
333132013230
030313003230
112320103230
203302203230
321331303230
002301010230
120332110230
231310210230
313323310230
010102300230
132131200230
223113100230
301120000230
021000130230
103033030230
212011330230
330022230230
033203220230
111230320230
200212020230
322221120230
003121321230
121112221230
230130121230
312103021230
011322031230
133311131230
222333231230
300300331230
020220201230
102213301230
213231001230
331202101230
032023111230
110010011230
201032311230
323001211230
000113131330
122120031330
233102331330
311131231330
012310221330
130323321330
221301021330
303332121330
023212011330
101221111330
210203211330
332230311330
031011301330
113022201330
202000101330
320033001330
001333200330
123300300330
232322000330
310311100330
013130110330
131103010330
220121310330
302112210330
022032320330
100001220330
211023120330
333010020330
030231030330
112202130330
203220230330
321213330330
002223023330
120210123330
231232223330
313201323330
010020333330
132013233330
223031133330
301002033330
021122103330
103111003330
212133303330
330100203330
033321213330
111312313330
200330013330
322303113330
003003312330
121030212330
230012112330
312021012330
011200002330
133233102330
222211202330
300222302330
020302232330
102331332330
213313032330
331320132330
032101122330
110132022330
201110322330
323123222330
000202113030
122231013030
233213313030
311220213030
012001203030
130032303030
221010003030
303023103030
023103033030
101130133030
210112233030
332121333030
031300323030
113333223030
202311123030
320322023030
001022222030
123011322030
232033022030
310000122030
013221132030
131212032030
220230332030
302203232030
022323302030
100310202030
211332102030
333301002030
030120012030
112113112030
203131212030
321102312030
002132001030
120101101030
231123201030
313110301030
010331311030
132302211030
223320111030
301313011030
021233121030
103200021030
212222321030
330211221030
033030231030
111003331030
200021031030
322012131030
003312330030
121321230030
230303130030
312330030030
011111020030
133122120030
222100220030
300133320030
020013210030
102020310030
213002010030
331031110030
032210100030
110223000030
201201300030
323232200030
000320120130
122313020130
233331320130
311302220130
012123230130
130110330130
221132030130
303101130130
023021000130
101012100130
210030200130
332003300130
031222310130
113211210130
202233110130
320200010130
001100211130
123133311130
232111011130
310122111130
013303101130
131330001130
220312301130
302321201130
022201331130
100232231130
211210131130
333223031130
030002021130
112031121130
203013221130
321020321130
002010032130
120023132130
231001232130
313032332130
010213322130
132220222130
223202122130
301231022130
021311112130
103322012130
212300312130
330333212130
033112202130
111121302130
200103002130
322130102130
003230303130
121203203130
230221103130
312212003130
011033013130
133000113130
222022213130
300011313130
020131223130
102102323130
213120023130
331113123130
032332133130
110301033130
201323333130
323310233130
111111111111
033122011111
322100311111
200133211111
103312201111
021321301111
330303001111
212330101111
132210031111
010223131111
301201231111
223232331111
120013321111
002020221111
313002121111
231031021111
110331220111
032302320111
323320020111
201313120111
102132130111
020101030111
331123330111
213110230111
133030300111
011003200111
300021100111
222012000111
121233010111
003200110111
312222210111
230211310111
113221003111
031212103111
320230203111
202203303111
101022313111
023011213111
332033113111
210000013111
130120123111
012113023111
303131323111
221102223111
122323233111
000310333111
311332033111
233301133111
112001332111
030032232111
321010132111
203023032111
100202022111
022231122111
333213222111
211220322111
131300212111
013333312111
302311012111
220322112111
123103102111
001130002111
310112302111
232121202111
111033122011
033000022011
322022322011
200011222011
103230232011
021203332011
330221032011
212212132011
132332002011
010301102011
301323202011
223310302011
120131312011
002102212011
313120112011
231113012011
110213213011
032220313011
323202013011
201231113011
102010103011
020023003011
331001303011
213032203011
133112333011
011121233011
300103133011
222130033011
121311023011
003322123011
312300223011
230333323011
113303030011
031330130011
320312230011
202321330011
101100320011
023133220011
332111120011
210122020011
130002110011
012031010011
303013310011
221020210011
122201200011
000232300011
311210000011
233223100011
112123301011
030110201011
321132101011
203101001011
100320011011
022313111011
333331211011
211302311011
131222221011
013211321011
302233021011
220200121011
123021131011
001012031011
310030331011
232003231011
111322100311
033311000311
322333300311
200300200311
103121210311
021112310311
330130010311
212103110311
132023020311
010010120311
301032220311
223001320311
120220330311
002213230311
313231130311
231202030311
110102231311
032131331311
323113031311
201120131311
102301121311
020332021311
331310321311
213323221311
133203311311
011230211311
300212111311
222221011311
121000001311
003033101311
312011201311
230022301311
113012012311
031021112311
320003212311
202030312311
101211302311
023222202311
332200102311
210233002311
130313132311
012320032311
303302332311
221331232311
122110222311
000123322311
311101022311
233132122311
112232323311
030201223311
321223123311
203210023311
100031033311
022002133311
333020233311
211013333311
131133203311
013100303311
302122003311
220111103311
123330113311
001303013311
310321313311
232312213311
111200133211
033233033211
322211333211
200222233211
103003223211
021030323211
330012023211
212021123211
132101013211
010132113211
301110213211
223123313211
120302303211
002331203211
313313103211
231320003211
110020202211
032013302211
323031002211
201002102211
102223112211
020210012211
331232312211
213201212211
133321322211
011312222211
300330122211
222303022211
121122032211
003111132211
312133232211
230100332211
113130021211
031103121211
320121221211
202112321211
101333331211
023300231211
332322131211
210311031211
130231101211
012202001211
303220301211
221213201211
122032211211
000001311211
311023011211
233010111211
112310310211
030323210211
321301110211
203332010211
100113000211
022120100211
333102200211
211131300211
131011230211
013022330211
302000030211
220033130211
123212120211
001221020211
310203320211
232230220211
111103312201
033130212201
322112112201
200121012201
103300002201
021333102201
330311202201
212322302201
132202232201
010231332201
301213032201
223220132201
120001122201
002032022201
313010322201
231023222201
110323023201
032310123201
323332223201
201301323201
102120333201
020113233201
331131133201
213102033201
133022103201
011011003201
300033303201
222000203201
121221213201
003212313201
312230013201
230203113201
113233200201
031200300201
320222000201
202211100201
101030110201
023003010201
332021310201
210012210201
130132320201
012101220201
303123120201
221110020201
122331030201
000302130201
311320230201
233313330201
112013131201
030020031201
321002331201
203031231201
100210221201
022223321201
333201021201
211232121201
131312011201
013321111201
302303211201
220330311201
123111301201
001122201201
310100101201
232133001201
111021321301
033012221301
322030121301
200003021301
103222031301
021211131301
330233231301
212200331301
132320201301
010313301301
301331001301
223302101301
120123111301
002110011301
313132311301
231101211301
110201010301
032232110301
323210210301
201223310301
102002300301
020031200301
331013100301
213020000301
133100130301
011133030301
300111330301
222122230301
121303220301
003330320301
312312020301
230321120301
113311233301
031322333301
320300033301
202333133301
101112123301
023121023301
332103323301
210130223301
130010313301
012023213301
303001113301
221032013301
122213003301
000220103301
311202203301
233231303301
112131102301
030102002301
321120302301
203113202301
100332212301
022301312301
333323012301
211310112301
131230022301
013203122301
302221222301
220212322301
123033332301
001000232301
310022132301
232011032301
111330303001
033303203001
322321103001
200312003001
103133013001
021100113001
330122213001
212111313001
132031223001
010002323001
301020023001
223013123001
120232133001
002201033001
313223333001
231210233001
110110032001
032123132001
323101232001
201132332001
102313322001
020320222001
331302122001
213331022001
133211112001
011222012001
300200312001
222233212001
121012202001
003021302001
312003002001
230030102001
113000211001
031033311001
320011011001
202022111001
101203101001
023230001001
332212301001
210221201001
130301331001
012332231001
303310131001
221323031001
122102021001
000131121001
311113221001
233120321001
112220120001
030213020001
321231320001
203202220001
100023230001
022010330001
333032030001
211001130001
131121000001
013112100001
302130200001
220103300001
123322310001
001311210001
310333110001
232300010001
111212330101
033221230101
322203130101
200230030101
103011020101
021022120101
330000220101
212033320101
132113210101
010120310101
301102010101
223131110101
120310100101
002323000101
313301300101
231332200101
110032001101
032001101101
323023201101
201010301101
102231311101
020202211101
331220111101
213213011101
133333121101
011300021101
300322321101
222311221101
121130231101
003103331101
312121031101
230112131101
113122222101
031111322101
320133022101
202100122101
101321132101
023312032101
332330332101
210303232101
130223302101
012210202101
303232102101
221201002101
122020012101
000013112101
311031212101
233002312101
112302113101
030331013101
321313313101
203320213101
100101203101
022132303101
333110003101
211123103101
131003033101
013030133101
302012233101
220021333101
123200323101
001233223101
310211123101
232222023101
111132210031
033101310031
322123010031
200110110031
103331100031
021302000031
330320300031
212313200031
132233330031
010200230031
301222130031
223211030031
120030020031
002003120031
313021220031
231012320031
110312121031
032321021031
323303321031
201330221031
102111231031
020122331031
331100031031
213133131031
133013001031
011020101031
300002201031
222031301031
121210311031
003223211031
312201111031
230232011031
113202302031
031231202031
320213102031
202220002031
101001012031
023032112031
332010212031
210023312031
130103222031
012130322031
303112022031
221121122031
122300132031
000333032031
311311332031
233322232031
112022033031
030011133031
321033233031
203000333031
100221323031
022212223031
333230123031
211203023031
131323113031
013310013031
302332313031
220301213031
123120203031
001113303031
310131003031
232102103031
111010223131
033023323131
322001023131
200032123131
103213133131
021220033131
330202333131
212231233131
132311303131
010322203131
301300103131
223333003131
120112013131
002121113131
313103213131
231130313131
110230112131
032203012131
323221312131
201212212131
102033202131
020000302131
331022002131
213011102131
133131032131
011102132131
300120232131
222113332131
121332322131
003301222131
312323122131
230310022131
113320331131
031313231131
320331131131
202302031131
101123021131
023110121131
332132221131
210101321131
130021211131
012012311131
303030011131
221003111131
122222101131
000211001131
311233301131
233200201131
112100000131
030133100131
321111200131
203122300131
100303310131
022330210131
333312110131
211321010131
131201120131
013232020131
302210320131
220223220131
123002230131
001031330131
310013030131
232020130131
111301201231
033332301231
322310001231
200323101231
103102111231
021131011231
330113311231
212120211231
132000321231
010033221231
301011121231
223022021231
120203031231
002230131231
313212231231
231221331231
110121130231
032112030231
323130330231
201103230231
102322220231
020311320231
331333020231
213300120231
133220010231
011213110231
300231210231
222202310231
121023300231
003010200231
312032100231
230001000231
113031313231
031002213231
320020113231
202013013231
101232003231
023201103231
332223203231
210210303231
130330233231
012303333231
303321033231
221312133231
122133123231
000100023231
311122323231
233111223231
112211022231
030222122231
321200222231
203233322231
100012332231
022021232231
333003132231
211030032231
131110102231
013123002231
302101302231
220132202231
123313212231
001320312231
310302012231
232331112231
111223232331
033210332331
322232032331
200201132331
103020122331
021013022331
330031322331
212002222331
132122312331
010111212331
301133112331
223100012331
120321002331
002312102331
313330202331
231303302331
110003103331
032030003331
323012303331
201021203331
102200213331
020233313331
331211013331
213222113331
133302023331
011331123331
300313223331
222320323331
121101333331
003132233331
312110133331
230123033331
113113320331
031120220331
320102120331
202131020331
101310030331
023323130331
332301230331
210332330331
130212200331
012221300331
303203000331
221230100331
122011110331
000022010331
311000310331
233033210331
112333011331
030300111331
321322211331
203311311331
100130301331
022103201331
333121101331
211112001331
131032131331
013001031331
302023331331
220010231331
123231221331
001202321331
310220021331
232213121331
111120013321
033113113321
322131213321
200102313321
103323303321
021310203321
330332103321
212301003321
132221133321
010212033321
301230333321
223203233321
120022223321
002011323321
313033023321
231000123321
110300322321
032333222321
323311122321
201322022321
102103032321
020130132321
331112232321
213121332321
133001202321
011032302321
300010002321
222023102321
121202112321
003231012321
312213312321
230220212321
113210101321
031223001321
320201301321
202232201321
101013211321
023020311321
332002011321
210031111321
130111021321
012122121321
303100221321
221133321321
122312331321
000321231321
311303131321
233330031321
112030230321
030003330321
321021030321
203012130321
100233120321
022200020321
333222320321
211211220321
131331310321
013302210321
302320110321
220313010321
123132000321
001101100321
310123200321
232110300321
111002020221
033031120221
322013220221
200020320221
103201330221
021232230221
330210130221
212223030221
132303100221
010330000221
301312300221
223321200221
120100210221
002133310221
313111010221
231122110221
110222311221
032211211221
323233111221
201200011221
102021001221
020012101221
331030201221
213003301221
133123231221
011110331221
300132031221
222101131221
121320121221
003313021221
312331321221
230302221221
113332132221
031301032221
320323332221
202310232221
101131222221
023102322221
332120022221
210113122221
130033012221
012000112221
303022212221
221011312221
122230302221
000203202221
311221102221
233212002221
112112203221
030121303221
321103003221
203130103221
100311113221
022322013221
333300313221
211333213221
131213323221
013220223221
302202123221
220231023221
123010033221
001023133221
310001233221
232032333221
111313002121
033320102121
322302202121
200331302121
103110312121
021123212121
330101112121
212132012121
132012122121
010021022121
301003322121
223030222121
120211232121
002222332121
313200032121
231233132121
110133333121
032100233121
323122133121
201111033121
102330023121
020303123121
331321223121
213312323121
133232213121
011201313121
300223013121
222210113121
121031103121
003002003121
312020303121
230013203121
113023110121
031010010121
320032310121
202001210121
101220200121
023213300121
332231000121
210202100121
130322030121
012311130121
303333230121
221300330121
122121320121
000112220121
311130120121
233103020121
112203221121
030230321121
321212021121
203221121121
100000131121
022033031121
333011331121
211022231121
131102301121
013131201121
302113101121
220120001121
123301011121
001332111121
310310211121
232323311121
111231031021
033202131021
322220231021
200213331021
103032321021
021001221021
330023121021
212010021021
132130111021
010103011021
301121311021
223112211021
120333201021
002300301021
313322001021
231311101021
110011300021
032022200021
323000100021
201033000021
102212010021
020221110021
331203210021
213230310021
133310220021
011323320021
300301020021
222332120021
121113130021
003120030021
312102330021
230131230021
113101123021
031132023021
320110323021
202123223021
101302233021
023331333021
332313033021
210320133021
130200003021
012233103021
303211203021
221222303021
122003313021
000030213021
311012113021
233021013021
112321212021
030312312021
321330012021
203303112021
100122102021
022111002021
333133302021
211100202021
131020332021
013013232021
302031132021
220002032021
123223022021
001210122021
310232222021
232201322021
222222222222
300211322222
011233022222
133200122222
230021132222
312012032222
003030332222
121003232222
201123302222
323110202222
032132102222
110101002222
213320012222
331313112222
020331212222
102302312222
223002113222
301031013222
010013313222
132020213222
231201203222
313232303222
002210003222
120223103222
200303033222
322330133222
033312233222
111321333222
212100323222
330133223222
021111123222
103122023222
220112330222
302121230222
013103130222
131130030222
232311020222
310322120222
001300220222
123333320222
203213210222
321220310222
030202010222
112231110222
211010100222
333023000222
022001300222
100032200222
221332001222
303301101222
012323201222
130310301222
233131311222
311102211222
000120111222
122113011222
202033121222
320000021222
031022321222
113011221222
210230231222
332203331222
023221031222
101212131222
222300211322
300333311322
011311011322
133322111322
230103101322
312130001322
003112301322
121121201322
201001331322
323032231322
032010131322
110023031322
213202021322
331231121322
020213221322
102220321322
223120120322
301113020322
010131320322
132102220322
231323230322
313310330322
002332030322
120301130322
200221000322
322212100322
033230200322
111203300322
212022310322
330011210322
021033110322
103000010322
220030303322
302003203322
013021103322
131012003322
232233013322
310200113322
001222213322
123211313322
203331223322
321302323322
030320023322
112313123322
211132133322
333101033322
022123333322
100110233322
221210032322
303223132322
012201232322
130232332322
233013322322
311020222322
000002122322
122031022322
202111112322
320122012322
031100312322
113133212322
210312202322
332321302322
023303002322
101330102322
222011233022
300022333022
011000033022
133033133022
230212123022
312221023022
003203323022
121230223022
201310313022
323323213022
032301113022
110332013022
213113003022
331120103022
020102203022
102131303022
223231102022
301202002022
010220302022
132213202022
231032212022
313001312022
002023012022
120010112022
200130022022
322103122022
033121222022
111112322022
212333332022
330300232022
021322132022
103311032022
220321321022
302312221022
013330121022
131303021022
232122031022
310111131022
001133231022
123100331022
203020201022
321013301022
030031001022
112002101022
211223111022
333210011022
022232311022
100201211022
221101010022
303132110022
012110210022
130123310022
233302300022
311331200022
000313100022
122320000022
202200130022
320233030022
031211330022
113222230022
210003220022
332030320022
023012020022
101021120022
222133200122
300100300122
011122000122
133111100122
230330110122
312303010122
003321310122
121312210122
201232320122
323201220122
032223120122
110210020122
213031030122
331002130122
020020230122
102013330122
223313131122
301320031122
010302331122
132331231122
231110221122
313123321122
002101021122
120132121122
200012011122
322021111122
033003211122
111030311122
212211301122
330222201122
021200101122
103233001122
220203312122
302230212122
013212112122
131221012122
232000002122
310033102122
001011202122
123022302122
203102232122
321131332122
030113032122
112120132122
211301122122
333332022122
022310322122
100323222122
221023023122
303010123122
012032223122
130001323122
233220333122
311213233122
000231133122
122202033122
202322103122
320311003122
031333303122
113300203122
210121213122
332112313122
023130013122
101103113122
222230021132
300203121132
011221221132
133212321132
230033331132
312000231132
003022131132
121011031132
201131101132
323102001132
032120301132
110113201132
213332211132
331301311132
020323011132
102310111132
223010310132
301023210132
010001110132
132032010132
231213000132
313220100132
002202200132
120231300132
200311230132
322322330132
033300030132
111333130132
212112120132
330121020132
021103320132
103130220132
220100133132
302133033132
013111333132
131122233132
232303223132
310330323132
001312023132
123321123132
203201013132
321232113132
030210213132
112223313132
211002303132
333031203132
022013103132
100020003132
221320202132
303313302132
012331002132
130302102132
233123112132
311110012132
000132312132
122101212132
202021322132
320012222132
031030122132
113003022132
210222032132
332211132132
023233232132
101200332132
222312012032
300321112032
011303212032
133330312032
230111302032
312122202032
003100102032
121133002032
201013132032
323020032032
032002332032
110031232032
213210222032
331223322032
020201022032
102232122032
223132323032
301101223032
010123123032
132110023032
231331033032
313302133032
002320233032
120313333032
200233203032
322200303032
033222003032
111211103032
212030113032
330003013032
021021313032
103012213032
220022100032
302011000032
013033300032
131000200032
232221210032
310212310032
001230010032
123203110032
203323020032
321310120032
030332220032
112301320032
211120330032
333113230032
022131130032
100102030032
221202231032
303231331032
012213031032
130220131032
233001121032
311032021032
000010321032
122023221032
202103311032
320130211032
031112111032
113121011032
210300001032
332333101032
023311201032
101322301032
222003030332
300030130332
011012230332
133021330332
230200320332
312233220332
003211120332
121222020332
201302110332
323331010332
032313310332
110320210332
213101200332
331132300332
020110000332
102123100332
223223301332
301210201332
010232101332
132201001332
231020011332
313013111332
002031211332
120002311332
200122221332
322111321332
033133021332
111100121332
212321131332
330312031332
021330331332
103303231332
220333122332
302300022332
013322322332
131311222332
232130232332
310103332332
001121032332
123112132332
203032002332
321001102332
030023202332
112010302332
211231312332
333202212332
022220112332
100213012332
221113213332
303120313332
012102013332
130131113332
233310103332
311323003332
000301303332
122332203332
202212333332
320221233332
031203133332
113230033332
210011023332
332022123332
023000223332
101033323332
222121003232
300112103232
011130203232
133103303232
230322313232
312311213232
003333113232
121300013232
201220123232
323213023232
032231323232
110202223232
213023233232
331010333232
020032033232
102001133232
223301332232
301332232232
010310132232
132323032232
231102022232
313131122232
002113222232
120120322232
200000212232
322033312232
033011012232
111022112232
212203102232
330230002232
021212302232
103221202232
220211111232
302222011232
013200311232
131233211232
232012201232
310021301232
001003001232
123030101232
203110031232
321123131232
030101231232
112132331232
211313321232
333320221232
022302121232
100331021232
221031220232
303002320232
012020020232
130013120232
233232130232
311201030232
000223330232
122210230232
202330300232
320303200232
031321100232
113312000232
210133010232
332100110232
023122210232
101111310232
222201123302
300232023302
011210323302
133223223302
230002233302
312031333302
003013033302
121020133302
201100003302
323133103302
032111203302
110122303302
213303313302
331330213302
020312113302
102321013302
223021212302
301012312302
010030012302
132003112302
231222102302
313211002302
002233302302
120200202302
200320332302
322313232302
033331132302
111302032302
212123022302
330110122302
021132222302
103101322302
220131031302
302102131302
013120231302
131113331302
232332321302
310301221302
001323121302
123310021302
203230111302
321203011302
030221311302
112212211302
211033201302
333000301302
022022001302
100011101302
221311300302
303322200302
012300100302
130333000302
233112010302
311121110302
000103210302
122130310302
202010220302
320023320302
031001020302
113032120302
210213130302
332220030302
023202330302
101231230302
222323110202
300310010202
011332310202
133301210202
230120200202
312113300202
003131000202
121102100202
201022030202
323011130202
032033230202
110000330202
213221320202
331212220202
020230120202
102203020202
223103221202
301130321202
010112021202
132121121202
231300131202
313333031202
002311331202
120322231202
200202301202
322231201202
033213101202
111220001202
212001011202
330032111202
021010211202
103023311202
220013002202
302020102202
013002202202
131031302202
232210312202
310223212202
001201112202
123232012202
203312122202
321321022202
030303322202
112330222202
211111232202
333122332202
022100032202
100133132202
221233333202
303200233202
012222133202
130211033202
233030023202
311003123202
000021223202
122012323202
202132213202
320101313202
031123013202
113110113202
210331103202
332302003202
023320303202
101313203202
222032132102
300001032102
011023332102
133010232102
230231222102
312202322102
003220022102
121213122102
201333012102
323300112102
032322212102
110311312102
213130302102
331103202102
020121102102
102112002102
223212203102
301221303102
010203003102
132230103102
231011113102
313022013102
002000313102
120033213102
200113323102
322120223102
033102123102
111131023102
212310033102
330323133102
021301233102
103332333102
220302020102
302331120102
013313220102
131320320102
232101330102
310132230102
001110130102
123123030102
203003100102
321030000102
030012300102
112021200102
211200210102
333233310102
022211010102
100222110102
221122311102
303111211102
012133111102
130100011102
233321001102
311312101102
000330201102
122303301102
202223231102
320210331102
031232031102
113201131102
210020121102
332013021102
023031321102
101002221102
222110101002
300123001002
011101301002
133132201002
230313211002
312320311002
003302011002
121331111002
201211021002
323222121002
032200221002
110233321002
213012331002
331021231002
020003131002
102030031002
223330230002
301303330002
010321030002
132312130002
231133120002
313100020002
002122320002
120111220002
200031310002
322002210002
033020110002
111013010002
212232000002
330201100002
021223200002
103210300002
220220013002
302213113002
013231213002
131202313002
232023303002
310010203002
001032103002
123001003002
203121133002
321112033002
030130333002
112103233002
211322223002
333311323002
022333023002
100300123002
221000322002
303033222002
012011122002
130022022002
233203032002
311230132002
000212232002
122221332002
202301202002
320332302002
031310002002
113323102002
210102112002
332131012002
023113312002
101120212002
222213320012
300220220012
011202120012
133231020012
230010030012
312023130012
003001230012
121032330012
201112200012
323121300012
032103000012
110130100012
213311110012
331322010012
020300310012
102333210012
223033011012
301000111012
010022211012
132011311012
231230301012
313203201012
002221101012
120212001012
200332131012
322301031012
033323331012
111310231012
212131221012
330102321012
021120021012
103113121012
220123232012
302110332012
013132032012
131101132012
232320122012
310313022012
001331322012
123302222012
203222312012
321211212012
030233112012
112200012012
211021002012
333012102012
022030202012
100003302012
221303103012
303330003012
012312303012
130321203012
233100213012
311133313012
000111013012
122122113012
202002023012
320031123012
031013223012
113020323012
210201333012
332232233012
023210133012
101223033012
222331313112
300302213112
011320113112
133313013112
230132003112
312101103112
003123203112
121110303112
201030233112
323003333112
032021033112
110012133112
213233123112
331200023112
020222323112
102211223112
223111022112
301122122112
010100222112
132133322112
231312332112
313321232112
002303132112
120330032112
200210102112
322223002112
033201302112
111232202112
212013212112
330020312112
021002012112
103031112112
220001201112
302032301112
013010001112
131023101112
232202111112
310231011112
001213311112
123220211112
203300321112
321333221112
030311121112
112322021112
211103031112
333130131112
022112231112
100121331112
221221130112
303212030112
012230330112
130203230112
233022220112
311011320112
000033020112
122000120112
202120010112
320113110112
031131210112
113102310112
210323300112
332310200112
023332100112
101301000112
222020331212
300013231212
011031131212
133002031212
230223021212
312210121212
003232221212
121201321212
201321211212
323312311212
032330011212
110303111212
213122101212
331111001212
020133301212
102100201212
223200000212
301233100212
010211200212
132222300212
231003310212
313030210212
002012110212
120021010212
200101120212
322132020212
033110320212
111123220212
212302230212
330331330212
021313030212
103320130212
220310223212
302323323212
013301023212
131332123212
232113133212
310120033212
001102333212
123131233212
203011303212
321022203212
030000103212
112033003212
211212013212
333221113212
022203213212
100230313212
221130112212
303103012212
012121312212
130112212212
233333202212
311300302212
000322002212
122311102212
202231032212
320202132212
031220232212
113213332212
210032322212
332001222212
023023122212
101010022212
222102302312
300131202312
011113102312
133120002312
230301012312
312332112312
003310212312
121323312312
201203222312
323230322312
032212022312
110221122312
213000132312
331033032312
020011332312
102022232312
223322033312
301311133312
010333233312
132300333312
231121323312
313112223312
002130123312
120103023312
200023113312
322010013312
033032313312
111001213312
212220203312
330213303312
021231003312
103202103312
220232210312
302201310312
013223010312
131210110312
232031100312
310002000312
001020300312
123013200312
203133330312
321100230312
030122130312
112111030312
211330020312
333303120312
022321220312
100312320312
221012121312
303021021312
012003321312
130030221312
233211231312
311222331312
000200031312
122233131312
202313001312
320320101312
031302201312
113331301312
210110311312
332123211312
023101111312
101132011312
333333333333
211300233333
100322133333
022311033333
321130023333
203103123333
112121223333
030112323333
310032213333
232001313333
123023013333
001010113333
302231103333
220202003333
131220303333
013213203333
332113002333
210120102333
101102202333
023131302333
320310312333
202323212333
113301112333
031332012333
311212122333
233221022333
122203322333
000230222333
303011232333
221022332333
130000032333
012033132333
331003221333
213030321333
102012021333
020021121333
323200131333
201233031333
110211331333
032222231333
312302301333
230331201333
121313101333
003320001333
300101011333
222132111333
133110211333
011123311333
330223110333
212210010333
103232310333
021201210333
322020200333
200013300333
111031000333
033002100333
313122030333
231111130333
120133230333
002100330333
301321320333
223312220333
132330120333
010303020333
333211300233
211222200233
100200100233
022233000233
321012010233
203021110233
112003210233
030030310233
310110220233
232123320233
123101020233
001132120233
302313130233
220320030233
131302330233
013331230233
332031031233
210002131233
101020231233
023013331233
320232321233
202201221233
113223121233
031210021233
311330111233
233303011233
122321311233
000312211233
303133201233
221100301233
130122001233
012111101233
331121212233
213112312233
102130012233
020103112233
323322102233
201311002233
110333302233
032300202233
312220332233
230213232233
121231132233
003202032233
300023022233
222010122233
133032222233
011001322233
330301123233
212332023233
103310323233
021323223233
322102233233
200131333233
111113033233
033120133233
313000003233
231033103233
120011203233
002022303233
301203313233
223230213233
132212113233
010221013233
333100322133
211133222133
100111122133
022122022133
321303032133
203330132133
112312232133
030321332133
310201202133
232232302133
123210002133
001223102133
302002112133
220031012133
131013312133
013020212133
332320013133
210313113133
101331213133
023302313133
320123303133
202110203133
113132103133
031101003133
311021133133
233012033133
122030333133
000003233133
303222223133
221211323133
130233023133
012200123133
331230230133
213203330133
102221030133
020212130133
323033120133
201000020133
110022320133
032011220133
312131310133
230102210133
121120110133
003113010133
300332000133
222301100133
133323200133
011310300133
330010101133
212023001133
103001301133
021032201133
322213211133
200220311133
111202011133
033231111133
313311021133
231322121133
120300221133
002333321133
301112331133
223121231133
132103131133
010130031133
333022311033
211011211033
100033111033
022000011033
321221001033
203212101033
112230201033
030203301033
310323231033
232310331033
123332031033
001301131033
302120121033
220113021033
131131321033
013102221033
332202020033
210231120033
101213220033
023220320033
320001330033
202032230033
113010130033
031023030033
311103100033
233130000033
122112300033
000121200033
303300210033
221333310033
130311010033
012322110033
331312203033
213321303033
102303003033
020330103033
323111113033
201122013033
110100313033
032133213033
312013323033
230020223033
121002123033
003031023033
300210033033
222223133033
133201233033
011232333033
330132132033
212101032033
103123332033
021110232033
322331222033
200302322033
111320022033
033313122033
313233012033
231200112033
120222212033
002211312033
301030302033
223003202033
132021102033
010012002033
333321130023
211312030023
100330330023
022303230023
321122220023
203111320023
112133020023
030100120023
310020010023
232013110023
123031210023
001002310023
302223300023
220210200023
131232100023
013201000023
332101201023
210132301023
101110001023
023123101023
320302111023
202331011023
113313311023
031320211023
311200321023
233233221023
122211121023
000222021023
303003031023
221030131023
130012231023
012021331023
331011022023
213022122023
102000222023
020033322023
323212332023
201221232023
110203132023
032230032023
312310102023
230323002023
121301302023
003332202023
300113212023
222120312023
133102012023
011131112023
330231313023
212202213023
103220113023
021213013023
322032003023
200001103023
111023203023
033010303023
313130233023
231103333023
120121033023
002112133023
301333123023
223300023023
132322323023
010311223023
333203103123
211230003123
100212303123
022221203123
321000213123
203033313123
112011013123
030022113123
310102023123
232131123123
123113223123
001120323123
302301333123
220332233123
131310133123
013323033123
332023232123
210010332123
101032032123
023001132123
320220122123
202213022123
113231322123
031202222123
311322312123
233311212123
122333112123
000300012123
303121002123
221112102123
130130202123
012103302123
331133011123
213100111123
102122211123
020111311123
323330301123
201303201123
110321101123
032312001123
312232131123
230201031123
121223331123
003210231123
300031221123
222002321123
133020021123
011013121123
330313320123
212320220123
103302120123
021331020123
322110030123
200123130123
111101230123
033132330123
313012200123
231021300123
120003000123
002030100123
301211110123
223222010123
132200310123
010233210123
333112121223
211121021223
100103321223
022130221223
321311231223
203322331223
112300031223
030333131223
310213001223
232220101223
123202201223
001231301223
302010311223
220023211223
131001111223
013032011223
332332210223
210301310223
101323010223
023310110223
320131100223
202102000223
113120300223
031113200223
311033330223
233000230223
122022130223
000011030223
303230020223
221203120223
130221220223
012212320223
331222033223
213211133223
102233233223
020200333223
323021323223
201012223223
110030123223
032003023223
312123113223
230110013223
121132313223
003101213223
300320203223
222313303223
133331003223
011302103223
330002302223
212031202223
103013102223
021020002223
322201012223
200232112223
111210212223
033223312223
313303222223
231330322223
120312022223
002321122223
301100132223
223133032223
132111332223
010122232223
333030112323
211003012323
100021312323
022012212323
321233202323
203200302323
112222002323
030211102323
310331032323
232302132323
123320232323
001313332323
302132322323
220101222323
131123122323
013110022323
332210223323
210223323323
101201023323
023232123323
320013133323
202020033323
113002333323
031031233323
311111303323
233122203323
122100103323
000133003323
303312013323
221321113323
130303213323
012330313323
331300000323
213333100323
102311200323
020322300323
323103310323
201130210323
110112110323
032121010323
312001120323
230032020323
121010320323
003023220323
300202230323
222231330323
133213030323
011220130323
330120331323
212113231323
103131131323
021102031323
322323021323
200310121323
111332221323
033301321323
313221211323
231212311323
120230011323
002203111323
301022101323
223011001323
132033301323
010000201323
333310032213
211323132213
100301232213
022332332213
321113322213
203120222213
112102122213
030131022213
310011112213
232022012213
123000312213
001033212213
302212202213
220221302213
131203002213
013230102213
332130303213
210103203213
101121103213
023112003213
320333013213
202300113213
113322213213
031311313213
311231223213
233202323213
122220023213
000213123213
303032133213
221001033213
130023333213
012010233213
331020120213
213013020213
102031320213
020002220213
323223230213
201210330213
110232030213
032201130213
312321000213
230312100213
121330200213
003303300213
300122310213
222111210213
133133110213
011100010213
330200211213
212233311213
103211011213
021222111213
322003101213
200030001213
111012301213
033021201213
313101331213
231132231213
120110131213
002123031213
301302021213
223331121213
132313221213
010320321213
333232001313
211201101313
100223201313
022210301313
321031311313
203002211313
112020111313
030013011313
310133121313
232100021313
123122321313
001111221313
302330231313
220303331313
131321031313
013312131313
332012330313
210021230313
101003130313
023030030313
320211020313
202222120313
113200220313
031233320313
311313210313
233320310313
122302010313
000331110313
303110100313
221123000313
130101300313
012132200313
331102113313
213131013313
102113313313
020120213313
323301203313
201332303313
110310003313
032323103313
312203033313
230230133313
121212233313
003221333313
300000323313
222033223313
133011123313
011022023313
330322222313
212311322313
103333022313
021300122313
322121132313
200112032313
111130332313
033103232313
313023302313
231010202313
120032102313
002001002313
301220012313
223213112313
132231212313
010202312313
333123023013
211110123013
100132223013
022101323013
321320333013
203313233013
112331133013
030302033013
310222103013
232211003013
123233303013
001200203013
302021213013
220012313013
131030013013
013003113013
332303312013
210330212013
101312112013
023321012013
320100002013
202133102013
113111202013
031122302013
311002232013
233031332013
122013032013
000020132013
303201122013
221232022013
130210322013
012223222013
331213131013
213220031013
102202331013
020231231013
323010221013
201023321013
110001021013
032032121013
312112011013
230121111013
121103211013
003130311013
300311301013
222322201013
133300101013
011333001013
330033200013
212000300013
103022000013
021011100013
322230110013
200203010013
111221310013
033212210013
313332320013
231301220013
120323120013
002310020013
301131030013
223102130013
132120230013
010113330013
333001010113
211032110113
100010210113
022023310113
321202300113
203231200113
112213100113
030220000113
310300130113
232333030113
123311330113
001322230113
302103220113
220130320113
131112020113
013121120113
332221321113
210212221113
101230121113
023203021113
320022031113
202011131113
113033231113
031000331113
311120201113
233113301113
122131001113
000102101113
303323111113
221310011113
130332311113
012301211113
331331102113
213302002113
102320302113
020313202113
323132212113
201101312113
110123012113
032110112113
312030022113
230003122113
121021222113
003012322113
300233332113
222200232113
133222132113
011211032113
330111233113
212122333113
103100033113
021133133113
322312123113
200321023113
111303323113
033330223113
313210313113
231223213113
120201113113
002232013113
301013003113
223020103113
132002203113
010031303113
333302231103
211331331103
100313031103
022320131103
321101121103
203132021103
112110321103
030123221103
310003311103
232030211103
123012111103
001021011103
302200001103
220233101103
131211201103
013222301103
332122100103
210111000103
101133300103
023100200103
320321210103
202312310103
113330010103
031303110103
311223020103
233210120103
122232220103
000201320103
303020330103
221013230103
130031130103
012002030103
331032323103
213001223103
102023123103
020010023103
323231033103
201202133103
110220233103
032213333103
312333203103
230300303103
121322003103
003311103103
300130113103
222103013103
133121313103
011112213103
330212012103
212221112103
103203212103
021230312103
322011302103
200022202103
111000102103
033033002103
313113132103
231120032103
120102332103
002131232103
301310222103
223323322103
132301022103
010332122103
333220202003
211213302003
100231002003
022202102003
321023112003
203010012003
112032312003
030001212003
310121322003
232112222003
123130122003
001103022003
302322032003
220311132003
131333232003
013300332003
332000133003
210033033003
101011333003
023022233003
320203223003
202230323003
113212023003
031221123003
311301013003
233332113003
122310213003
000323313003
303102303003
221131203003
130113103003
012120003003
331110310003
213123210003
102101110003
020132010003
323313000003
201320100003
110302200003
032331300003
312211230003
230222330003
121200030003
003233130003
300012120003
222021020003
133003320003
011030220003
330330021003
212303121003
103321221003
021312321003
322133331003
200100231003
111122131003
033111031003
313031101003
231002001003
120020301003
002013201003
301232211003
223201311003
132223011003
010210111003
333131220303
211102320303
100120020303
022113120303
321332130303
203301030303
112323330303
030310230303
310230300303
232203200303
123221100303
001212000303
302033010303
220000110303
131022210303
013011310303
332311111303
210322011303
101300311303
023333211303
320112201303
202121301303
113103001303
031130101303
311010031303
233023131303
122001231303
000032331303
303213321303
221220221303
130202121303
012231021303
331201332303
213232232303
102210132303
020223032303
323002022303
201031122303
110013222303
032020322303
312100212303
230133312303
121111012303
003122112303
300303102303
222330002303
133312302303
011321202303
330021003303
212012103303
103030203303
021003303303
322222313303
200211213303
111233113303
033200013303
313320123303
231313023303
120331323303
002302223303
301123233303
223110333303
132132033303
010101133303
333013213203
211020313203
100002013203
022031113203
321210103203
203223003203
112201303203
030232203203
310312333203
232321233203
123303133203
001330033203
302111023203
220122123203
131100223203
013133323203
332233122203
210200022203
101222322203
023211222203
320030232203
202003332203
113021032203
031012132203
311132002203
233101102203
122123202203
000110302203
303331312203
221302212203
130320112203
012313012203
331323301203
213310201203
102332101203
020301001203
323120011203
201113111203
110131211203
032102311203
312022221203
230011321203
121033021203
003000121203
300221131203
222212031203
133230331203
011203231203
330103030203
212130130203
103112230203
021121330203
322300320203
200333220203
111311120203
033322020203
313202110203
231231010203
120213310203
002220210203
301001200203
223032300203
132010000203
010023100203
