011111111111111111111111
001111010110011001010000
000111101011001100101000
000011110101100110010100
000001111010110011001010
000000111101011001100101
010000011110101100110010
001000001111010110011001
010100000111101011001100
001010000011110101100110
000101000001111010110011
010010100000111101011001
011001010000011110101100
001100101000001111010110
000110010100000111101011
010011001010000011110101
011001100101000001111010
001100110010100000111101
010110011001010000011110
001011001100101000001111
010101100110010100000111
011010110011001010000011
011101011001100101000001
011110101100110010100000
100000000000000000000000
110000101001100110101111
111000010100110011010111
111100001010011001101011
111110000101001100110101
111111000010100110011010
101111100001010011001101
110111110000101001100110
101011111000010100110011
110101111100001010011001
111010111110000101001100
101101011111000010100110
100110101111100001010011
110011010111110000101001
111001101011111000010100
101100110101111100001010
100110011010111110000101
110011001101011111000010
101001100110101111100001
110100110011010111110000
101010011001101011111000
100101001100110101111100
100010100110011010111110
100001010011001101011111
