00000000000000000000
00000000001111111111
00000111110000011111
01111100001000001111
00111000110001110011
01011000110110011100
01101011000001111100
01110011000110010011
11001001010010100111
11001010100101001011
10110001010101001101
10110010100010101110
11010001101000111001
11010010011001010110
10101010011010011001
10101001101100010110
11100100010100111010
11100100100011010101
10011101000011011010
10011110000100110101
11111111111111111111
11111111110000000000
11111000001111100000
10000011110111110000
11000111001110001100
10100111001001100011
10010100111110000011
10001100111001101100
00110110101101011000
00110101011010110100
01001110101010110010
01001101011101010001
00101110010111000110
00101101100110101001
01010101100101100110
01010110010011101001
00011011101011000101
00011011011100101010
01100010111100100101
01100001111011001010
