000000000000000000000000
000000000000111111111111
000000111111000111000111
000000111111111000111000
000111000111000000111111
000111000111111111000000
011001001011001011011001
011001010011011100100110
011010001101110001001110
011100010101100110101001
011010100110010101110001
011100100110101010010110
001011101001100110110010
001110110001001101011100
001101101010110100001101
001110011010101001100011
001011110100011010001011
001101011100010011110100
010101110001110001010011
010110101001011010100101
010011110010100011101100
010110011010010110011010
010011011100101100010101
010101101100001101101010
111111111111111111111111
111111111111000000000000
111111000000111000111000
111111000000000111000111
111000111000111111000000
111000111000000000111111
100110110100110100100110
100110101100100011011001
100101110010001110110001
100011101010011001010110
100101011001101010001110
100011011001010101101001
110100010110011001001101
110001001110110010100011
110010010101001011110010
110001100101010110011100
110100001011100101110100
110010100011101100001011
101010001110001110101100
101001010110100101011010
101100001101011100010011
101001100101101001100101
101100100011010011101010
101010010011110010010101
