000000000000000000000000
000000111111000000111111
000000111111111111000000
000011000101011101110101
000011001010110110011110
000011110000101011101011
001100000011111010111001
001100010100010111101110
001100101000101101010111
001111001111000011000011
001111110011001100001100
001111111100110000110000
010101001101101100101010
010101011010001011110100
010101110001010110010011
011001010110111000000111
011001100101100011011100
011001101010010101101001
010110010110100101011001
010110100011110001100110
010110101100011010001101
011010011001011001011010
011010011001100110100101
011010100110001110110010
111111111111111111111111
111111000000111111000000
111111000000000000111111
111100111010100010001010
111100110101001001100001
111100001111010100010100
110011111100000101000110
110011101011101000010001
110011010111010010101000
110000110000111100111100
110000001100110011110011
110000000011001111001111
101010110010010011010101
101010100101110100001011
101010001110101001101100
100110101001000111111000
100110011010011100100011
100110010101101010010110
101001101001011010100110
101001011100001110011001
101001010011100101110010
100101100110100110100101
100101100110011001011010
100101011001110001001101
