000000000000000000000000
000000110011110101110101
000000111100111010111010
000011000011011110011110
000011001100101101101101
000011111111000011000011
001100000101001111110011
001100001010110011001111
001100111111001100001100
001111001111110000110000
001111110000000000111111
001111110000111111000000
010101010110011010100101
011001010011101001101010
011001011100010101010110
010110010101110100001011
010110011010000111111000
011010011001101010010101
010101100101100011011100
010101101010101100010011
011001101001010110101001
010110101001011001100110
011010100110011001011001
011010100110100110100110
111111111111111111111111
111111001100001010001010
111111000011000101000101
111100111100100001100001
111100110011010010010010
111100000000111100111100
110011111010110000001100
110011110101001100110000
110011000000110011110011
110000110000001111001111
110000001111111111000000
110000001111000000111111
101010101001100101011010
100110101100010110010101
100110100011101010101001
101001101010001011110100
101001100101111000000111
100101100110010101101010
101010011010011100100011
101010010101010011101100
100110010110101001010110
101001010110100110011001
100101011001100110100110
100101011001011001011001
