000000000000000000000000
000000000000111111111111
000000111111000000111111
000000111111111111000000
000111000111000111000111
000111000111111000111000
011001001011001011011001
011001010011011100100110
011010001101110001001110
011010100101010110110001
011100010110100011110010
011100100110101100001101
001101101001100101110100
001101110001110010001011
001110011010010101101001
001110101010011010010110
001011011100101100010011
001011110100001011101100
010110011001101010100101
010110110001001101011010
010011101010100110101010
010011110010110001010101
010101011100010110011100
010101101100011001100011
111111111111111111111111
111111111111000000000000
111111000000111111000000
111111000000000000111111
111000111000111000111000
111000111000000111000111
100110110100110100100110
100110101100100011011001
100101110010001110110001
100101011010101001001110
100011101001011100001101
100011011001010011110010
110010010110011010001011
110010001110001101110100
110001100101101010010110
110001010101100101101001
110100100011010011101100
110100001011110100010011
101001100110010101011010
101001001110110010100101
101100010101011001010101
101100001101001110101010
101010100011101001100011
101010010011100110011100
