000000000000000000000000
000000000000111111111111
000000111111000111000111
000000111111111000111000
000111000111000000111111
000111000111111111000000
011001001011011001001011
011001001011100110110100
001011011100001011011100
001011101100101100100011
010101011100110010010011
010101101100010101101100
011010010101010101110001
011100010101101100001110
001110101001110001010110
010110101001001110011001
001101110001100011101001
010011110001011010100110
011010100110110010001101
011100100110001011110010
001110011010010110101010
010110011010101001100101
001101110010011100010101
010011110010100101011010
111111111111111111111111
111111111111000000000000
111111000000111000111000
111111000000000111000111
111000111000111111000000
111000111000000000111111
100110110100100110110100
100110110100011001001011
110100100011110100100011
110100010011010011011100
101010100011001101101100
101010010011101010010011
100101101010101010001110
100011101010010011110001
110001010110001110101001
101001010110110001100110
110010001110011100010110
101100001110100101011001
100101011001001101110010
100011011001110100001101
110001100101101001010101
101001100101010110011010
110010001101100011101010
101100001101011010100101
