000000000000000000000000
000000111111000000111111
000000000000111111111111
000011001111001111000011
000011110011110011001100
000011111100111100110000
001100001111110101010100
001100110011011110100001
001100111100101011001010
001111000011101000111010
001111001100010010101101
001111110000000101010111
010101010101011001011001
010101010101100110100110
010101101010011001100110
010110011010100101101001
010110100110101010010101
010110101001010110011010
011001011010110010010011
011001100110000111111000
011001101001101100001101
011010100101110001100011
011010011001001011110100
011010010110011100001110
111111111111111111111111
111111000000111111000000
111111111111000000000000
111100110000110000111100
111100001100001100110011
111100000011000011001111
110011110000001010101011
110011001100100001011110
110011000011010100110101
110000111100010111000101
110000110011101101010010
110000001111111010101000
101010101010100110100110
101010101010011001011001
101010010101100110011001
101001100101011010010110
101001011001010101101010
101001010110101001100101
100110100101001101101100
100110011001111000000111
100110010110010011110010
100101011010001110011100
100101100110110100001011
100101101001100011110001
