000000000000000000000000
000000110011110101110101
000000111100111010111010
000011000101011101011110
000011001010101110101101
000011111111000011000011
001100000110010111101011
001100001001101011010111
001100111111001100001100
001111001111110000110000
001111110000000000111111
001111110000111111000000
010101010011111000001011
010101100110100110010110
010101101100011001100101
010110010101001110110001
010110011010010011011100
010110101001100101101010
011001010101100011101100
011001011010001101110010
011001101001010110011001
011010011100110100000111
011010100110101001011001
011010100011011010100110
111111111111111111111111
111111001100001010001010
111111000011000101000101
111100111010100010100001
111100110101010001010010
111100000000111100111100
110011111001101000010100
110011110110010100101000
110011000000110011110011
110000110000001111001111
110000001111111111000000
110000001111000000111111
101010101100000111110100
101010011001011001101001
101010010011100110011010
101001101010110001001110
101001100101101100100011
101001010110011010010101
100110101010011100010011
100110100101110010001101
100110010110101001100110
100101100011001011111000
100101011001010110100110
100101011100100101011001
