000000000000000000000000
000000000000111111111111
000000111111000000111111
000000111111111111000000
000111000111000111000111
000111000111111000111000
011001001011011001001011
011001001011100110110100
001011011100001011011100
001101101100011100100110
010011101100100101101001
010101011100110010010011
011010010101110001100110
011100100101101010001101
001110011001010110101001
010110101001001011110010
001011110001101100010011
010101110001010101011100
011010100110010110011010
011100010110001101110001
001110101010110001010101
010110011010101100001110
001101110010100011101010
010011110010011010100101
111111111111111111111111
111111111111000000000000
111111000000111111000000
111111000000000000111111
111000111000111000111000
111000111000000111000111
100110110100100110110100
100110110100011001001011
110100100011110100100011
110010010011100011011001
101100010011011010010110
101010100011001101101100
100101101010001110011001
100011011010010101110010
110001100110101001010110
101001010110110100001101
110100001110010011101100
101010001110101010100011
100101011001101001100101
100011101001110010001110
110001010101001110101010
101001100101010011110001
110010001101011100010101
101100001101100101011010
