000000000000000000000000
000000000000111111111111
000000111111000000111111
001111000011000011001111
000011001111001111110000
000011111100110011000011
001100001111111100000011
000011110011111100001100
001111110000001100110011
001100110011110011110000
001111001100110000111100
001100111100001111001100
010101010101010101010101
010101010101101010101010
010101101010010101101010
011010010110010110011010
010110011010011010100101
010110101001100110010110
011001011010101001010110
010110100110101001011001
011010100101011001100110
011001100110100110100101
011010011001100101101001
011001101001011010011001
111111111111111111111111
111111111111000000000000
111111000000111111000000
110000111100111100110000
111100110000110000001111
111100000011001100111100
110011110000000011111100
111100001100000011110011
110000001111110011001100
110011001100001100001111
110000110011001111000011
110011000011110000110011
101010101010101010101010
101010101010010101010101
101010010101101010010101
100101101001101001100101
101001100101100101011010
101001010110011001101001
100110100101010110101001
101001011001010110100110
100101011010100110011001
100110011001011001011010
100101100110011010010110
100110010110100101100110
