000000000000000000000000
000000111111000000111111
000000111111111111000000
000011000011111100110011
000011001100001111111100
000011110000110011001111
001100000101110101011101
001100010010011011110110
001100101000101110101011
001111001111000011000011
001111110011001100001100
001111111100110000110000
010101001011110010101100
010101011100011100000111
010101110001000111110001
010110010101101010011010
010110100110010101101010
010110101010101001010101
011001010110101001101001
011001100110100110010110
011001101001011001011010
011010011001100101100110
011010011010010110011001
011010100101011010100101
111111111111111111111111
111111000000111111000000
111111000000000000111111
111100111100000011001100
111100110011110000000011
111100001111001100110000
110011111010001010100010
110011101101100100001001
110011010111010001010100
110000110000111100111100
110000001100110011110011
110000000011001111001111
101010110100001101010011
101010100011100011111000
101010001110111000001110
101001101010010101100101
101001011001101010010101
101001010101010110101010
100110101001010110010110
100110011001011001101001
100110010110100110100101
100101100110011010011001
100101100101101001100110
100101011010100101011010
