000000000000000000000000
000000110011110101110101
000000111100111010111010
000011000011011110011110
000011001100101101101101
000011111111000011000011
001100000101001111110011
001100001010110011001111
001100111111001100001100
001111001111110000110000
001111110000000000111111
001111110000111111000000
010110011001100101011010
011010010101010011101100
011010011010011100100011
010101011100010110010101
010101010011101010101001
011001010110101001010110
010110100110100110100110
010110100110011001011001
011010101001101010010101
010101101001011001100110
011001101010000111111000
011001100101110100001011
111111111111111111111111
111111001100001010001010
111111000011000101000101
111100111100100001100001
111100110011010010010010
111100000000111100111100
110011111010110000001100
110011110101001100110000
110011000000110011110011
110000110000001111001111
110000001111111111000000
110000001111000000111111
101001100110011010100101
100101101010101100010011
100101100101100011011100
101010100011101001101010
101010101100010101010110
100110101001010110101001
101001011001011001011001
101001011001100110100110
100101010110010101101010
101010010110100110011001
100110010101111000000111
100110011010001011110100
