000000000000000000000000
000000000000111111111111
000100101111011101101000
000100101111100010010111
000111011010011100010011
000111011010100011101100
001001011101011010001110
001001011101100101110001
001011100011010111000101
001011100011101000111010
001110110100010010111001
001110110100101101000110
010001110110010001110110
010001110110101110001001
010010111001001110110100
010010111001110001001011
010111000101001011100011
010111000101110100011100
011010001110001001011101
011010001110110110100010
011100010011000111011010
011100010011111000100101
011101101000000100101111
011101101000111011010000
111111111111111111111111
111111111111000000000000
111011010000100010010111
111011010000011101101000
111000100101100011101100
111000100101011100010011
110110100010100101110001
110110100010011010001110
110100011100101000111010
110100011100010111000101
110001001011101101000110
110001001011010010111001
101110001001101110001001
101110001001010001110110
101101000110110001001011
101101000110001110110100
101000111010110100011100
101000111010001011100011
100101110001110110100010
100101110001001001011101
100011101100111000100101
100011101100000111011010
100010010111111011010000
100010010111000100101111
