01111011110011001001
10111101110001110100
11011110111000101010
11101111011100000101
11110111100110010010
10000011111011000110
01000101110101100011
00100110111010110001
00010111011101011000
00001111100110101100
11001010010111110000
11100101001011101000
01110010101101100100
00111001011110100010
10011100101111000001
10110110010111101111
01011111001011110111
10101011101101111011
11010001111110111101
01101100111111011110
10000100001100110110
01000010001110001011
00100001000111010101
00010000100011111010
00001000011001101101
01111100000100111001
10111010001010011100
11011001000101001110
11101000100010100111
11110000011001010011
00110101101000001111
00011010110100010111
10001101010010011011
11000110100001011101
01100011010000111110
01001001101000010000
10100000110100001000
01010100010010000100
00101110000001000010
10010011000000100001
