000000000000000000000000
000000000000111111111111
000000111111000000111111
001111000011000011001111
000011001111001111110000
000011111100110011000011
001100001111111100000011
000011110011111100001100
001111110000001100110011
001100110011110011110000
001111001100110000111100
001100111100001111001100
010101010101010101010101
011010101010100101010101
011010100101011010100101
011010011001011001011010
010101101010011010011001
011001011001100110101001
011001010110101010010110
010110010110101001101001
011001100110010101101010
010101101001101001100110
010110100101100110011010
010110011010010110100110
111111111111111111111111
111111111111000000000000
111111000000111111000000
110000111100111100110000
111100110000110000001111
111100000011001100111100
110011110000000011111100
111100001100000011110011
110000001111110011001100
110011001100001100001111
110000110011001111000011
110011000011110000110011
101010101010101010101010
100101010101011010101010
100101011010100101011010
100101100110100110100101
101010010101100101100110
100110100110011001010110
100110101001010101101001
101001101001010110010110
100110011001101010010101
101010010110010110011001
101001011010011001100101
101001100101101001011001
