000000000000000000000000
000000110011110101110101
000000111100111010111010
000011000101011101011110
000011001010101110101101
000011111111000011000011
001100000110010111101011
001100001001101011010111
001100111111001100001100
001111001111110000110000
001111110000000000111111
001111110000111111000000
010101011100000111110100
010101101010011100010011
010101100101110010001101
010110010011011010100110
010110010110101001011001
010110101001100101101010
011001011001011001101001
011001010011100110011010
011001100110101001100110
011010011100110100000111
011010101010010011011100
011010100101001110110001
111111111111111111111111
111111001100001010001010
111111000011000101000101
111100111010100010100001
111100110101010001010010
111100000000111100111100
110011111001101000010100
110011110110010100101000
110011000000110011110011
110000110000001111001111
110000001111111111000000
110000001111000000111111
101010100011111000001011
101010010101100011101100
101010011010001101110010
101001101100100101011001
101001101001010110100110
101001010110011010010101
100110100110100110010110
100110101100011001100101
100110011001010110011001
100101100011001011111000
100101010101101100100011
100101011010110001001110
