000000000000000000000000
000000000000111111111111
000000111111000000111111
000000111111111111000000
000111000111000111000111
000111000111111000111000
011001001011011001001011
011001001011100110110100
001011011100001011011100
001101101100100101101001
010011101100011100100110
010101011100110010010011
011010010101010110101001
011100100101001011110010
001110011001110001100110
010110101001101010001101
001011110001101100010011
010101110001010101011100
011010100110110001010101
011100010110101100001110
001110101010010110011010
010110011010001101110001
001101110010011010100101
010011110010100011101010
111111111111111111111111
111111111111000000000000
111111000000111111000000
111111000000000000111111
111000111000111000111000
111000111000000111000111
100110110100100110110100
100110110100011001001011
110100100011110100100011
110010010011011010010110
101100010011100011011001
101010100011001101101100
100101101010101001010110
100011011010110100001101
110001100110001110011001
101001010110010101110010
110100001110010011101100
101010001110101010100011
100101011001001110101010
100011101001010011110001
110001010101101001100101
101001100101110010001110
110010001101100101011010
101100001101011100010101
