000000000000000000000000
000000000000111111111111
000000111111000000111111
000000111111111111000000
000111000111000111000111
000111000111111000111000
010011011001001011011100
010011011001110100100011
010101101010001101101010
010101101010110010010101
010110110100001110110001
010110110100110001001110
001011101100010110101100
001011110010101001100101
001101011100101010001011
001101110001010101011001
001110011010011100010110
001110101001100011110010
011001010110010011110010
011001100101101100010110
011010001110100101011001
011010100011011010001011
011100001101011001100101
011100010011100110101100
111111111111111111111111
111111111111000000000000
111111000000111111000000
111111000000000000111111
111000111000111000111000
111000111000000111000111
101100100110110100100011
101100100110001011011100
101010010101110010010101
101010010101001101101010
101001001011110001001110
101001001011001110110001
110100010011101001010011
110100001101010110011010
110010100011010101110100
110010001110101010100110
110001100101100011101001
110001010110011100001101
100110101001101100001101
100110011010010011101001
100101110001011010100110
100101011100100101110100
100011110010100110011010
100011101100011001010011
