00000000000000000000
00000000001111111111
00000111110000011111
00001011110111100001
00011100111001100110
00101100111110011000
00110011011010101010
00110011101101010100
00111101000011010011
00111110000100101101
01001111001011001100
01010101010101111000
01010110101010110001
01011001101100001011
01011010010110010110
01100101100110100110
01100110011101000011
01101001011000110101
01101010100001111010
01110000110011001101
11111111111111111111
11111111110000000000
11111000001111100000
11110100001000011110
11100011000110011001
11010011000001100111
11001100100101010101
11001100010010101011
11000010111100101100
11000001111011010010
10110000110100110011
10101010101010000111
10101001010101001110
10100110010011110100
10100101101001101001
10011010011001011001
10011001100010111100
10010110100111001010
10010101011110000101
10001111001100110010
