000000000000000000000000
000000000000111111111111
000000111111000000111111
000000111111111111000000
000111000111000111000111
000111000111111000111000
011001001011011001001011
011001001011100110110100
001011011100001011011100
001101101100011100100110
010011101100110010010011
010101011100100101101001
011010010101110001100110
011100100101101010001101
001110011001101100010011
010110101001010101011100
001011110001010110101001
010101110001001011110010
011010100110001101110001
011100010110010110011010
001110101010100011101010
010110011010011010100101
001101110010110001010101
010011110010101100001110
111111111111111111111111
111111111111000000000000
111111000000111111000000
111111000000000000111111
111000111000111000111000
111000111000000111000111
100110110100100110110100
100110110100011001001011
110100100011110100100011
110010010011100011011001
101100010011001101101100
101010100011011010010110
100101101010001110011001
100011011010010101110010
110001100110010011101100
101001010110101010100011
110100001110101001010110
101010001110110100001101
100101011001110010001110
100011101001101001100101
110001010101011100010101
101001100101100101011010
110010001101001110101010
101100001101010011110001
