000000000000000000000000
000000000000111111111111
000100101111001001011101
000100101111110110100010
000111011010000100101111
000111011010111011010000
001001011101000111011010
001001011101111000100101
001011100011001011100011
001011100011110100011100
001110110100001110110100
001110110100110001001011
010001110110010001110110
010001110110101110001001
010010111001010010111001
010010111001101101000110
010111000101010111000101
010111000101101000111010
011010001110011010001110
011010001110100101110001
011100010011011100010011
011100010011100011101100
011101101000011101101000
011101101000100010010111
111111111111111111111111
111111111111000000000000
111011010000110110100010
111011010000001001011101
111000100101111011010000
111000100101000100101111
110110100010111000100101
110110100010000111011010
110100011100110100011100
110100011100001011100011
110001001011110001001011
110001001011001110110100
101110001001101110001001
101110001001010001110110
101101000110101101000110
101101000110010010111001
101000111010101000111010
101000111010010111000101
100101110001100101110001
100101110001011010001110
100011101100100011101100
100011101100011100010011
100010010111100010010111
100010010111011101101000
