000000000000000000000000
000000110011110101110101
000000111100111010111010
000011000101011101011110
000011001010101110101101
000011111111000011000011
001100000110010111101011
001100001001101011010111
001100111111001100001100
001111001111110000110000
001111110000000000111111
001111110000111111000000
010101010101001110110001
010101100011101001101010
010101101010010110010110
010110010110100011011100
010110011001110100001011
010110101100011001100101
011001010110111000000111
011001011001010011101100
011001101100100101011001
011010011010001101110010
011010100011011010011001
011010100101100110100110
111111111111111111111111
111111001100001010001010
111111000011000101000101
111100111010100010100001
111100110101010001010010
111100000000111100111100
110011111001101000010100
110011110110010100101000
110011000000110011110011
110000110000001111001111
110000001111111111000000
110000001111000000111111
101010101010110001001110
101010011100010110010101
101010010101101001101001
101001101001011100100011
101001100110001011110100
101001010011100110011010
100110101001000111111000
100110100110101100010011
100110010011011010100110
100101100101110010001101
100101011100100101100110
100101011010011001011001
