000000000000000000000000
000000110011110101110101
000000111100111010111010
000011000011011110011110
000011001100101101101101
000011111111000011000011
001100000101010111101011
001100001010101011010111
001100111111001100001100
001111001111110000110000
001111110000000000111111
001111110000111111000000
010101010110001101110010
010110010011101010101001
010110011100010110010101
011001010101111000000111
011001011010010011101100
011010011001100101011010
010101100101100011011100
010101101010110100001011
010110101001011001100110
011001101001001110110001
011010100110011001011001
011010100110100110100110
111111111111111111111111
111111001100001010001010
111111000011000101000101
111100111100100001100001
111100110011010010010010
111100000000111100111100
110011111010101000010100
110011110101010100101000
110011000000110011110011
110000110000001111001111
110000001111111111000000
110000001111000000111111
101010101001110010001101
101001101100010101010110
101001100011101001101010
100110101010000111111000
100110100101101100010011
100101100110011010100101
101010011010011100100011
101010010101001011110100
101001010110100110011001
100110010110110001001110
100101011001100110100110
100101011001011001011001
