0111111001111001011010110011
1011111000111110101101011001
1101111100011101010111101100
1110111110001110101010110110
1111011111000111010100011011
1111101111100001101011001101
1111110011110010110101100110
1100001011111110011000101101
1110000101111101001101010110
0111000110111100100110101011
0011100111011110010011010101
0001110111101111001001101010
0000111111110101100100110101
1000011111111000110011011010
1010010011001101111111100001
0101001101100110111111110000
1010100110110011011110111000
0101010011011011101110011100
0010101001101111110110001110
1001010100110111111010000111
0100101110011011111101000011
1001100101001000111100111111
0100110010100100011111011111
0010011101010010001111101111
1001001010101011000111110111
1100100001010111100011111011
0110010100101011110001111101
0011001010010101111001111110
1000000110000110100101001100
0100000111000001010010100110
0010000011100010101000010011
0001000001110001010101001001
0000100000111000101011100100
0000010000011110010100110010
0000001100001101001010011001
0011110100000001100111010010
0001111010000010110010101001
1000111001000011011001010100
1100011000100001101100101010
1110001000010000110110010101
1111000000001010011011001010
0111100000000111001100100101
0101101100110010000000011110
1010110010011001000000001111
0101011001001100100001000111
1010101100100100010001100011
1101010110010000001001110001
0110101011001000000101111000
1011010001100100000010111100
0110011010110111000011000000
1011001101011011100000100000
1101100010101101110000010000
0110110101010100111000001000
0011011110101000011100000100
1001101011010100001110000010
1100110101101010000110000001
