00000000000000000000000000000000
01010101010101010101010101010101
00110011001100110011001100110011
01100110011001100110011001100110
00001111000011110000111100001111
01011010010110100101101001011010
00111100001111000011110000111100
01101001011010010110100101101001
00000000111111110000000011111111
00010111111010000001011111101000
00101110110100010010111011010001
00111001110001100011100111000110
01001011101101000100101110110100
01011100101000110101110010100011
01100101100110100110010110011010
01110010100011010111001010001101
00000000000000001111111111111111
01010101010101011010101010101010
00110011001100111100110011001100
01100110011001101001100110011001
00001111000011111111000011110000
01011010010110101010010110100101
00111100001111001100001111000011
01101001011010011001011010010110
00000000111111111111111100000000
00010111111010001110100000010111
00101110110100011101000100101110
00111001110001101100011000111001
01001011101101001011010001001011
01011100101000111010001101011100
01100101100110101001101001100101
01110010100011011000110101110010
11111111111111111111111111111111
10101010101010101010101010101010
11001100110011001100110011001100
10011001100110011001100110011001
11110000111100001111000011110000
10100101101001011010010110100101
11000011110000111100001111000011
10010110100101101001011010010110
11111111000000001111111100000000
11101000000101111110100000010111
11010001001011101101000100101110
11000110001110011100011000111001
10110100010010111011010001001011
10100011010111001010001101011100
10011010011001011001101001100101
10001101011100101000110101110010
11111111111111110000000000000000
10101010101010100101010101010101
11001100110011000011001100110011
10011001100110010110011001100110
11110000111100000000111100001111
10100101101001010101101001011010
11000011110000110011110000111100
10010110100101100110100101101001
11111111000000000000000011111111
11101000000101110001011111101000
11010001001011100010111011010001
11000110001110010011100111000110
10110100010010110100101110110100
10100011010111000101110010100011
10011010011001010110010110011010
10001101011100100111001010001101
