00000000000000000000000000000000
01010101000011110101010100001111
00110011001100110011001100110011
01100110010101010110011001010101
00001111001111000000111100111100
01011010011001100101101001100110
00111100011010010011110001101001
01101001010110100110100101011010
00000000111111110000000011111111
01010101111100000101010111110000
00110011110011000011001111001100
01100110101010100110011010101010
00001111110000110000111111000011
01011010100110010101101010011001
00111100100101100011110010010110
01101001101001010110100110100101
00000000000000001111111111111111
01010101000011111010101011110000
00110011001100111100110011001100
01100110010101011001100110101010
00001111001111001111000011000011
01011010011001101010010110011001
00111100011010011100001110010110
01101001010110101001011010100101
00000000111111111111111100000000
01010101111100001010101000001111
00110011110011001100110000110011
01100110101010101001100101010101
00001111110000111111000000111100
01011010100110011010010101100110
00111100100101101100001101101001
01101001101001011001011001011010
11111111111111111111111111111111
10101010111100001010101011110000
11001100110011001100110011001100
10011001101010101001100110101010
11110000110000111111000011000011
10100101100110011010010110011001
11000011100101101100001110010110
10010110101001011001011010100101
11111111000000001111111100000000
10101010000011111010101000001111
11001100001100111100110000110011
10011001010101011001100101010101
11110000001111001111000000111100
10100101011001101010010101100110
11000011011010011100001101101001
10010110010110101001011001011010
11111111111111110000000000000000
10101010111100000101010100001111
11001100110011000011001100110011
10011001101010100110011001010101
11110000110000110000111100111100
10100101100110010101101001100110
11000011100101100011110001101001
10010110101001010110100101011010
11111111000000000000000011111111
10101010000011110101010111110000
11001100001100110011001111001100
10011001010101010110011010101010
11110000001111000000111111000011
10100101011001100101101010011001
11000011011010010011110010010110
10010110010110100110100110100101
