000000000
011234567
022345671
033456712
044567123
055671234
066712345
077123456
101111111
110472653
124726530
137265304
142653047
156530472
165304726
173047265
202222222
214051376
220513764
235137640
241376405
253764051
267640513
276405137
303333333
317506241
325062417
330624175
346241750
352417506
364175062
371750624
404444444
412160735
421607352
436073521
440735216
457352160
463521607
475216073
505555555
516327014
523270146
532701463
547014632
550146327
561463270
574632701
606666666
615743102
627431025
634310257
643102574
651025743
660257431
672574310
707777777
713615420
726154203
731542036
745420361
754203615
762036154
770361542
