000000000000000000000
131202012232221301100
212303023313332102200
323101031121113203300
013120201223222130110
122322213011003231010
201223222130110032310
330021230302331333210
021230302331333210220
110032310103112111320
233133321022001312020
302331333210220013120
032310103112111320330
103112111320330021230
220013120201223222130
311211132033002123030
001312020122322213011
130110032310103112111
213011003231010311211
322213011003231010311
012232221301100323101
123030233133321022001
200131202012232221301
331333210220013120201
020122322213011003231
111320330021230302331
232221301100323101031
303023313332102200131
033002123030233133321
102200131202012232221
221301100323101031121
310103112111320330021
002123030233133321022
133321022001312020122
210220013120201223222
321022001312020122322
011003231010311211132
120201223222130110032
203300212303023313332
332102200131202012232
023313332102200131202
112111320330021230302
231010311211132033002
300212303023313332102
030233133321022001312
101031121113203300212
222130110032310103112
313332102200131202012
003231010311211132033
132033002123030233133
211132033002123030233
320330021230302331333
010311211132033002123
121113203300212303023
202012232221301100323
333210220013120201223
022001312020122322213
113203300212303023313
230302331333210220013
301100323101031121113
031121113203300212303
100323101031121113203
223222130110032310103
312020122322213011003
