00000000000000000000000000000000
01010101010101010101010101010101
00110011001100110011001100110011
01100110011001100110011001100110
00001111000011110000111100001111
01011010010110100101101001011010
00111100001111000011110000111100
01101001011010010110100101101001
00000000111111110000000011111111
00001111111100000000111111110000
00110101110010100011010111001010
00111010110001010011101011000101
01010110101010010101011010101001
01011001101001100101100110100110
01100011100111000110001110011100
01101100100100110110110010010011
00000000000000001111111111111111
01010101010101011010101010101010
00110011001100111100110011001100
01100110011001101001100110011001
00001111000011111111000011110000
01011010010110101010010110100101
00111100001111001100001111000011
01101001011010011001011010010110
00000000111111111111111100000000
00001111111100001111000000001111
00110101110010101100101000110101
00111010110001011100010100111010
01010110101010011010100101010110
01011001101001101010011001011001
01100011100111001001110001100011
01101100100100111001001101101100
11111111111111111111111111111111
10101010101010101010101010101010
11001100110011001100110011001100
10011001100110011001100110011001
11110000111100001111000011110000
10100101101001011010010110100101
11000011110000111100001111000011
10010110100101101001011010010110
11111111000000001111111100000000
11110000000011111111000000001111
11001010001101011100101000110101
11000101001110101100010100111010
10101001010101101010100101010110
10100110010110011010011001011001
10011100011000111001110001100011
10010011011011001001001101101100
11111111111111110000000000000000
10101010101010100101010101010101
11001100110011000011001100110011
10011001100110010110011001100110
11110000111100000000111100001111
10100101101001010101101001011010
11000011110000110011110000111100
10010110100101100110100101101001
11111111000000000000000011111111
11110000000011110000111111110000
11001010001101010011010111001010
11000101001110100011101011000101
10101001010101100101011010101001
10100110010110010101100110100110
10011100011000110110001110011100
10010011011011000110110010010011
