01111111111111111111111111111111
00110110111100010101110000100100
00011011011110001010111000010010
00001101101111000101011100001001
01000110110111100010101110000100
00100011011011110001010111000010
00010001101101111000101011100001
01001000110110111100010101110000
00100100011011011110001010111000
00010010001101101111000101011100
00001001000110110111100010101110
00000100100011011011110001010111
01000010010001101101111000101011
01100001001000110110111100010101
01110000100100011011011110001010
00111000010010001101101111000101
01011100001001000110110111100010
00101110000100100011011011110001
01010111000010010001101101111000
00101011100001001000110110111100
00010101110000100100011011011110
00001010111000010010001101101111
01000101011100001001000110110111
01100010101110000100100011011011
01110001010111000010010001101101
01111000101011100001001000110110
00111100010101110000100100011011
01011110001010111000010010001101
01101111000101011100001001000110
00110111100010101110000100100011
01011011110001010111000010010001
01101101111000101011100001001000
10000000000000000000000000000000
11001001000011101010001111011011
11100100100001110101000111101101
11110010010000111010100011110110
10111001001000011101010001111011
11011100100100001110101000111101
11101110010010000111010100011110
10110111001001000011101010001111
11011011100100100001110101000111
11101101110010010000111010100011
11110110111001001000011101010001
11111011011100100100001110101000
10111101101110010010000111010100
10011110110111001001000011101010
10001111011011100100100001110101
11000111101101110010010000111010
10100011110110111001001000011101
11010001111011011100100100001110
10101000111101101110010010000111
11010100011110110111001001000011
11101010001111011011100100100001
11110101000111101101110010010000
10111010100011110110111001001000
10011101010001111011011100100100
10001110101000111101101110010010
10000111010100011110110111001001
11000011101010001111011011100100
10100001110101000111101101110010
10010000111010100011110110111001
11001000011101010001111011011100
10100100001110101000111101101110
10010010000111010100011110110111
