00000000000000000000000000000000
01010101010101010101010101010101
00110011001100110011001100110011
01100110011001100110011001100110
00001111000011110000111100001111
01011010010110100101101001011010
00111100001111000011110000111100
01101001011010010110100101101001
00000000111111110000000011111111
01010110101010010101011010101001
00110011110011000011001111001100
01100101100110100110010110011010
00001111111100000000111111110000
01011001101001100101100110100110
00111100110000110011110011000011
01101010100101010110101010010101
00000000000000001111111111111111
01010101010101011010101010101010
00110011001100111100110011001100
01100110011001101001100110011001
00001111000011111111000011110000
01011010010110101010010110100101
00111100001111001100001111000011
01101001011010011001011010010110
00000000111111111111111100000000
01010110101010011010100101010110
00110011110011001100110000110011
01100101100110101001101001100101
00001111111100001111000000001111
01011001101001101010011001011001
00111100110000111100001100111100
01101010100101011001010101101010
11111111111111111111111111111111
10101010101010101010101010101010
11001100110011001100110011001100
10011001100110011001100110011001
11110000111100001111000011110000
10100101101001011010010110100101
11000011110000111100001111000011
10010110100101101001011010010110
11111111000000001111111100000000
10101001010101101010100101010110
11001100001100111100110000110011
10011010011001011001101001100101
11110000000011111111000000001111
10100110010110011010011001011001
11000011001111001100001100111100
10010101011010101001010101101010
11111111111111110000000000000000
10101010101010100101010101010101
11001100110011000011001100110011
10011001100110010110011001100110
11110000111100000000111100001111
10100101101001010101101001011010
11000011110000110011110000111100
10010110100101100110100101101001
11111111000000000000000011111111
10101001010101100101011010101001
11001100001100110011001111001100
10011010011001010110010110011010
11110000000011110000111111110000
10100110010110010101100110100110
11000011001111000011110011000011
10010101011010100110101010010101
