00000000000000
12110112100000
21220221200000
01211011210000
10021120010000
22101202110000
02122022120000
11202101220000
20012210020000
00121101121000
12201210221000
21011022021000
01002112001000
10112221101000
22222000201000
02210120211000
11020202011000
20100011111000
00212202212000
12022011012000
21102120112000
01120210122000
10200022222000
22010101022000
02001221002000
11111000102000
20221112202000
00012110112100
12122222212100
21202001012100
01220121022100
10000200122100
22110012222100
02101102202100
11211211002100
20021020102100
00100211200100
12210020000100
21020102100100
01011222110100
10121001210100
22201110010100
02222200020100
11002012120100
20112121220100
00221012021100
12001121121100
21111200221100
01102020201100
10212102001100
22022211101100
02010001111100
11120110211100
20200222011100
00021220221200
12101002021200
21211111121200
01202201101200
10012010201200
22122122001200
02110212011200
11220021111200
20000100211200
00112021012200
12222100112200
21002212212200
01020002222200
10100111022200
22210220122200
02201010102200
11011122202200
20121201002200
00200122100200
12010201200200
21120010000200
01111100010200
10221212110200
22001021210200
02022111220200
11102220020200
20212002120200
00001211011210
12111020111210
21221102211210
01212222221210
10022001021210
22102110121210
02120200101210
11200012201210
20010121001210
00122012102210
12202121202210
21012200002210
01000020012210
10110102112210
22220211212210
02211001222210
11021110022210
20101222122210
00210110220210
12020222020210
21100001120210
01121121100210
10201200200210
22011012000210
02002102010210
11112211110210
20222020210210
00010021120010
12120100220010
21200212020010
01221002000010
10001111100010
22111220200010
02102010210010
11212122010010
20022201110010
00101122211010
12211201011010
21021010111010
01012100121010
10122212221010
22202021021010
02220111001010
11000220101010
20110002201010
00222220002010
12002002102010
21112111202010
01100201212010
10210010012010
22020122112010
02011212122010
11121021222010
20201100022010
00022101202110
12102210002110
21212022102110
01200112112110
10010221212110
22120000012110
02111120022110
11221202122110
20001011222110
00110202020110
12220011120110
21000120220110
01021210200110
10101022000110
22211101100110
02202221110110
11012000210110
20122112010110
00201000111110
12011112211110
21121221011110
01112011021110
10222120121110
22002202221110
02020022201110
11100101001110
20210210101110
00002122022120
12112201122120
21222010222120
01210100202120
10020212002120
22100021102120
02121111112120
11201220212120
20011002012120
00120220110120
12200002210120
21010111010120
01001201020120
10111010120120
22221122220120
02212212200120
11022021000120
20102100100120
00211021201120
12021100001120
21101212101120
01122002111120
10202111211120
22012220011120
02000010021120
11110122121120
20220201221120
00011202101220
12121011201220
21201120001220
01222210011220
10002022111220
22112101211220
02100221221220
11210000021220
20020112121220
00102000222220
12212112022220
21022221122220
01010011102220
10120120202220
22200202002220
02221022012220
11001101112220
20111210212220
00220101010220
12000210110220
21110022210220
01101112220220
10211221020220
22021000120220
02012120100220
11122202200220
20202011000220
00020012210020
12100121010020
21210200110020
01201020120020
10011102220020
22121211020020
02112001000020
11222110100020
20002222200020
00111110001020
12221222101020
21001001201020
01022121211020
10102200011020
22212012111020
02200102121020
11010211221020
20120020021020
00202211122020
12012020222020
21122102022020
01110222002020
10220001102020
22000110202020
02021200212020
11101012012020
20211121112020
00000121101121
12110200201121
21220012001121
01211102011121
10021211111121
22101020211121
02122110221121
11202222021121
20012001121121
00121222222121
12201001022121
21011110122121
01002200102121
10112012202121
22222121002121
02210211012121
11020020112121
20100102212121
00212020010121
12022102110121
21102211210121
01120001220121
10200110020121
22010222120121
02001012100121
11111121200121
20221200000121
00012201210221
12122010010221
21202122110221
01220212120221
10000021220221
22110100020221
02101220000221
11211002100221
20021111200221
00100002001221
12210111101221
21020220201221
01011010211221
10121122011221
22201201111221
02222021121221
11002100221221
20112212021221
00221100122221
12001212222221
21111021022221
01102111002221
10212220102221
22022002202221
02010122212221
11120201012221
20200010112221
00021011022021
12101120122021
21211202222021
01202022202021
10012101002021
22122210102021
02110000112021
11220112212021
20000221012021
00112112110021
12222221210021
21002000010021
01020120020021
10100202120021
22210011220021
02201101200021
11011210000021
20121022100021
00200210201021
12010022001021
21120101101021
01111221111021
10221000211021
22001112011021
02022202021021
11102011121021
20212120221021
00001002112001
12111111212001
21221220012001
01212010022001
10022122122001
22102201222001
02120021202001
11200100002001
20010212102001
00122100200001
12202212000001
21012021100001
01000111110001
10110220210001
22220002010001
02211122020001
11021201120001
20101010220001
00210201021001
12020010121001
21100122221001
01121212201001
10201021001001
22011100101001
02002220111001
11112002211001
20222111011001
00010112221101
12120221021101
21200000121101
01221120101101
10001202201101
22111011001101
02102101011101
11212210111101
20022022211101
00101210012101
12211022112101
21021101212101
01012221222101
10122000022101
22202112122101
02220202102101
11000011202101
20110120002101
00222011100101
12002120200101
21112202000101
01100022010101
10210101110101
22020210210101
02011000220101
11121112020101
20201221120101
00022222000201
12102001100201
21212110200201
01200200210201
10010012010201
22120121110201
02111211120201
11221020220201
20001102020201
00110020121201
12220102221201
21000211021201
01021001001201
10101110101201
22211222201201
02202012211201
11012121011201
20122200111201
00201121212201
12011200012201
21121012112201
01112102122201
10222211222201
22002020022201
02020110002201
11100222102201
20210001202201
00002210120211
12112022220211
21222101020211
01210221000211
10020000100211
22100112200211
02121202210211
11201011010211
20011120110211
00120011211211
12200120011211
21010202111211
01001022121211
10111101221211
22221210021211
02212000001211
11022112101211
20102221201211
00211112002211
12021221102211
21101000202211
01122120212211
10202202012211
22012011112211
02000101122211
11110210222211
20220022022211
00011020202011
12121102002011
21201211102011
01222001112011
10002110212011
22112222012011
02100012022011
11210121122011
20020200222011
00102121020011
12212200120011
21022012220011
01010102200011
10120211000011
22200020100011
02221110110011
11001222210011
20111001010011
00220222111011
12000001211011
21110110011011
01101200021011
10211012121011
22021121221011
02012211201011
11122020001011
20202102101011
00020100011111
12100212111111
21210021211111
01201111221111
10011220021111
22121002121111
02112122101111
11222201201111
20002010001111
00111201102111
12221010202111
21001122002111
01022212012111
10102021112111
22212100212111
02200220222111
11010002022111
20120111122111
00202002220111
12012111020111
21122220120111
01110010100111
10220122200111
22000201000111
02021021010111
11101100110111
20211212210111
00000212202212
12110021002212
21220100102212
01211220112212
10021002212212
22101111012212
02122201022212
11202010122212
20012122222212
00121010020212
12201122120212
21011201220212
01002021200212
10112100000212
22222212100212
02210002110212
11020111210212
20100220010212
00212111111212
12022220211212
21102002011212
01120122021212
10200201121212
22010010221212
02001100201212
11111212001212
20221021101212
00012022011012
12122101111012
21202210211012
01220000221012
10000112021012
22110221121012
02101011101012
11211120201012
20021202001012
00100120102012
12210202202012
21020011002012
01011101012012
10121210112012
22201022212012
02222112222012
11002221022012
20112000122012
00221221220012
12001000020012
21111112120012
01102202100012
10212011200012
22022120000012
02010210010012
11120022110012
20200101210012
00021102120112
12101211220112
21211020020112
01202110000112
10012222100112
22122001200112
02110121210112
11220200010112
20000012110112
00112200211112
12222012011112
21002121111112
01020211121112
10100020221112
22210102021112
02201222001112
11011001101112
20121110201112
00200001002112
12010110102112
21120222202112
01111012212112
10221121012112
22001200112112
02022020122112
11102102222112
20212211022112
00001120210122
12111202010122
21221011110122
01212101120122
10022210220122
22102022020122
02120112000122
11200221100122
20010000200122
00122221001122
12202000101122
21012112201122
01000202211122
10110011011122
22220120111122
02211210121122
11021022221122
20101101021122
00210022122122
12020101222122
21100210022122
01121000002122
10201112102122
22011221202122
02002011212122
11112120012122
20222202112122
00010200022222
12120012122222
21200121222222
01221211202222
10001020002222
22111102102222
02102222112222
11212001212222
20022110012222
00101001110222
12211110210222
21021222010222
01012012020222
10122121120222
22202200220222
02220020200222
11000102000222
20110211100222
00222102201222
12002211001222
21112020101222
01100110111222
10210222211222
22020001011222
02011121021222
11121200121222
20201012221222
00022010101022
12102122201022
21212201001022
01200021011022
10010100111022
22120212211022
02111002221022
11221111021022
20001220121022
00110111222022
12220220022022
21000002122022
01021122102022
10101201202022
22211010002022
02202100012022
11012212112022
20122021212022
00201212010022
12011021110022
21121100210022
01112220220022
10222002020022
22002111120022
02020201100022
11100010200022
20210122000022
00002001221002
12112110021002
21222222121002
01210012101002
10020121201002
22100200001002
02121020011002
11201102111002
20011211211002
00120102012002
12200211112002
21010020212002
01001110222002
10111222022002
22221001122002
02212121102002
11022200202002
20102012002002
00211200100002
12021012200002
21101121000002
01122211010002
10202020110002
22012102210002
02000222220002
11110001020002
20220110120002
00011111000102
12121220100102
21201002200102
01222122210102
10002201010102
22112010110102
02100100120102
11210212220102
20020021020102
00102212121102
12212021221102
21022100021102
01010220001102
10120002101102
22200111201102
02221201211102
11001010011102
20111122111102
00220010212102
12000122012102
21110201112102
01101021122102
10211100222102
22021212022102
02012002002102
11122111102102
20202220202102
00020221112202
12100000212202
21210112012202
01201202022202
10011011122202
22121120222202
02112210202202
11222022002202
20002101102202
00111022200202
12221101000202
21001210100202
01022000110202
10102112210202
22212221010202
02200011020202
11010120120202
20120202220202
00202120021202
12012202121202
21122011221202
01110101201202
10220210001202
22000022101202
02021112111202
11101221211202
20211000011202
