001111110010111101011011011011100111
000111111101011110101101101101110011
100011111010101111110110110110111001
110001111101010111011011011111011100
111000111110101011101101101011101110
111100011111010101110110110001110111
111110001111101010011011011100111011
111111000011110101101101101110011101
011111100101111010110110110111001110
101000010001111110100011000011011011
010100001000111111010001100101101101
101010000100011111001000110110110110
010101000110001111000100011011011011
001010100111000111100010001101101101
000101010111100011110001000110110110
000010101111110001011000100011011011
100001010111111000001100010101101101
010000101011111100000110001110110110
100100100011100111001111110101000010
010010010101110011000111111010100001
001001001110111001100011111101010000
100100100111011100110001111010101000
010010010011101110111000111001010100
001001001001110111111100011000101010
100100100100111011111110001000010101
010010010110011101111111000100001010
001001001111001110011111100010000101
100011000100100100010111101001111110
010001100010010010101011110000111111
001000110001001001010101111100011111
000100011100100100101010111110001111
100010001010010010110101011111000111
110001000001001001111010101111100011
011000100100100100111101010111110001
001100010010010010011110101111111000
000110001001001001101111010011111100
110000001101000010100100100100011000
111000000010100001010010010010001100
011100000101010000001001001001000110
001110000010101000100100100000100011
000111000001010100010010010100010001
000011100000101010001001001110001000
000001110000010101100100100011000100
000000111100001010010010010001100010
100000011010000101001001001000110001
010111101110000001011100111100100100
101011110111000000101110011010010010
010101111011100000110111001001001001
101010111001110000111011100100100100
110101011000111000011101110010010010
111010101000011100001110111001001001
111101010000001110100111011100100100
011110101000000111110011101010010010
101111010100000011111001110001001001
011011011100011000110000001010111101
101101101010001100111000000101011110
110110110001000110011100000010101111
011011011000100011001110000101010111
101101101100010001000111000110101011
110110110110001000000011100111010101
011011011011000100000001110111101010
101101101001100010000000111011110101
110110110000110001100000011101111010
011100111011011011101000010110000001
101110011101101101010100001111000000
110111001110110110101010000011100000
111011100011011011010101000001110000
011101110101101101001010100000111000
001110111110110110000101010000011100
100111011011011011000010101000001110
110011101101101101100001010000000111
111001110110110110010000101100000011
