000000000000000000100000000000000000
000010111001110100010010111001110100
000001011100111010001001011100111010
000000101110011101000100101110011101
010000010111001110010010010111001110
001000001011100111001001001011100111
010100000101110011010100100101110011
011010000010111001011010010010111001
011101000001011100011101001001011100
001110100000101110001110100100101110
000111010000010111000111010010010111
010011101000001011010011101001001011
011001110100000101011001110100100101
011100111010000010011100111010010010
001110011101000001001110011101001001
010111001110100000010111001110100100
001011100111010000001011100111010010
000101110011101000000101110011101001
100000000000000000111111111111111111
010010111001110100111101000110001011
001001011100111010111110100011000101
000100101110011101111111010001100010
010010010111001110101111101000110001
001001001011100111110111110100011000
010100100101110011101011111010001100
011010010010111001100101111101000110
011101001001011100100010111110100011
001110100100101110110001011111010001
000111010010010111111000101111101000
010011101001001011101100010111110100
011001110100100101100110001011111010
011100111010010010100011000101111101
001110011101001001110001100010111110
010111001110100100101000110001011111
001011100111010010110100011000101111
000101110011101001111010001100010111
111111111111111111011111111111111111
111101000110001011101101000110001011
111110100011000101110110100011000101
111111010001100010111011010001100010
101111101000110001101101101000110001
110111110100011000110110110100011000
101011111010001100101011011010001100
100101111101000110100101101101000110
100010111110100011100010110110100011
110001011111010001110001011011010001
111000101111101000111000101101101000
101100010111110100101100010110110100
100110001011111010100110001011011010
100011000101111101100011000101101101
110001100010111110110001100010110110
101000110001011111101000110001011011
110100011000101111110100011000101101
111010001100010111111010001100010110
011111111111111111000000000000000000
101101000110001011000010111001110100
110110100011000101000001011100111010
111011010001100010000000101110011101
101101101000110001010000010111001110
110110110100011000001000001011100111
101011011010001100010100000101110011
100101101101000110011010000010111001
100010110110100011011101000001011100
110001011011010001001110100000101110
111000101101101000000111010000010111
101100010110110100010011101000001011
100110001011011010011001110100000101
100011000101101101011100111010000010
110001100010110110001110011101000001
101000110001011011010111001110100000
110100011000101101001011100111010000
111010001100010110000101110011101000
