000000000000
100000011111
200000022222
010000201221
110000212002
210000220110
020000102112
120000110220
220000121001
001000210122
101000221200
201000202011
011000111010
111000122121
211000100202
021000012201
121000020012
221000001120
002000120211
102000101022
202000112100
012000021102
112000002210
212000010021
022000222020
122000200101
222000211212
000100221012
100100202120
200100210201
010100122200
110100100011
210100111122
020100020121
120100001202
220100012010
001100101101
101100112212
201100120020
011100002022
111100010100
211100021211
021100200210
121100211021
221100222102
002100011220
102100022001
202100000112
012100212111
112100220222
212100201000
022100110002
122100121110
222100102221
000200112021
100200120102
200200101210
010200010212
110200021020
210200002101
020200211100
120200222211
220200200022
001200022110
101200000221
201200011002
011200220001
111200201112
211200212220
021200121222
121200102000
221200110111
002200202202
102200210010
202200221121
012200100120
112200111201
212200122012
022200001011
122200012122
222200020200
000010222101
100010200212
200010211020
010010120022
110010101100
210010112211
020010021210
120010002021
220010010102
001010102220
101010110001
201010121112
011010000111
111010011222
211010022000
021010201002
121010212110
221010220221
002010012012
102010020120
202010001201
012010210200
112010221011
212010202122
022010111121
122010122202
222010100010
000110110110
100110121221
200110102002
010110011001
110110022112
210110000220
020110212222
120110220000
220110201111
001110020202
101110001010
201110012121
011110221120
111110202201
211110210012
021110122011
121110100122
221110111200
002110200021
102110211102
202110222210
012110101212
112110112020
212110120101
022110002100
122110010211
222110021022
000210001122
100210012200
200210020011
010210202010
110210210121
210210221202
020210100201
120210111012
220210122120
001210211211
101210222022
201210200100
011210112102
111210120210
211210101021
021210010020
121210021101
221210002212
002210121000
102210102111
202210110222
012210022221
112210000002
212210011110
022210220112
122210201220
222210212001
000020111202
100020122010
200020100121
010020012120
110020020201
210020001012
020020210011
120020221122
220020202200
001020021021
101020002102
201020010210
011020222212
111020200020
211020211101
021020120100
121020101211
221020112022
002020201110
102020212221
202020220002
012020102001
112020110112
212020121220
022020000222
122020011000
222020022111
000120002211
100120010022
200120021100
010120200102
110120211210
210120222021
020120101020
120120112101
220120120212
001120212000
101120220111
201120201222
011120110221
111120121002
211120102110
021120011112
121120022220
221120000001
002120122122
102120100200
202120111011
012120020010
112120001121
212120012202
022120221201
122120202012
222120210120
000220220220
100220201001
200220212112
010220121111
110220102222
210220110000
020220022002
120220000110
220220011221
001220100012
101220111120
201220122201
011220001200
111220012011
211220020122
021220202121
121220210202
221220221010
002220010101
102220021212
202220002020
012220211022
112220222100
212220200211
022220112210
122220120021
222220101102
000001212210
100001220021
200001201102
010001110101
110001121212
210001102020
020001011022
120001022100
220001000211
001001122002
101001100110
201001111221
011001020220
111001001001
211001012112
021001221111
121001202222
221001210000
002001002121
102001010202
202001021010
012001200012
112001211120
212001222201
022001101200
122001112011
222001120122
000101100222
100101111000
200101122111
010101001110
110101012221
210101020002
020101202001
120101210112
220101221220
001101010011
101101021122
201101002200
011101211202
111101222010
211101200121
021101112120
121101120201
221101101012
002101220100
102101201211
202101212022
012101121021
112101102102
212101110210
022101022212
122101000020
222101011101
000201021201
100201002012
200201010120
010201222122
110201200200
210201211011
020201120010
120201101121
220201112202
001201201020
101201212101
201201220212
011201102211
111201110022
211201121100
021201000102
121201011210
221201022021
002201111112
102201122220
202201100001
012201012000
112201020111
212201001222
022201210221
122201221002
222201202110
000011101011
100011112122
200011120200
010011002202
110011010010
210011021121
020011200120
120011211201
220011222012
001011011100
101011022211
201011000022
011011212021
111011220102
211011201210
021011110212
121011121020
221011102101
002011221222
102011202000
202011210111
012011122110
112011100221
212011111002
022011020001
122011001112
222011012220
000111022020
100111000101
200111011212
010111220211
110111201022
210111212100
020111121102
120111102210
220111110021
001111202112
101111210220
201111221001
011111100000
111111111111
211111122222
021111001221
121111012002
221111020110
002111112201
102111120012
202111101120
012111010122
112111021200
212111002011
022111211010
122111222121
222111200202
000211210002
100211221110
200211202221
010211111220
110211122001
210211100112
020211012111
120211020222
220211001000
001211120121
101211101202
201211112010
011211021012
111211002120
211211010201
021211222200
121211200011
221211211122
002211000210
102211011021
202211022102
012211201101
112211212212
212211220020
022211102022
122211110100
222211121211
000021020112
100021001220
200021012001
010021221000
110021202111
210021210222
020021122221
120021100002
220021111110
001021200201
101021211012
201021222120
011021101122
111021112200
211021120011
021021002010
121021010121
221021021202
002021110020
102021121101
202021102212
012021011211
112021022022
212021000100
022021212102
122021220210
222021201021
000121211121
100121222202
200121200010
010121112012
110121120120
210121101201
020121010200
120121021011
220121002122
001121121210
101121102021
201121110102
011121022101
111121000212
211121011020
021121220022
121121201100
221121212211
002121001002
102121012110
202121020221
012121202220
112121210001
212121221112
022121100111
122121111222
222121122000
000221102100
100221110211
200221121022
010221000021
110221011102
210221022210
020221201212
120221212020
220221220101
001221012222
101221020000
201221001111
011221210110
111221221221
211221202002
021221111001
121221122112
221221100220
002221222011
102221200122
202221211200
012221120202
112221101010
212221112121
022221021120
122221002201
222221010012
000002121120
100002102201
200002110012
010002022011
110002000122
210002011200
020002220202
120002201010
220002212121
001002001212
101002012020
201002020101
011002202100
111002210211
211002221022
021002100021
121002111102
221002122210
002002211001
102002222112
202002200220
012002112222
112002120000
212002101111
022002010110
122002021221
222002002002
000102012102
100102020210
200102001021
010102210020
110102221101
210102202212
020102111211
120102122022
220102100100
001102222221
101102200002
201102211110
011102120112
111102101220
211102112001
021102021000
121102002111
221102010222
002102102010
102102110121
202102121202
012102000201
112102011012
212102022120
022102201122
122102212200
222102220011
000202200111
100202211222
200202222000
010202101002
110202112110
210202120221
020202002220
120202010001
220202021112
001202110200
101202121011
201202102122
011202011121
111202022202
211202000010
021202212012
121202220120
221202201201
002202020022
102202001100
202202012211
012202221210
112202202021
212202210102
022202122101
122202100212
222202111020
000012010221
100012021002
200012002110
010012211112
110012222220
210012200001
020012112000
120012120111
220012101222
001012220010
101012201121
201012212202
011012121201
111012102012
211012110120
021012022122
121012000200
221012011011
002012100102
102012111210
202012122021
012012001020
112012012101
212012020212
022012202211
122012210022
222012221100
000112201200
100112212011
200112220122
010112102121
110112110202
210112121010
020112000012
120112011120
220112022201
001112111022
101112122100
201112100211
011112012210
111112020021
211112001102
021112210101
121112221212
221112202020
002112021111
102112002222
202112010000
012112222002
112112200110
212112211221
022112120220
122112101001
222112112112
000212122212
100212100020
200212111101
010212020100
110212001211
210212012022
020212221021
120212202102
220212210210
001212002001
101212010112
201212021220
011212200222
111212211000
211212222111
021212101110
121212112221
221212120002
002212212120
102212220201
202212201012
012212110011
112212121122
212212102200
022212011202
122212022010
222212000121
000022202022
100022210100
200022221211
010022100210
110022111021
210022122102
020022001101
120022012212
220022020020
001022112111
101022120222
201022101000
011022010002
111022021110
211022002221
021022211220
121022222001
221022200112
002022022200
102022000011
202022011122
012022220121
112022201202
212022212010
022022121012
122022102120
222022110201
000122120001
100122101112
200122112220
010122021222
110122002000
210122010111
020122222110
120122200221
220122211002
001122000120
101122011201
201122022012
011122201011
111122212122
211122220200
021122102202
121122110010
221122121121
002122210212
102122221020
202122202101
012122111100
112122122211
212122100022
022122012021
122122020102
222122001210
000222011010
100222022121
200222000202
010222212201
110222220012
210222201120
020222110122
120222121200
220222102011
001222221102
101222202210
201222210021
011222122020
111222100101
211222111212
021222020211
121222001022
221222012100
002222101221
102222112002
202222120110
012222002112
112222010220
212222021001
022222200000
122222211111
222222222222
the ternary Golay code
