01001111001001001100100010100101000111111110
10100111100000100110010001010010100011111111
01010011110100010011001000101001010001111111
00101001111010001001100100010100111000111111
10010100111001000100111010001010011100011111
11001010011100100010010101000101011110001111
11100101001110010001000010100010111111000111
11110010100011001000101001010001011111100011
01111001010001100100010100101000111111110001
00111100101100110010001010010100011111111000
10011110010010011001000101001010001111111100
11011001101010011110011100000000100101001010
11101100110101001111001110000000000010100101
01110110011010100111100111000000010001010010
10111011001001010011110011100000001000101001
11011101100100101001110001110000010100010100
01101110110110010100110000111000001010001010
00110111011111001010010000011100000101000101
10011011101111100101000000001110010010100010
11001101110011110010100000000111001001010001
01100110111001111001010000000011110100101000
10110011011100111100101000000001101010010100
11010110101001111111100100111100111011001101
11101011010000111111111010011110011101100110
01110101101100011111110101001111001110110011
10111010110110001111110010100111110111011001
01011101011111000111111001010011111011101100
10101110101111100011111100101001101101110110
11010111010111110001111110010100100110111011
01101011101111111000111111001010010011011101
10110101110111111100010111100101011001101110
01011010111111111110000011110010101100110111
10101101011011111111001001111001010110011011
11000000001110101101010010011001001001111001
11100000000111010110100001001100110100111100
01110000000011101011011000100110001010011110
00111000000101110101100100010011000101001111
00011100000010111010110010001001110010100111
00001110000101011101011001000100111001010011
00000111000110101110101100100010011100101001
00000011100011010111010110010001011110010100
00000001110101101011100011001000101111001010
00000000111010110101111001100100000111100101
10000000011101011010110100110010010011110010
10110000110110110011011101011010111000000001
01011000011111011001101110101101011100000000
10101100001011101100110111010110101110000000
11010110000101110110011011101011000111000000
01101011000110111011000101110101100011100000
00110101100011011101101010111010100001110000
00011010110001101110111101011101000000111000
00001101011100110111010110101110100000011100
10000110101110011011101011010111000000001110
11000011010011001101110101101011100000000111
01100001101101100110111010110101110000000011
00100110010101100001100011111111011010110101
00010011001010110000110001111111111101011010
10001001100101011000011000111111101110101101
01000100110110101100001100011111110111010110
00100010011011010110001110001111101011101011
10010001001001101011001111000111110101110101
11001000100000110101101111100011111010111010
01100100010000011010111111110001101101011101
00110010001100001101011111111000110110101110
10011001000110000110101111111100001011010111
01001100100011000011010111111110010101101011
00101001010110000000011011000011000100110010
00010100101111000000000101100001100010011001
10001010010011100000001010110000110001001100
01000101001001110000001101011000001000100110
10100010100000111000000110101100000100010011
01010001010000011100000011010110010010001001
00101000101000001110000001101011011001000100
10010100010000000111000000110101101100100010
01001010001000000011101000011010100110010001
10100101000000000001111100001101010011001000
01010010100100000000110110000110101001100100
00111111110001010010101101100110110110000110
00011111111000101001011110110011001011000011
10001111111100010100100111011001110101100001
11000111111010001010011011101100111010110000
11100011111101000101001101110110001101011000
11110001111010100010100110111011000110101100
11111000111001010001010011011101100011010110
11111100011100101000101001101110100001101011
11111110001010010100011100110111010000110101
11111111000101001010000110011011111000011010
01111111100010100101001011001101101100001101
