0000000000000000000000000000000000000000
0000000000111111111100000000001111111111
0000011111000001111100000111110000011111
0000101111011110000100001011110111100001
0001110011100110011000011100111001100110
0010110011111001100000101100111110011000
0011001101101010101000110011011010101010
0011001110110101010000110011101101010100
0011110100001101001100111101000011010011
0011111000010010110100111110000100101101
0100111100101100110001001111001011001100
0101010101010111100001010101010101111000
0101011010101011000101010110101010110001
0101100110110000101101011001101100001011
0101101001011001011001011010010110010110
0110010110011010011001100101100110100110
0110011001110100001101100110011101000011
0110100101100011010101101001011000110101
0110101010000111101001101010100001111010
0111000011001100110101110000110011001101
0000000000000000000011111111111111111111
0000000000111111111111111111110000000000
0000011111000001111111111000001111100000
0000101111011110000111110100001000011110
0001110011100110011011100011000110011001
0010110011111001100011010011000001100111
0011001101101010101011001100100101010101
0011001110110101010011001100010010101011
0011110100001101001111000010111100101100
0011111000010010110111000001111011010010
0100111100101100110010110000110100110011
0101010101010111100010101010101010000111
0101011010101011000110101001010101001110
0101100110110000101110100110010011110100
0101101001011001011010100101101001101001
0110010110011010011010011010011001011001
0110011001110100001110011001100010111100
0110100101100011010110010110100111001010
0110101010000111101010010101011110000101
0111000011001100110110001111001100110010
1111111111111111111111111111111111111111
1111111111000000000011111111110000000000
1111100000111110000011111000001111100000
1111010000100001111011110100001000011110
1110001100011001100111100011000110011001
1101001100000110011111010011000001100111
1100110010010101010111001100100101010101
1100110001001010101111001100010010101011
1100001011110010110011000010111100101100
1100000111101101001011000001111011010010
1011000011010011001110110000110100110011
1010101010101000011110101010101010000111
1010100101010100111010101001010101001110
1010011001001111010010100110010011110100
1010010110100110100110100101101001101001
1001101001100101100110011010011001011001
1001100110001011110010011001100010111100
1001011010011100101010010110100111001010
1001010101111000010110010101011110000101
1000111100110011001010001111001100110010
1111111111111111111100000000000000000000
1111111111000000000000000000001111111111
1111100000111110000000000111110000011111
1111010000100001111000001011110111100001
1110001100011001100100011100111001100110
1101001100000110011100101100111110011000
1100110010010101010100110011011010101010
1100110001001010101100110011101101010100
1100001011110010110000111101000011010011
1100000111101101001000111110000100101101
1011000011010011001101001111001011001100
1010101010101000011101010101010101111000
1010100101010100111001010110101010110001
1010011001001111010001011001101100001011
1010010110100110100101011010010110010110
1001101001100101100101100101100110100110
1001100110001011110001100110011101000011
1001011010011100101001101001011000110101
1001010101111000010101101010100001111010
1000111100110011001001110000110011001101
