0000000000
0112345678
0223456781
0334567812
0445678123
0556781234
0667812345
0778123456
0881234567
1011111111
1153870462
1238704625
1387046253
1470462538
1504625387
1646253870
1762538704
1825387046
2022222222
2136418057
2264180573
2341805736
2418057364
2580573641
2605736418
2757364180
2873641805
3033333333
3184752106
3247521068
3375210684
3452106847
3521068475
3610684752
3706847521
3868475210
4044444444
4171586320
4215863207
4358632071
4486320715
4563207158
4632071586
4720715863
4807158632
5055555555
5108261743
5282617430
5326174308
5461743082
5517430826
5674308261
5743082617
5830826174
6066666666
6140137285
6201372854
6313728540
6437285401
6572854013
6628540137
6785401372
6854013728
7077777777
7165024831
7250248316
7302483165
7424831650
7548316502
7683165024
7731650248
7816502483
8088888888
8127603514
8276035142
8360351427
8403514276
8535142760
8651427603
8714276035
8842760351
