0111111111111111111101111111111111111111
0010011110101000011000100111101010000110
0001001111010100001100010011110101000011
0100100111101010000101001001111010100001
0110010011110101000001100100111101010000
0011001001111010100000110010011110101000
0001100100111101010000011001001111010100
0000110010011110101000001100100111101010
0000011001001111010100000110010011110101
0100001100100111101001000011001001111010
0010000110010011110100100001100100111101
0101000011001001111001010000110010011110
0010100001100100111100101000011001001111
0101010000110010011101010100001100100111
0110101000011001001101101010000110010011
0111010100001100100101110101000011001001
0111101010000110010001111010100001100100
0011110101000011001000111101010000110010
0001111010100001100100011110101000011001
0100111101010000110001001111010100001100
0111111111111111111110000000000000000000
0010011110101000011011011000010101111001
0001001111010100001111101100001010111100
0100100111101010000110110110000101011110
0110010011110101000010011011000010101111
0011001001111010100011001101100001010111
0001100100111101010011100110110000101011
0000110010011110101011110011011000010101
0000011001001111010111111001101100001010
0100001100100111101010111100110110000101
0010000110010011110111011110011011000010
0101000011001001111010101111001101100001
0010100001100100111111010111100110110000
0101010000110010011110101011110011011000
0110101000011001001110010101111001101100
0111010100001100100110001010111100110110
0111101010000110010010000101011110011011
0011110101000011001011000010101111001101
0001111010100001100111100001010111100110
0100111101010000110010110000101011110011
1000000000000000000010000000000000000000
1101100001010111100111011000010101111001
1110110000101011110011101100001010111100
1011011000010101111010110110000101011110
1001101100001010111110011011000010101111
1100110110000101011111001101100001010111
1110011011000010101111100110110000101011
1111001101100001010111110011011000010101
1111100110110000101011111001101100001010
1011110011011000010110111100110110000101
1101111001101100001011011110011011000010
1010111100110110000110101111001101100001
1101011110011011000011010111100110110000
1010101111001101100010101011110011011000
1001010111100110110010010101111001101100
1000101011110011011010001010111100110110
1000010101111001101110000101011110011011
1100001010111100110111000010101111001101
1110000101011110011011100001010111100110
1011000010101111001110110000101011110011
1000000000000000000001111111111111111111
1101100001010111100100100111101010000110
1110110000101011110000010011110101000011
1011011000010101111001001001111010100001
1001101100001010111101100100111101010000
1100110110000101011100110010011110101000
1110011011000010101100011001001111010100
1111001101100001010100001100100111101010
1111100110110000101000000110010011110101
1011110011011000010101000011001001111010
1101111001101100001000100001100100111101
1010111100110110000101010000110010011110
1101011110011011000000101000011001001111
1010101111001101100001010100001100100111
1001010111100110110001101010000110010011
1000101011110011011001110101000011001001
1000010101111001101101111010100001100100
1100001010111100110100111101010000110010
1110000101011110011000011110101000011001
1011000010101111001101001111010100001100
