0111101111001100100101111011110011001001
1011110111000111010010111101110001110100
1101111011100010101011011110111000101010
1110111101110000010111101111011100000101
1111011110011001001011110111100110010010
1000001111101100011010000011111011000110
0100010111010110001101000101110101100011
0010011011101011000100100110111010110001
0001011101110101100000010111011101011000
0000111110011010110000001111100110101100
1100101001011111000011001010010111110000
1110010100101110100011100101001011101000
0111001010110110010001110010101101100100
0011100101111010001000111001011110100010
1001110010111100000110011100101111000001
1011011001011110111110110110010111101111
0101111100101111011101011111001011110111
1010101110110111101110101011101101111011
1101000111111011110111010001111110111101
0110110011111101111001101100111111011110
0111101111001100100110000100001100110110
1011110111000111010001000010001110001011
1101111011100010101000100001000111010101
1110111101110000010100010000100011111010
1111011110011001001000001000011001101101
1000001111101100011001111100000100111001
0100010111010110001110111010001010011100
0010011011101011000111011001000101001110
0001011101110101100011101000100010100111
0000111110011010110011110000011001010011
1100101001011111000000110101101000001111
1110010100101110100000011010110100010111
0111001010110110010010001101010010011011
0011100101111010001011000110100001011101
1001110010111100000101100011010000111110
1011011001011110111101001001101000010000
0101111100101111011110100000110100001000
1010101110110111101101010100010010000100
1101000111111011110100101110000001000010
0110110011111101111010010011000000100001
1000010000110011011010000100001100110110
0100001000111000101101000010001110001011
0010000100011101010100100001000111010101
0001000010001111101000010000100011111010
0000100001100110110100001000011001101101
0111110000010011100101111100000100111001
1011101000101001110010111010001010011100
1101100100010100111011011001000101001110
1110100010001010011111101000100010100111
1111000001100101001111110000011001010011
0011010110100000111100110101101000001111
0001101011010001011100011010110100010111
1000110101001001101110001101010010011011
1100011010000101110111000110100001011101
0110001101000011111001100011010000111110
0100100110100001000001001001101000010000
1010000011010000100010100000110100001000
0101010001001000010001010100010010000100
0010111000000100001000101110000001000010
1001001100000010000110010011000000100001
1000010000110011011001111011110011001001
0100001000111000101110111101110001110100
0010000100011101010111011110111000101010
0001000010001111101011101111011100000101
0000100001100110110111110111100110010010
0111110000010011100110000011111011000110
1011101000101001110001000101110101100011
1101100100010100111000100110111010110001
1110100010001010011100010111011101011000
1111000001100101001100001111100110101100
0011010110100000111111001010010111110000
0001101011010001011111100101001011101000
1000110101001001101101110010101101100100
1100011010000101110100111001011110100010
0110001101000011111010011100101111000001
0100100110100001000010110110010111101111
1010000011010000100001011111001011110111
0101010001001000010010101011101101111011
0010111000000100001011010001111110111101
1001001100000010000101101100111111011110
