01111111111111111111111111111111111111111111
00100101001110111110001011100000100011010110
00010010100111011111000101110000010001101011
01001001010011101111100010111000001000110101
01100100101001110111110001011100000100011010
00110010010100111011111000101110000010001101
01011001001010011101111100010111000001000110
00101100100101001110111110001011100000100011
01010110010010100111011111000101110000010001
01101011001001010011101111100010111000001000
00110101100100101001110111110001011100000100
00011010110010010100111011111000101110000010
00001101011001001010011101111100010111000001
01000110101100100101001110111110001011100000
00100011010110010010100111011111000101110000
00010001101011001001010011101111100010111000
00001000110101100100101001110111110001011100
00000100011010110010010100111011111000101110
00000010001101011001001010011101111100010111
01000001000110101100100101001110111110001011
01100000100011010110010010100111011111000101
01110000010001101011001001010011101111100010
00111000001000110101100100101001110111110001
01011100000100011010110010010100111011111000
00101110000010001101011001001010011101111100
00010111000001000110101100100101001110111110
00001011100000100011010110010010100111011111
01000101110000010001101011001001010011101111
01100010111000001000110101100100101001110111
01110001011100000100011010110010010100111011
01111000101110000010001101011001001010011101
01111100010111000001000110101100100101001110
00111110001011100000100011010110010010100111
01011111000101110000010001101011001001010011
01101111100010111000001000110101100100101001
01110111110001011100000100011010110010010100
00111011111000101110000010001101011001001010
00011101111100010111000001000110101100100101
01001110111110001011100000100011010110010010
00100111011111000101110000010001101011001001
01010011101111100010111000001000110101100100
00101001110111110001011100000100011010110010
00010100111011111000101110000010001101011001
01001010011101111100010111000001000110101100
10000000000000000000000000000000000000000000
11011010110001000001110100011111011100101001
11101101011000100000111010001111101110010100
10110110101100010000011101000111110111001010
10011011010110001000001110100011111011100101
11001101101011000100000111010001111101110010
10100110110101100010000011101000111110111001
11010011011010110001000001110100011111011100
10101001101101011000100000111010001111101110
10010100110110101100010000011101000111110111
11001010011011010110001000001110100011111011
11100101001101101011000100000111010001111101
11110010100110110101100010000011101000111110
10111001010011011010110001000001110100011111
11011100101001101101011000100000111010001111
11101110010100110110101100010000011101000111
11110111001010011011010110001000001110100011
11111011100101001101101011000100000111010001
11111101110010100110110101100010000011101000
10111110111001010011011010110001000001110100
10011111011100101001101101011000100000111010
10001111101110010100110110101100010000011101
11000111110111001010011011010110001000001110
10100011111011100101001101101011000100000111
11010001111101110010100110110101100010000011
11101000111110111001010011011010110001000001
11110100011111011100101001101101011000100000
10111010001111101110010100110110101100010000
10011101000111110111001010011011010110001000
10001110100011111011100101001101101011000100
10000111010001111101110010100110110101100010
10000011101000111110111001010011011010110001
11000001110100011111011100101001101101011000
10100000111010001111101110010100110110101100
10010000011101000111110111001010011011010110
10001000001110100011111011100101001101101011
11000100000111010001111101110010100110110101
11100010000011101000111110111001010011011010
10110001000001110100011111011100101001101101
11011000100000111010001111101110010100110110
10101100010000011101000111110111001010011011
11010110001000001110100011111011100101001101
11101011000100000111010001111101110010100110
10110101100010000011101000111110111001010011
