0000000000000000000000000000000000000000
2121102221111010122102012001121011001000
1212201112222020211201021002212022002000
0212110222111101012210201200112101100100
2000212110222111101012210201200112101100
1121011001000121220111222202021120102100
0121220111222202021120102100221202200200
2212022002000212110222111101012210201200
1000121220111222202021120102100221202200
0021211022211110101221020120011210110010
2112010210022120220020002121102221111010
1200112101100100012122011122220202112010
0200021211022211110101221020120011210110
2021120102100221202200200021211022211110
1112222020211201021002212022002000212110
0112101100100012122011122220202112010210
2200200021211022211110101221020120011210
1021002212022002000212110222111101012210
0012122011122220202112010210022120220020
2100221202200200021211022211110101221020
1221020120011210110010001212201112222020
0221202200200021211022211110101221020120
2012001121011001000121220111222202021120
1100100012122011122220202112010210022120
0100012122011122220202112010210022120220
2221111010122102012001121011001000121220
1012210201200112101100100012122011122220
0002121102221111010122102012001121011001
2120220020002121102221111010122102012001
1211022211110101221020120011210110010001
0211201021002212022002000212110222111101
2002000212110222111101012210201200112101
1120102100221202200200021211022211110101
0120011210110010001212201112222020211201
2211110101221020120011210110010001212201
1002212022002000212110222111101012210201
0020002121102221111010122102012001121011
2111101012210201200112101100100012122011
1202200200021211022211110101221020120011
0202112010210022120220020002121102221111
2020211201021002212022002000212110222111
1111010122102012001121011001000121220111
0111222202021120102100221202200200021211
2202021120102100221202200200021211022211
1020120011210110010001212201112222020211
0011210110010001212201112222020211201021
2102012001121011001000121220111222202021
1220111222202021120102100221202200200021
0220020002121102221111010122102012001121
2011122220202112010210022120220020002121
1102221111010122102012001121011001000121
0102100221202200200021211022211110101221
2220202112010210022120220020002121102221
1011001000121220111222202021120102100221
0001212201112222020211201021002212022002
2122011122220202112010210022120220020002
1210110010001212201112222020211201021002
0210022120220020002121102221111010122102
2001121011001000121220111222202021120102
1122220202112010210022120220020002121102
0122102012001121011001000121220111222202
2210201200112101100100012122011122220202
1001000121220111222202021120102100221202
0022120220020002121102221111010122102012
2110222111101012210201200112101100100012
1201021002212022002000212110222111101012
0201200112101100100012122011122220202112
2022002000212110222111101012210201200112
1110101221020120011210110010001212201112
0110010001212201112222020211201021002212
2201112222020211201021002212022002000212
1022211110101221020120011210110010001212
0010001212201112222020211201021002212022
2101100100012122011122220202112010210022
1222202021120102100221202200200021211022
0222111101012210201200112101100100012122
2010210022120220020002121102221111010122
1101012210201200112101100100012122011122
0101221020120011210110010001212201112222
2222020211201021002212022002000212110222
1010122102012001121011001000121220111222
