011111111111111111111111111111111111111111111111
001111011110010101110010011011000101011000010000
000111101111001010111001001101100010101100001000
000011110111100101011100100110110001010110000100
000001111011110010101110010011011000101011000010
000000111101111001010111001001101100010101100001
010000011110111100101011100100110110001010110000
001000001111011110010101110010011011000101011000
000100000111101111001010111001001101100010101100
000010000011110111100101011100100110110001010110
000001000001111011110010101110010011011000101011
010000100000111101111001010111001001101100010101
011000010000011110111100101011100100110110001010
001100001000001111011110010101110010011011000101
010110000100000111101111001010111001001101100010
001011000010000011110111100101011100100110110001
010101100001000001111011110010101110010011011000
001010110000100000111101111001010111001001101100
000101011000010000011110111100101011100100110110
000010101100001000001111011110010101110010011011
010001010110000100000111101111001010111001001101
011000101011000010000011110111100101011100100110
001100010101100001000001111011110010101110010011
010110001010110000100000111101111001010111001001
011011000101011000010000011110111100101011100100
001101100010101100001000001111011110010101110010
000110110001010110000100000111101111001010111001
010011011000101011000010000011110111100101011100
001001101100010101100001000001111011110010101110
000100110110001010110000100000111101111001010111
010010011011000101011000010000011110111100101011
011001001101100010101100001000001111011110010101
011100100110110001010110000100000111101111001010
001110010011011000101011000010000011110111100101
010111001001101100010101100001000001111011110010
001011100100110110001010110000100000111101111001
010101110010011011000101011000010000011110111100
001010111001001101100010101100001000001111011110
000101011100100110110001010110000100000111101111
010010101110010011011000101011000010000011110111
011001010111001001101100010101100001000001111011
011100101011100100110110001010110000100000111101
011110010101110010011011000101011000010000011110
001111001010111001001101100010101100001000001111
010111100101011100100110110001010110000100000111
011011110010101110010011011000101011000010000011
011101111001010111001001101100010101100001000001
011110111100101011100100110110001010110000100000
100000000000000000000000000000000000000000000000
110000100001101010001101100100111010100111101111
111000010000110101000110110010011101010011110111
111100001000011010100011011001001110101001111011
111110000100001101010001101100100111010100111101
111111000010000110101000110110010011101010011110
101111100001000011010100011011001001110101001111
110111110000100001101010001101100100111010100111
111011111000010000110101000110110010011101010011
111101111100001000011010100011011001001110101001
111110111110000100001101010001101100100111010100
101111011111000010000110101000110110010011101010
100111101111100001000011010100011011001001110101
110011110111110000100001101010001101100100111010
101001111011111000010000110101000110110010011101
110100111101111100001000011010100011011001001110
101010011110111110000100001101010001101100100111
110101001111011111000010000110101000110110010011
111010100111101111100001000011010100011011001001
111101010011110111110000100001101010001101100100
101110101001111011111000010000110101000110110010
100111010100111101111100001000011010100011011001
110011101010011110111110000100001101010001101100
101001110101001111011111000010000110101000110110
100100111010100111101111100001000011010100011011
110010011101010011110111110000100001101010001101
111001001110101001111011111000010000110101000110
101100100111010100111101111100001000011010100011
110110010011101010011110111110000100001101010001
111011001001110101001111011111000010000110101000
101101100100111010100111101111100001000011010100
100110110010011101010011110111110000100001101010
100011011001001110101001111011111000010000110101
110001101100100111010100111101111100001000011010
101000110110010011101010011110111110000100001101
110100011011001001110101001111011111000010000110
101010001101100100111010100111101111100001000011
110101000110110010011101010011110111110000100001
111010100011011001001110101001111011111000010000
101101010001101100100111010100111101111100001000
100110101000110110010011101010011110111110000100
100011010100011011001001110101001111011111000010
100001101010001101100100111010100111101111100001
110000110101000110110010011101010011110111110000
101000011010100011011001001110101001111011111000
100100001101010001101100100111010100111101111100
100010000110101000110110010011101010011110111110
100001000011010100011011001001110101001111011111
